0 0.4784217016029593 0.4197080291970803 0.04192355117139334 0.0851581508515815
0 0.4204685573366215 0.3978102189781022 0.04192355117139334 0.07542579075425791
0 0.16522811344019728 0.46715328467153283 0.03945745992601726 0.058394160583941604
0 0.15906288532675708 0.5316301703163017 0.029593094944512947 0.0705596107055961
0 0.12330456226880394 0.6143552311435523 0.036991368680641186 0.06569343065693431
0 0.15536374845869297 0.5924574209245742 0.05425400739827373 0.0705596107055961
0 0.1621454993834772 0.7153284671532847 0.04808877928483354 0.07785888077858881
0 0.1498150431565968 0.9379562043795621 0.040690505548705305 0.0705596107055961
0 0.6411837237977805 0.8600973236009732 0.051787916152897656 0.0948905109489051
0 0.4093711467324291 0.5827250608272506 0.04932182490752158 0.0851581508515815
1 0.2996300863131936 0.451338199513382 0.04438964241676942 0.07542579075425791
1 0.3785450061652281 0.5304136253041363 0.05672009864364982 0.072992700729927
1 0.28606658446362515 0.7287104622871047 0.05672009864364982 0.06569343065693431
1 0.5055487053020962 0.9294403892944039 0.04932182490752158 0.09732360097323602
1 0.25462392108508014 0.9416058394160584 0.0530209617755857 0.08759124087591241
1 0.19728729963008632 0.864963503649635 0.0468557336621455 0.08029197080291971
1 0.12946979038224415 0.8029197080291971 0.04932182490752158 0.07785888077858881
1 0.2527743526510481 0.683698296836983 0.04438964241676942 0.09732360097323602
1 0.2675709001233046 0.5644768856447688 0.05425400739827373 0.09732360097323602
1 0.25709001233045625 0.4562043795620438 0.04315659679408138 0.09002433090024331