0 0.7757879656160458 0.522196261682243 0.07449856733524356 0.1261682242990654
0 0.7428366762177651 0.35630841121495327 0.07163323782234957 0.11448598130841121
0 0.7177650429799427 0.25350467289719625 0.09025787965616046 0.15186915887850466
0 0.498567335243553 0.06425233644859812 0.07163323782234957 0.09813084112149532
0 0.44269340974212035 0.125 0.07449856733524356 0.1191588785046729
0 0.2342406876790831 0.37383177570093457 0.07593123209169055 0.12383177570093458
0 0.20630372492836677 0.5198598130841121 0.09025787965616046 0.1658878504672897
0 0.6977077363896849 0.1261682242990654 0.06876790830945559 0.12383177570093458
0 0.6833810888252149 0.17406542056074767 0.07163323782234957 0.12149532710280374
1 0.5816618911174785 0.8960280373831776 0.07163323782234957 0.1308411214953271
1 0.8123209169054442 0.764018691588785 0.06303724928366762 0.0794392523364486
1 0.5716332378223495 0.32710280373831774 0.08022922636103152 0.14018691588785046
1 0.5365329512893983 0.22313084112149534 0.07879656160458452 0.14953271028037382
1 0.5128939828080229 0.0969626168224299 0.07020057306590258 0.102803738317757