0 0.531578947368421 0.7557142857142857 0.11052631578947368 0.13714285714285715
0 0.525438596491228 0.8571428571428571 0.07543859649122807 0.11714285714285715
0 0.7543859649122807 0.29285714285714287 0.0824561403508772 0.10285714285714286
0 0.9210526315789473 0.29428571428571426 0.07017543859649122 0.12857142857142856
0 0.887719298245614 0.8528571428571429 0.09824561403508772 0.15142857142857144
0 0.6912280701754386 0.8 0.11228070175438597 0.13428571428571429
0 0.8991228070175439 0.42142857142857143 0.1 0.11428571428571428
0 0.9666666666666667 0.88 0.02456140350877193 0.09714285714285714
0 0.9903508771929824 0.29285714285714287 0.01929824561403509 0.10571428571428572
1 0.7114035087719298 0.42857142857142855 0.10877192982456141 0.14285714285714285
1 0.9228070175438596 0.78 0.08421052631578947 0.12285714285714286
1 0.7868421052631579 0.9471428571428572 0.04035087719298246 0.10571428571428572