0 0.0412280701754386 0.19857142857142857 0.05789473684210526 0.11428571428571428
0 0.4666666666666667 0.9085714285714286 0.08421052631578947 0.12571428571428572
0 0.5973684210526315 0.9085714285714286 0.07368421052631578 0.12285714285714286
0 0.6798245614035088 0.8914285714285715 0.09824561403508772 0.13714285714285715
0 0.8982456140350877 0.5557142857142857 0.054385964912280704 0.14
0 0.8763157894736842 0.42714285714285716 0.07543859649122807 0.13142857142857142
0 0.7763157894736842 0.8928571428571429 0.0824561403508772 0.07142857142857142
0 0.75 0.8642857142857143 0.08070175438596491 0.12285714285714286
1 0.02631578947368421 0.3142857142857143 0.05263157894736842 0.10285714285714286
1 0.16228070175438597 0.3457142857142857 0.06666666666666667 0.08857142857142856
1 0.27280701754385966 0.3985714285714286 0.0912280701754386 0.11428571428571428
1 0.26228070175438595 0.8928571428571429 0.07368421052631578 0.14
1 0.6833333333333333 0.5957142857142858 0.09649122807017543 0.13142857142857142
1 0.7710526315789473 0.5685714285714286 0.10701754385964912 0.12
1 0.8692982456140351 0.57 0.06315789473684211 0.12857142857142856
1 0.9859649122807017 0.5685714285714286 0.028070175438596492 0.09714285714285714
1 0.9377192982456141 0.05285714285714286 0.04035087719298246 0.10571428571428572