0 0.9198275862068965 0.8413705583756346 0.07413793103448275 0.13705583756345177
0 0.6775862068965517 0.9682741116751269 0.10344827586206896 0.06345177664974619
0 0.5758620689655173 0.9568527918781726 0.10689655172413794 0.08629441624365482
0 0.4068965517241379 0.8553299492385786 0.10689655172413794 0.13705583756345177
0 0.20689655172413793 0.07741116751269035 0.08103448275862069 0.116751269035533
0 0.20603448275862069 0.024111675126903553 0.08448275862068966 0.048223350253807105
1 0.8120689655172414 0.8109137055837563 0.09310344827586207 0.13451776649746192
1 0.8655172413793103 0.8921319796954315 0.09482758620689655 0.12690355329949238
1 0.8508620689655172 0.9809644670050761 0.07758620689655173 0.03807106598984772
1 0.631896551724138 0.8147208121827412 0.1 0.1446700507614213
1 0.41293103448275864 0.12563451776649745 0.12241379310344827 0.1700507614213198
1 0.1336206896551724 0.25253807106598986 0.09655172413793103 0.13451776649746192
1 0.1939655172413793 0.3210659898477157 0.0896551724137931 0.12436548223350254