0 0.29772727272727273 0.7995169082125604 0.06060606060606061 0.12077294685990338
0 0.22121212121212122 0.5676328502415459 0.07272727272727272 0.12077294685990338
0 0.19090909090909092 0.49879227053140096 0.07727272727272727 0.12077294685990338
0 0.13560606060606062 0.3031400966183575 0.07272727272727272 0.12077294685990338
0 0.5424242424242425 0.9214975845410628 0.07727272727272727 0.10386473429951691
0 0.5280303030303031 0.15579710144927536 0.08333333333333333 0.13768115942028986
0 0.7 0.14130434782608695 0.09545454545454546 0.15458937198067632
0 0.24848484848484848 0.5157004830917874 0.05909090909090909 0.10628019323671498
1 0.4022727272727273 0.9528985507246377 0.06515151515151515 0.09420289855072464
1 0.4696969696969697 0.7294685990338164 0.08636363636363636 0.12318840579710146
1 0.3234848484848485 0.7632850241545893 0.0803030303030303 0.11352657004830918
1 0.32196969696969696 0.4601449275362319 0.07575757575757576 0.13526570048309178
1 0.2628787878787879 0.24879227053140096 0.08181818181818182 0.12077294685990338
1 0.26515151515151514 0.17149758454106281 0.08484848484848485 0.1111111111111111
1 0.6446969696969697 0.821256038647343 0.07121212121212121 0.12077294685990338
1 0.5583333333333333 0.016908212560386472 0.09242424242424242 0.033816425120772944
1 0.42272727272727273 0.04468599033816425 0.0696969696969697 0.0893719806763285