0 0.5680473372781065 0.012971698113207548 0.07396449704142012 0.025943396226415096
0 0.41420118343195267 0.05306603773584906 0.0695266272189349 0.09198113207547169
0 0.36538461538461536 0.07311320754716981 0.06360946745562131 0.08018867924528301
0 0.2403846153846154 0.13797169811320756 0.0650887573964497 0.07311320754716981
0 0.783284023668639 0.18632075471698112 0.060650887573964495 0.1179245283018868
0 0.977810650887574 0.5294811320754716 0.04437869822485207 0.08726415094339622
0 0.42529585798816566 0.6698113207547169 0.08136094674556213 0.125
0 0.5318047337278107 0.8785377358490566 0.09319526627218935 0.14386792452830188
0 0.4289940828402367 0.9575471698113207 0.08284023668639054 0.08490566037735849
0 0.16420118343195267 0.3313679245283019 0.05621301775147929 0.10377358490566038
0 0.11094674556213018 0.2417452830188679 0.07248520710059171 0.09905660377358491
0 0.12721893491124261 0.20047169811320756 0.07692307692307693 0.08254716981132075
0 0.059911242603550297 0.33490566037735847 0.07100591715976332 0.12971698113207547
0 0.04142011834319527 0.5966981132075472 0.08136094674556213 0.16745283018867924
0 0.4068047337278107 0.11084905660377359 0.06360946745562131 0.08726415094339622
1 0.7078402366863905 0.024764150943396228 0.057692307692307696 0.049528301886792456
1 0.6486686390532544 0.2275943396226415 0.07100591715976332 0.1320754716981132
1 0.5687869822485208 0.04834905660377359 0.06656804733727811 0.09669811320754718
1 0.4297337278106509 0.23349056603773585 0.08136094674556213 0.11320754716981132
1 0.2943786982248521 0.3018867924528302 0.07100591715976332 0.12264150943396226
1 0.261094674556213 0.35495283018867924 0.06360946745562131 0.1320754716981132
1 0.8054733727810651 0.37028301886792453 0.07248520710059171 0.10613207547169812
1 0.3594674556213018 0.8290094339622641 0.08136094674556213 0.14386792452830188
1 0.22781065088757396 0.8797169811320755 0.08431952662721894 0.15330188679245282
1 0.07618343195266272 0.7452830188679245 0.07988165680473373 0.13443396226415094
1 0.022189349112426034 0.2688679245283019 0.04437869822485207 0.08490566037735849
1 0.11834319526627218 0.6450471698113207 0.09023668639053255 0.12028301886792453
1 0.1849112426035503 0.5801886792452831 0.07100591715976332 0.10613207547169812
1 0.30177514792899407 0.625 0.06360946745562131 0.11084905660377359