0 0.7270642201834863 0.8209459459459459 0.08409785932721713 0.12612612612612611
0 0.12232415902140673 0.8445945945945946 0.06116207951070336 0.06756756756756757
0 0.1559633027522936 0.8513513513513513 0.06116207951070336 0.07657657657657657
0 0.1452599388379205 0.7432432432432432 0.07339449541284404 0.13288288288288289
0 0.1926605504587156 0.5045045045045045 0.07186544342507645 0.13288288288288289
0 0.6192660550458715 0.11599099099099099 0.06422018348623854 0.0990990990990991
0 0.6720183486238532 0.10022522522522523 0.0672782874617737 0.10135135135135136
0 0.7782874617737003 0.13513513513513514 0.06574923547400612 0.08783783783783784
1 0.2545871559633027 0.786036036036036 0.07951070336391437 0.11936936936936937
1 0.6253822629969419 0.3885135135135135 0.09174311926605505 0.14864864864864866
1 0.7584097859327217 0.36599099099099097 0.07339449541284404 0.1036036036036036
1 0.5022935779816514 0.05518018018018018 0.07186544342507645 0.11036036036036036
1 0.4724770642201835 0.14076576576576577 0.0672782874617737 0.11036036036036036