0 0.993421052631579 0.600828729281768 0.013157894736842105 0.1464088397790055
0 0.7885338345864662 0.7168508287292817 0.09398496240601503 0.13812154696132597
0 0.20958646616541354 0.17679558011049723 0.06578947368421052 0.1408839779005525
0 0.014097744360902255 0.2776243093922652 0.02819548872180451 0.10773480662983426
0 0.5 0.9516574585635359 0.08646616541353383 0.09668508287292818
1 0.9689849624060151 0.19889502762430938 0.02819548872180451 0.1408839779005525
1 0.4924812030075188 0.6685082872928176 0.11278195488721804 0.16298342541436464
1 0.43139097744360905 0.058011049723756904 0.08646616541353383 0.1132596685082873
1 0.17293233082706766 0.21132596685082872 0.08270676691729323 0.13259668508287292
1 0.05451127819548872 0.7817679558011049 0.07330827067669173 0.11602209944751381
1 0.15977443609022557 0.7955801104972375 0.08458646616541353 0.11878453038674033
1 0.7302631578947368 0.8370165745856354 0.09398496240601503 0.13259668508287292
1 0.9135338345864662 0.6906077348066298 0.09586466165413533 0.12154696132596685
1 0.9736842105263158 0.7071823204419889 0.05263157894736842 0.12154696132596685