0 0.20419254658385094 0.0860655737704918 0.07298136645962733 0.13387978142076504
0 0.5100931677018633 0.5983606557377049 0.07919254658385093 0.11202185792349727
0 0.5077639751552795 0.6598360655737705 0.06987577639751552 0.11748633879781421
0 0.7282608695652174 0.6010928961748634 0.06677018633540373 0.12295081967213115
0 0.6583850931677019 0.6475409836065574 0.06366459627329192 0.09836065573770492
0 0.8843167701863354 0.27459016393442626 0.055900621118012424 0.07103825136612021
0 0.8159937888198758 0.2527322404371585 0.06055900621118013 0.10655737704918032
0 0.6218944099378882 0.22131147540983606 0.07763975155279502 0.13387978142076504
1 0.3695652173913043 0.04234972677595628 0.07763975155279502 0.08469945355191257
1 0.33773291925465837 0.6256830601092896 0.06521739130434782 0.1284153005464481
1 0.5194099378881988 0.523224043715847 0.08074534161490683 0.15027322404371585
1 0.6638198757763976 0.7281420765027322 0.06677018633540373 0.12568306010928962
1 0.8144409937888198 0.7868852459016393 0.062111801242236024 0.12295081967213115
1 0.8175465838509317 0.35792349726775957 0.07142857142857142 0.14207650273224043
1 0.6490683229813664 0.12978142076502733 0.07142857142857142 0.1366120218579235
1 0.9728260869565217 0.4385245901639344 0.05434782608695652 0.13387978142076504