0 0.2222222222222222 0.06481481481481481 0.07507507507507508 0.0873015873015873
0 0.7732732732732732 0.06084656084656084 0.06756756756756757 0.06349206349206349
0 0.743993993993994 0.05423280423280423 0.05105105105105105 0.05555555555555555
0 0.5608108108108109 0.1917989417989418 0.06456456456456457 0.082010582010582
0 0.9061561561561562 0.503968253968254 0.06306306306306306 0.10052910052910052
0 0.9354354354354354 0.6283068783068783 0.05855855855855856 0.09523809523809523
0 0.5157657657657657 0.6534391534391535 0.06306306306306306 0.10846560846560846
0 0.506006006006006 0.7473544973544973 0.06156156156156156 0.10317460317460317
1 0.14864864864864866 0.32142857142857145 0.06306306306306306 0.09788359788359788
1 0.5675675675675675 0.0873015873015873 0.04504504504504504 0.10052910052910052
1 0.9669669669669669 0.11375661375661375 0.05405405405405406 0.10317460317460317
1 0.9647147147147147 0.23148148148148148 0.07057057057057058 0.07671957671957672
1 0.9136636636636637 0.20767195767195767 0.052552552552552555 0.11375661375661375
1 0.759009009009009 0.21031746031746032 0.05405405405405406 0.10846560846560846
1 0.6996996996996997 0.6243386243386243 0.046546546546546545 0.11904761904761904
1 0.7777777777777778 0.6137566137566137 0.04504504504504504 0.10582010582010581
1 0.4039039039039039 0.7896825396825397 0.042042042042042045 0.082010582010582