0 0.44148936170212766 0.40657894736842104 0.06382978723404255 0.10789473684210527
0 0.38763297872340424 0.425 0.05851063829787234 0.10526315789473684
0 0.13696808510638298 0.6486842105263158 0.057180851063829786 0.08421052631578947
0 0.1535904255319149 0.7236842105263158 0.05452127659574468 0.11842105263157894
0 0.13696808510638298 0.8065789473684211 0.0678191489361702 0.1368421052631579
0 0.11569148936170212 0.8526315789473684 0.06515957446808511 0.10263157894736842
0 0.18085106382978725 0.9171052631578948 0.07712765957446809 0.13157894736842105
0 0.6954787234042553 0.8039473684210526 0.0625 0.13157894736842105
0 0.40558510638297873 0.631578947368421 0.07180851063829788 0.12631578947368421
1 0.5585106382978723 0.925 0.06382978723404255 0.12631578947368421
1 0.3065159574468085 0.8592105263157894 0.06648936170212766 0.11315789473684211
1 0.2533244680851064 0.8263157894736842 0.06515957446808511 0.13421052631578947
1 0.2553191489361702 0.7052631578947368 0.07712765957446809 0.15
1 0.2327127659574468 0.5828947368421052 0.0598404255319149 0.10789473684210527
1 0.27726063829787234 0.5631578947368421 0.05851063829787234 0.12105263157894737
1 0.3650265957446808 0.5763157894736842 0.06382978723404255 0.12368421052631579