0 0.706997084548105 0.2878787878787879 0.061224489795918366 0.10353535353535354
0 0.6669096209912536 0.3181818181818182 0.06705539358600583 0.11363636363636363
0 0.8571428571428571 0.61489898989899 0.0641399416909621 0.10101010101010101
0 0.8053935860058309 0.6994949494949495 0.07142857142857142 0.09090909090909091
0 0.9088921282798834 0.7891414141414141 0.0641399416909621 0.09848484848484848
0 0.4606413994169096 0.9027777777777778 0.07142857142857142 0.10858585858585859
0 0.21137026239067055 0.9482323232323232 0.07580174927113703 0.10353535353535354
0 0.16399416909620992 0.9090909090909091 0.05539358600583091 0.09848484848484848
0 0.08892128279883382 0.38636363636363635 0.08454810495626822 0.10353535353535354
1 0.9300291545189504 0.21843434343434343 0.056851311953352766 0.10353535353535354
1 0.47303206997084546 0.3143939393939394 0.052478134110787174 0.11868686868686869
1 0.12463556851311954 0.125 0.07142857142857142 0.08333333333333333
1 0.10932944606413994 0.6931818181818182 0.0728862973760933 0.10606060606060606
1 0.24416909620991253 0.6085858585858586 0.06997084548104957 0.08080808080808081
1 0.6756559766763849 0.8585858585858586 0.056851311953352766 0.09595959595959595
1 0.7099125364431487 0.8484848484848485 0.05830903790087463 0.10101010101010101
1 0.7011661807580175 0.3952020202020202 0.06851311953352769 0.08838383838383838
1 0.7543731778425656 0.3409090909090909 0.06851311953352769 0.09090909090909091