0 0.5541825095057035 0.8791390728476821 0.0779467680608365 0.12251655629139073
0 0.4828897338403042 0.8741721854304636 0.08935361216730038 0.1456953642384106
0 0.26045627376425856 0.793046357615894 0.08935361216730038 0.1291390728476821
0 0.8802281368821293 0.16390728476821192 0.08745247148288973 0.1357615894039735
0 0.5313688212927756 0.016556291390728478 0.08555133079847908 0.033112582781456956
1 0.973384030418251 0.1870860927152318 0.053231939163498096 0.10264900662251655
1 0.8678707224334601 0.3162251655629139 0.08745247148288973 0.11589403973509933
1 0.6188212927756654 0.1076158940397351 0.10076045627376426 0.1390728476821192
1 0.028517110266159697 0.4867549668874172 0.057034220532319393 0.13245033112582782
1 0.24049429657794677 0.5562913907284768 0.08935361216730038 0.1456953642384106
1 0.7937262357414449 0.8956953642384106 0.09695817490494296 0.12582781456953643
1 0.8640684410646388 0.8940397350993378 0.08745247148288973 0.1456953642384106