0 0.341820987654321 0.5134408602150538 0.07716049382716049 0.11827956989247312
0 0.3819444444444444 0.11155913978494623 0.07716049382716049 0.13709677419354838
0 0.3101851851851852 0.2513440860215054 0.06172839506172839 0.0967741935483871
0 0.6820987654320988 0.10080645161290322 0.06790123456790123 0.11559139784946236
0 0.5972222222222222 0.13709677419354838 0.06327160493827161 0.11559139784946236
0 0.6381172839506173 0.7365591397849462 0.07098765432098765 0.12365591397849462
1 0.3595679012345679 0.8669354838709677 0.08333333333333333 0.11827956989247312
1 0.466820987654321 0.8104838709677419 0.05401234567901234 0.12634408602150538
1 0.3433641975308642 0.3817204301075269 0.07098765432098765 0.0913978494623656
1 0.2515432098765432 0.14112903225806453 0.047839506172839504 0.0913978494623656
1 0.7260802469135802 0.4529569892473118 0.06481481481481481 0.09946236559139784
1 0.6165123456790124 0.9422043010752689 0.07098765432098765 0.10483870967741936