0 0.49421128798842257 0.25879396984924624 0.06657018813314038 0.1306532663316583
0 0.28002894356005786 0.34296482412060303 0.07670043415340087 0.1306532663316583
0 0.3516642547033285 0.2198492462311558 0.05499276410998553 0.10301507537688442
0 0.2894356005788712 0.8316582914572864 0.06512301013024602 0.11557788944723618
0 0.30463096960926195 0.6922110552763819 0.06512301013024602 0.10804020100502512
0 0.6287988422575976 0.7298994974874372 0.06801736613603473 0.11809045226130653
0 0.926917510853835 0.7110552763819096 0.049204052098408106 0.09045226130653267
0 0.9073806078147613 0.3756281407035176 0.07525325615050651 0.09045226130653267
0 0.8806078147612156 0.2989949748743719 0.059334298118668596 0.10552763819095477
1 0.6852387843704776 0.271356783919598 0.06801736613603473 0.1407035175879397
1 0.6599131693198264 0.4472361809045226 0.0694645441389291 0.09296482412060302
1 0.4232995658465991 0.2675879396984925 0.05209840810419682 0.12060301507537688
1 0.28798842257597684 0.11055276381909548 0.05499276410998553 0.12060301507537688
1 0.1736613603473227 0.3655778894472362 0.06367583212735166 0.11557788944723618
1 0.11287988422575977 0.7273869346733668 0.06222865412445731 0.11557788944723618
1 0.48118668596237335 0.8869346733668342 0.056439942112879886 0.10804020100502512
1 0.8263386396526773 0.7952261306532663 0.060781476121562955 0.10050251256281408
1 0.7387843704775687 0.6846733668341709 0.059334298118668596 0.11809045226130653
1 0.9182344428364689 0.6331658291457286 0.07959479015918958 0.09045226130653267