0 0.23094512195121952 0.9846491228070176 0.056402439024390245 0.03070175438596491
0 0.2782012195121951 0.3541666666666667 0.051829268292682924 0.1425438596491228
0 0.5251524390243902 0.4440789473684211 0.08841463414634146 0.1118421052631579
0 0.7682926829268293 0.5942982456140351 0.057926829268292686 0.09210526315789473
0 0.6867378048780488 0.13048245614035087 0.041158536585365856 0.05921052631578947
1 0.30335365853658536 0.9703947368421053 0.054878048780487805 0.05921052631578947
1 0.4557926829268293 0.37390350877192985 0.0625 0.11403508771929824
1 0.24847560975609756 0.07236842105263158 0.057926829268292686 0.06359649122807018
1 0.7004573170731707 0.5822368421052632 0.06097560975609756 0.10307017543859649
1 0.6814024390243902 0.3607456140350877 0.07774390243902439 0.1074561403508772
1 0.7096036585365854 0.29714912280701755 0.054878048780487805 0.07675438596491228