0 0.4930747922437673 0.7240990990990991 0.07340720221606649 0.12162162162162163
0 0.5969529085872576 0.9853603603603603 0.0664819944598338 0.02927927927927928
0 0.35941828254847646 0.6441441441441441 0.08587257617728532 0.14414414414414414
0 0.33725761772853186 0.6204954954954955 0.1038781163434903 0.16666666666666666
0 0.32132963988919666 0.8243243243243243 0.07479224376731301 0.12387387387387387
0 0.03462603878116344 0.4831081081081081 0.06925207756232687 0.14189189189189189
0 0.0664819944598338 0.42792792792792794 0.08587257617728532 0.14189189189189189
0 0.07825484764542937 0.34684684684684686 0.07756232686980609 0.13288288288288289
0 0.09349030470914127 0.08108108108108109 0.07063711911357341 0.13063063063063063
0 0.2984764542936288 0.04954954954954955 0.09556786703601108 0.0990990990990991
0 0.43975069252077564 0.033783783783783786 0.08725761772853186 0.06756756756756757
0 0.5373961218836565 0.268018018018018 0.09141274238227147 0.15765765765765766
0 0.5734072022160664 0.10585585585585586 0.09695290858725762 0.15315315315315314
1 0.7770083102493075 0.7004504504504504 0.060941828254847646 0.09234234234234234
1 0.7167590027700831 0.6858108108108109 0.0664819944598338 0.1036036036036036
1 0.5851800554016621 0.9301801801801802 0.060941828254847646 0.0990990990990991
1 0.453601108033241 0.918918918918919 0.08587257617728532 0.13963963963963963
1 0.5554016620498615 0.4797297297297297 0.0817174515235457 0.13063063063063063
1 0.31509695290858725 0.27364864864864863 0.10526315789473684 0.16891891891891891
1 0.37534626038781166 0.1891891891891892 0.09002770083102493 0.15765765765765766
1 0.3185595567867036 0.17342342342342343 0.09833795013850416 0.16216216216216217
1 0.36426592797783935 0.07545045045045046 0.0886426592797784 0.15090090090090091
1 0.510387811634349 0.018018018018018018 0.062326869806094184 0.036036036036036036
1 0.1481994459833795 0.016891891891891893 0.07202216066481995 0.033783783783783786
1 0.18698060941828254 0.21058558558558557 0.08033240997229917 0.12612612612612611
1 0.24653739612188366 0.36486486486486486 0.10526315789473684 0.17117117117117117
1 0.16274238227146814 0.6216216216216216 0.0817174515235457 0.13963963963963963
1 0.21329639889196675 0.6666666666666666 0.09279778393351801 0.1554054054054054