0 0.5727002967359051 0.5032188841201717 0.06231454005934718 0.09012875536480687
0 0.47997032640949555 0.23283261802575106 0.09940652818991098 0.12875536480686695
0 0.8219584569732937 0.3669527896995708 0.05934718100890208 0.09012875536480687
0 0.5890207715133531 0.8680257510729614 0.07863501483679525 0.0944206008583691
0 0.6468842729970327 0.9152360515021459 0.08011869436201781 0.10944206008583691
0 0.7744807121661721 0.5053648068669528 0.06676557863501484 0.10944206008583691
0 0.922106824925816 0.4946351931330472 0.07566765578635015 0.08583690987124463
0 0.9480712166172107 0.619098712446352 0.0712166172106825 0.09012875536480687
0 0.9725519287833828 0.5804721030042919 0.05489614243323442 0.07939914163090128
1 0.9206231454005934 0.8175965665236051 0.04747774480712166 0.06866952789699571
1 0.865727002967359 0.8358369098712446 0.05637982195845697 0.07510729613733906
1 0.8894658753709199 0.7843347639484979 0.06676557863501484 0.0944206008583691
1 0.8375370919881305 0.7199570815450643 0.06676557863501484 0.09012875536480687
1 0.9028189910979229 0.630901287553648 0.06973293768545995 0.11158798283261803
1 0.6869436201780416 0.23283261802575106 0.09940652818991098 0.15450643776824036
1 0.516320474777448 0.17167381974248927 0.09050445103857567 0.12875536480686695
1 0.521513353115727 0.5772532188841202 0.09792284866468842 0.14163090128755365
1 0.6624629080118695 0.6405579399141631 0.09347181008902077 0.1223175965665236
1 0.7381305637982196 0.6899141630901288 0.08456973293768547 0.11802575107296137