0 0.2326007326007326 0.4973404255319149 0.0989010989010989 0.1356382978723404
0 0.6483516483516484 0.8324468085106383 0.09523809523809523 0.19414893617021275
0 0.934981684981685 0.25132978723404253 0.10073260073260074 0.19946808510638298
0 0.9597069597069597 0.6143617021276596 0.08058608058608059 0.17553191489361702
0 0.6813186813186813 0.1449468085106383 0.11721611721611722 0.17553191489361702
0 0.6126373626373627 0.06515957446808511 0.08241758241758242 0.13031914893617022
1 0.17673992673992675 0.8789893617021277 0.10805860805860806 0.10904255319148937
1 0.2967032967032967 0.9361702127659575 0.0989010989010989 0.1276595744680851
1 0.4935897435897436 0.9587765957446809 0.07875457875457875 0.08244680851063829
1 0.9285714285714286 0.5877659574468085 0.09157509157509157 0.18882978723404256
1 0.7774725274725275 0.5452127659574468 0.07509157509157509 0.13031914893617022