0 0.13434903047091412 0.1768018018018018 0.045706371191135735 0.06531531531531531
0 0.2098337950138504 0.3130630630630631 0.05263157894736842 0.06756756756756757
0 0.19667590027700832 0.3918918918918919 0.03462603878116344 0.06306306306306306
0 0.3808864265927978 0.25900900900900903 0.07063711911357341 0.0945945945945946
0 0.03254847645429363 0.7916666666666666 0.04155124653739612 0.04279279279279279
0 0.21606648199445982 0.7972972972972973 0.0443213296398892 0.11036036036036036
0 0.4916897506925208 0.8907657657657657 0.04155124653739612 0.10810810810810811
0 0.5914127423822715 0.8468468468468469 0.08587257617728532 0.07657657657657657
0 0.5650969529085873 0.27702702702702703 0.07063711911357341 0.10810810810810811
0 0.5311634349030471 0.0686936936936937 0.06509695290858726 0.08333333333333333
0 0.8795013850415513 0.0777027027027027 0.060941828254847646 0.09684684684684684
0 0.7486149584487535 0.15653153153153154 0.08310249307479224 0.13063063063063063
0 0.8774238227146814 0.2747747747747748 0.06925207756232687 0.1036036036036036
0 0.8393351800554016 0.7162162162162162 0.05124653739612189 0.10810810810810811
1 0.05817174515235457 0.30743243243243246 0.04709141274238227 0.07882882882882883
1 0.011772853185595568 0.6295045045045045 0.023545706371191136 0.07882882882882883
1 0.3171745152354571 0.47072072072072074 0.05955678670360111 0.0945945945945946
1 0.2458448753462604 0.26126126126126126 0.060941828254847646 0.0945945945945946
1 0.139196675900277 0.2849099099099099 0.04986149584487535 0.09684684684684684
1 0.37534626038781166 0.7984234234234234 0.06371191135734072 0.11261261261261261
1 0.33725761772853186 0.9031531531531531 0.054016620498614956 0.06756756756756757
1 0.7264542936288089 0.5461711711711712 0.08033240997229917 0.12387387387387387
1 0.7513850415512465 0.6599099099099099 0.060941828254847646 0.09234234234234234
1 0.7666204986149584 0.4650900900900901 0.05817174515235457 0.13288288288288289
1 0.9840720221606648 0.4650900900900901 0.03185595567867036 0.11036036036036036
1 0.6994459833795014 0.33783783783783783 0.06925207756232687 0.10135135135135136
1 0.7188365650969529 0.21621621621621623 0.06509695290858726 0.11711711711711711
1 0.711218836565097 0.07207207207207207 0.05955678670360111 0.07882882882882883
1 0.899584487534626 0.18693693693693694 0.04155124653739612 0.11036036036036036
1 0.4556786703601108 0.0990990990990991 0.062326869806094184 0.08108108108108109