0 0.26666666666666666 0.3215909090909091 0.06333333333333334 0.1159090909090909
0 0.31416666666666665 0.3306818181818182 0.07833333333333334 0.1431818181818182
0 0.2733333333333333 0.7113636363636363 0.03333333333333333 0.12272727272727273
0 0.6425 0.7102272727272727 0.085 0.12045454545454545
0 0.7641666666666667 0.8193181818181818 0.08833333333333333 0.075
1 0.7791666666666667 0.6090909090909091 0.065 0.06363636363636363
1 0.7925 0.5181818181818182 0.06833333333333333 0.08181818181818182
1 0.37416666666666665 0.6193181818181818 0.06166666666666667 0.075
1 0.25833333333333336 0.575 0.07666666666666666 0.08636363636363636
1 0.24416666666666667 0.075 0.07833333333333334 0.07272727272727272
1 0.205 0.03409090909090909 0.08333333333333333 0.06363636363636363