0 0.33641975308641975 0.4492924528301887 0.07561728395061729 0.12971698113207547
0 0.39891975308641975 0.37971698113207547 0.08641975308641975 0.11556603773584906
0 0.2337962962962963 0.4858490566037736 0.08179012345679013 0.12264150943396226
0 0.45524691358024694 0.9858490566037735 0.06481481481481481 0.02830188679245283
0 0.7029320987654321 0.7794811320754716 0.06327160493827161 0.09669811320754718
0 0.8078703703703703 0.7205188679245284 0.06635802469135803 0.09433962264150944
0 0.7515432098765432 0.6981132075471698 0.07407407407407407 0.08726415094339622
0 0.7337962962962963 0.3584905660377358 0.08796296296296297 0.1391509433962264
0 0.6628086419753086 0.20518867924528303 0.08950617283950617 0.12971698113207547
0 0.5686728395061729 0.0294811320754717 0.0787037037037037 0.0589622641509434
0 0.5223765432098766 0.05660377358490566 0.07561728395061729 0.11320754716981132
1 0.2638888888888889 0.15212264150943397 0.08950617283950617 0.1320754716981132
1 0.1697530864197531 0.15566037735849056 0.07716049382716049 0.09905660377358491
1 0.31867283950617287 0.07547169811320754 0.09567901234567901 0.07547169811320754
1 0.40046296296296297 0.04834905660377359 0.06172839506172839 0.06839622641509434
1 0.7283950617283951 0.04009433962264151 0.07407407407407407 0.08018867924528301
1 0.7777777777777778 0.4056603773584906 0.08641975308641975 0.11084905660377359