0 0.7977611940298508 0.9085365853658537 0.06417910447761194 0.0951219512195122
0 0.6835820895522388 0.7878048780487805 0.0626865671641791 0.1
0 0.6119402985074627 0.24390243902439024 0.07014925373134329 0.14634146341463414
0 0.417910447761194 0.012195121951219513 0.0626865671641791 0.024390243902439025
0 0.30970149253731344 0.03414634146341464 0.0880597014925373 0.06829268292682927
0 0.0880597014925373 0.0975609756097561 0.08358208955223881 0.11463414634146342
0 0.05298507462686567 0.5621951219512196 0.07462686567164178 0.15609756097560976
0 0.16567164179104477 0.6804878048780488 0.05970149253731343 0.11951219512195121
0 0.3253731343283582 0.348780487804878 0.0791044776119403 0.12926829268292683
0 0.32985074626865674 0.23780487804878048 0.07164179104477612 0.1073170731707317
0 0.23656716417910448 0.03170731707317073 0.08507462686567165 0.06341463414634146
1 0.8194029850746268 0.48048780487804876 0.06865671641791045 0.11219512195121951
1 0.7395522388059701 0.5121951219512195 0.07761194029850746 0.11951219512195121
1 0.682089552238806 0.4634146341463415 0.08656716417910448 0.11707317073170732
1 0.8805970149253731 0.8853658536585366 0.05522388059701493 0.08292682926829269
1 0.5440298507462686 0.8670731707317073 0.06716417910447761 0.10975609756097561
1 0.27761194029850744 0.5560975609756098 0.08208955223880597 0.16829268292682928
1 0.018656716417910446 0.6207317073170732 0.03731343283582089 0.0951219512195122
1 0.03731343283582089 0.4841463414634146 0.07462686567164178 0.12439024390243902
1 0.10970149253731343 0.25365853658536586 0.07164179104477612 0.17073170731707318
1 0.14477611940298507 0.09024390243902439 0.06119402985074627 0.13658536585365855
1 0.08582089552238806 0.042682926829268296 0.06119402985074627 0.08536585365853659
1 0.44402985074626866 0.2682926829268293 0.07761194029850746 0.12682926829268293
1 0.42313432835820897 0.08902439024390243 0.08507462686567165 0.16829268292682928