0 0.3344947735191638 0.7314285714285714 0.08885017421602788 0.1457142857142857
0 0.2421602787456446 0.61 0.08362369337979095 0.11142857142857143
0 0.7177700348432056 0.22 0.059233449477351915 0.12
0 0.7325783972125436 0.04 0.04006968641114982 0.08
0 0.6385017421602788 0.1357142857142857 0.06097560975609756 0.11428571428571428
0 0.8083623693379791 0.6514285714285715 0.04529616724738676 0.10857142857142857
0 0.49390243902439024 0.48857142857142855 0.08188153310104529 0.11714285714285715
0 0.5871080139372822 0.4442857142857143 0.06445993031358885 0.11428571428571428
0 0.6358885017421603 0.4157142857142857 0.08885017421602788 0.12285714285714286
0 0.7796167247386759 0.29285714285714287 0.024390243902439025 0.11142857142857143
1 0.4076655052264808 0.42 0.07491289198606271 0.13428571428571429
1 0.3475609756097561 0.9728571428571429 0.08536585365853659 0.054285714285714284
1 0.7151567944250871 0.7642857142857142 0.08710801393728224 0.14857142857142858
1 0.8127177700348432 0.5971428571428572 0.041811846689895474 0.12
1 0.7578397212543554 0.43857142857142856 0.07665505226480836 0.11714285714285715
1 0.7073170731707317 0.4042857142857143 0.06968641114982578 0.14285714285714285
1 0.6907665505226481 0.09142857142857143 0.078397212543554 0.12857142857142856
1 0.5644599303135889 0.8257142857142857 0.09059233449477352 0.14857142857142858
1 0.40331010452961674 0.8757142857142857 0.10452961672473868 0.15714285714285714