0 0.011450381679389313 0.39185393258426965 0.022900763358778626 0.08146067415730338
0 0.06583969465648855 0.7794943820224719 0.08969465648854962 0.0898876404494382
0 0.4198473282442748 0.48174157303370785 0.10114503816793893 0.13202247191011235
0 0.4036259541984733 0.25140449438202245 0.10114503816793893 0.15730337078651685
0 0.366412213740458 0.16853932584269662 0.10877862595419847 0.1797752808988764
0 0.8482824427480916 0.3047752808988764 0.10687022900763359 0.18258426966292135
0 0.5019083969465649 0.5056179775280899 0.09732824427480916 0.19662921348314608
0 0.4818702290076336 0.6980337078651685 0.09923664122137404 0.1853932584269663
0 0.7719465648854962 0.8651685393258427 0.08015267175572519 0.11235955056179775
0 0.6851145038167938 0.8848314606741573 0.08778625954198473 0.15168539325842698
1 0.04866412213740458 0.1404494382022472 0.05534351145038168 0.09269662921348315
1 0.6450381679389313 0.05337078651685393 0.0916030534351145 0.10674157303370786
1 0.6889312977099237 0.18679775280898878 0.10305343511450382 0.17415730337078653
1 0.5543893129770993 0.37640449438202245 0.07633587786259542 0.12078651685393259
1 0.8062977099236641 0.49859550561797755 0.09541984732824428 0.1544943820224719
1 0.958969465648855 0.6587078651685393 0.08206106870229007 0.15730337078651685
1 0.7557251908396947 0.75 0.09351145038167939 0.1404494382022472
1 0.4599236641221374 0.8497191011235955 0.09351145038167939 0.14325842696629212
1 0.32538167938931295 0.5589887640449438 0.09541984732824428 0.12359550561797752
1 0.11450381679389313 0.5533707865168539 0.09351145038167939 0.10393258426966293
1 0.1316793893129771 0.4789325842696629 0.09351145038167939 0.09550561797752809
1 0.22041984732824427 0.29775280898876405 0.10114503816793893 0.14325842696629212