0 0.3959677419354839 0.2780373831775701 0.11612903225806452 0.1588785046728972
0 0.5161290322580645 0.1810747663551402 0.08387096774193549 0.1542056074766355
0 0.6967741935483871 0.8504672897196262 0.0935483870967742 0.07242990654205607
0 0.7709677419354839 0.8633177570093458 0.08548387096774193 0.06542056074766354
0 0.9217741935483871 0.9217289719626168 0.08387096774193549 0.10747663551401869
0 0.9887096774193549 0.46261682242990654 0.02258064516129032 0.0514018691588785
0 0.9919354838709677 0.3364485981308411 0.016129032258064516 0.08411214953271028
0 0.9330645161290323 0.3119158878504673 0.07096774193548387 0.07476635514018691
0 0.8048387096774193 0.2675233644859813 0.06451612903225806 0.11682242990654206
1 0.9637096774193549 0.6507009345794392 0.05806451612903226 0.056074766355140186
1 0.832258064516129 0.5969626168224299 0.08225806451612903 0.09579439252336448
1 0.7548387096774194 0.5011682242990654 0.07903225806451612 0.07242990654205607
1 0.9508064516129032 0.5268691588785047 0.06129032258064516 0.04439252336448598
1 0.9185483870967742 0.5128504672897196 0.041935483870967745 0.07710280373831775
1 0.8709677419354839 0.5338785046728972 0.07419354838709677 0.06542056074766354
1 0.6701612903225806 0.1764018691588785 0.04838709677419355 0.1308411214953271
1 0.19596774193548386 0.0514018691588785 0.07903225806451612 0.102803738317757