0 0.58 0.08520179372197309 0.08307692307692308 0.1031390134529148
0 0.49230769230769234 0.13565022421524664 0.10307692307692308 0.13004484304932734
0 0.8223076923076923 0.6233183856502242 0.09076923076923077 0.1412556053811659
0 0.4153846153846154 0.41591928251121074 0.1123076923076923 0.15695067264573992
0 0.3330769230769231 0.3609865470852018 0.1123076923076923 0.17488789237668162
0 0.2376923076923077 0.29035874439461884 0.10923076923076923 0.16367713004484305
0 0.15153846153846154 0.7073991031390134 0.14307692307692307 0.19955156950672645
0 0.563076923076923 0.8710762331838565 0.12153846153846154 0.1681614349775785
0 0.5376923076923077 0.7757847533632287 0.13076923076923078 0.18161434977578475
1 0.5 0.5 1 1
1 0.6607692307692308 0.2937219730941704 0.09538461538461539 0.11659192825112108
1 0.5746153846153846 0.4125560538116592 0.10307692307692308 0.13452914798206278
1 0.6592307692307692 0.7937219730941704 0.10923076923076923 0.16591928251121077
1 0.5246153846153846 0.7118834080717489 0.08923076923076922 0.11883408071748879
1 0.28846153846153844 0.8150224215246636 0.1276923076923077 0.18161434977578475
1 0.31076923076923074 0.9697309417040358 0.08923076923076922 0.06053811659192825
1 0.15307692307692308 0.6446188340807175 0.10307692307692308 0.16367713004484305
1 0.05307692307692308 0.5717488789237668 0.10615384615384615 0.17937219730941703