0 0.3789855072463768 0.21146245059288538 0.05217391304347826 0.09683794466403162
0 0.7384057971014493 0.2490118577075099 0.06376811594202898 0.041501976284584984
0 0.7797101449275362 0.6353754940711462 0.059420289855072465 0.08102766798418973
0 0.6347826086956522 0.7539525691699605 0.057971014492753624 0.10869565217391304
0 0.6768115942028986 0.8102766798418972 0.057971014492753624 0.08498023715415019
0 0.3079710144927536 0.1907114624505929 0.04927536231884058 0.116600790513834
0 0.3 0.09288537549407115 0.05652173913043478 0.08498023715415019
0 0.07753623188405798 0.13537549407114624 0.06086956521739131 0.09881422924901186
0 0.21666666666666667 0.31126482213438733 0.06666666666666667 0.07509881422924901
1 0.02826086956521739 0.5 0.0463768115942029 0.07114624505928854
1 0.0746376811594203 0.5118577075098815 0.06376811594202898 0.0691699604743083
1 0.08695652173913043 0.3458498023715415 0.06956521739130435 0.05533596837944664
1 0.1855072463768116 0.25296442687747034 0.05507246376811594 0.08102766798418973
1 0.1463768115942029 0.1432806324110672 0.057971014492753624 0.06521739130434782
1 0.09202898550724638 0.07707509881422925 0.0536231884057971 0.06719367588932806
1 0.5782608695652174 0.15612648221343872 0.043478260869565216 0.08300395256916997
1 0.7427536231884058 0.40118577075098816 0.050724637681159424 0.07312252964426877
1 0.8072463768115942 0.4140316205533597 0.057971014492753624 0.05731225296442688
1 0.7833333333333333 0.6798418972332015 0.04492753623188406 0.05731225296442688
1 0.7782608695652173 0.7895256916996047 0.030434782608695653 0.08893280632411067