0 0.7356418918918919 0.47317073170731705 0.06587837837837837 0.1
0 0.6655405405405406 0.6109756097560975 0.04391891891891892 0.07804878048780488
0 0.6537162162162162 0.7317073170731707 0.048986486486486486 0.1048780487804878
0 0.6410472972972973 0.9536585365853658 0.057432432432432436 0.09024390243902439
0 0.5489864864864865 0.6341463414634146 0.04560810810810811 0.06097560975609756
1 0.5709459459459459 0.39390243902439026 0.07094594594594594 0.11951219512195121
1 0.504222972972973 0.5451219512195122 0.06587837837837837 0.1
1 0.38682432432432434 0.675609756097561 0.06756756756756757 0.0975609756097561
1 0.4839527027027027 0.724390243902439 0.060810810810810814 0.0975609756097561
1 0.1875 0.18048780487804877 0.03885135135135135 0.1024390243902439
1 0.3530405405405405 0.30853658536585366 0.0929054054054054 0.11951219512195121