0 0.311284046692607 0.09707446808510638 0.10311284046692606 0.1595744680851064
0 0.20038910505836577 0.6063829787234043 0.13424124513618677 0.14361702127659576
0 0.6682879377431906 0.21808510638297873 0.07003891050583658 0.10638297872340426
0 0.6809338521400778 0.3271276595744681 0.10311284046692606 0.1622340425531915
0 0.9027237354085603 0.7327127659574468 0.08171206225680934 0.14095744680851063
1 0.053501945525291826 0.061170212765957445 0.042801556420233464 0.0851063829787234
1 0.10700389105058365 0.08111702127659574 0.06614785992217899 0.12234042553191489
1 0.22762645914396887 0.14893617021276595 0.07782101167315175 0.11170212765957446
1 0.21108949416342412 0.2327127659574468 0.09727626459143969 0.09308510638297872
1 0.45622568093385213 0.1768617021276596 0.07198443579766536 0.1276595744680851
1 0.45233463035019456 0.31117021276595747 0.06420233463035019 0.12234042553191489
1 0.8103112840466926 0.4627659574468085 0.08171206225680934 0.09574468085106383
1 0.8200389105058365 0.9627659574468085 0.08754863813229571 0.07446808510638298