0 0.013071895424836602 0.2845982142857143 0.026143790849673203 0.11830357142857142
0 0.01715686274509804 0.3247767857142857 0.03431372549019608 0.140625
0 0.08251633986928104 0.42745535714285715 0.07352941176470588 0.10044642857142858
0 0.027777777777777776 0.4408482142857143 0.05555555555555555 0.140625
0 0.6217320261437909 0.8035714285714286 0.11437908496732026 0.140625
0 0.5506535947712419 0.9162946428571429 0.07516339869281045 0.11830357142857142
0 0.869281045751634 0.6573660714285714 0.06699346405228758 0.08705357142857142
0 0.8848039215686274 0.7265625 0.08169934640522876 0.10267857142857142
0 0.9771241830065359 0.5435267857142857 0.0457516339869281 0.11830357142857142
1 0.0392156862745098 0.6573660714285714 0.06372549019607843 0.08928571428571429
1 0.16993464052287582 0.6037946428571429 0.11274509803921569 0.09598214285714286
1 0.2581699346405229 0.4296875 0.09477124183006536 0.10044642857142858
1 0.19362745098039216 0.30357142857142855 0.08660130718954248 0.11830357142857142
1 0.16258169934640523 0.20647321428571427 0.06699346405228758 0.08705357142857142
1 0.6838235294117647 0.5658482142857143 0.08169934640522876 0.12276785714285714
1 0.7075163398692811 0.8091517857142857 0.05555555555555555 0.09375
1 0.7328431372549019 0.8046875 0.06209150326797386 0.10491071428571429
1 0.9754901960784313 0.6160714285714286 0.049019607843137254 0.09375