0 0.44462025316455694 0.0735930735930736 0.11708860759493671 0.1471861471861472
0 0.6875 0.13636363636363635 0.09335443037974683 0.12337662337662338
0 0.7927215189873418 0.4642857142857143 0.08386075949367089 0.09523809523809523
0 0.6748417721518988 0.6753246753246753 0.09177215189873418 0.11688311688311688
0 0.8093354430379747 0.6829004329004329 0.0759493670886076 0.1341991341991342
0 0.32674050632911394 0.7132034632034632 0.09335443037974683 0.14285714285714285
1 0.740506329113924 0.40476190476190477 0.07753164556962025 0.09090909090909091
1 0.6811708860759493 0.41125541125541126 0.06962025316455696 0.07142857142857142
1 0.7587025316455697 0.22186147186147187 0.07436708860759493 0.10173160173160173
1 0.7104430379746836 0.8300865800865801 0.06645569620253164 0.09523809523809523
1 0.555379746835443 0.9545454545454546 0.06645569620253164 0.08225108225108226
1 0.44066455696202533 0.827922077922078 0.0759493670886076 0.09956709956709957
1 0.37816455696202533 0.9036796536796536 0.07120253164556962 0.08658008658008658