0 0.38125 0.07253886010362694 0.08928571428571429 0.12435233160621761
0 0.4232142857142857 0.18911917098445596 0.08214285714285714 0.13730569948186527
0 0.8169642857142857 0.3018134715025907 0.06607142857142857 0.15544041450777202
0 0.7678571428571429 0.3873056994818653 0.09464285714285714 0.10103626943005181
0 0.8598214285714286 0.17098445595854922 0.07321428571428572 0.11139896373056994
0 0.4205357142857143 0.015544041450777202 0.07678571428571429 0.031088082901554404
0 0.5339285714285714 0.1411917098445596 0.12321428571428572 0.15803108808290156
1 0.6473214285714286 0.12176165803108809 0.09464285714285714 0.15025906735751296
1 0.6839285714285714 0.06088082901554404 0.05892857142857143 0.03367875647668394
1 0.5160714285714286 0.011658031088082901 0.09642857142857143 0.023316062176165803
1 0.3205357142857143 0.3601036269430052 0.12321428571428572 0.16321243523316062
1 0.6348214285714285 0.3121761658031088 0.0875 0.17616580310880828
1 0.7133928571428572 0.6217616580310881 0.08571428571428572 0.12435233160621761