0 0.8531468531468531 0.3520408163265306 0.0979020979020979 0.11989795918367346
0 0.9178321678321678 0.44005102040816324 0.0979020979020979 0.125
0 0.756993006993007 0.8392857142857143 0.1346153846153846 0.1760204081632653
0 0.4632867132867133 0.7168367346938775 0.12937062937062938 0.18112244897959184
0 0.32517482517482516 0.7346938775510204 0.11363636363636363 0.19387755102040816
0 0.17657342657342656 0.6696428571428571 0.12412587412587413 0.17346938775510204
0 0.3986013986013986 0.061224489795918366 0.13986013986013987 0.12244897959183673
0 0.5026223776223776 0.025510204081632654 0.11363636363636363 0.05102040816326531
1 0.7884615384615384 0.6823979591836735 0.11713286713286714 0.1326530612244898
1 0.7902097902097902 0.5892857142857143 0.08566433566433566 0.10714285714285714
1 0.47465034965034963 0.2602040816326531 0.11538461538461539 0.14540816326530612
1 0.08391608391608392 0.36862244897959184 0.10314685314685315 0.16071428571428573
1 0.22115384615384615 0.8239795918367347 0.07342657342657342 0.09438775510204081
1 0.5428321678321678 0.9489795918367347 0.08216783216783216 0.10204081632653061