0 0.9752321981424149 0.4120603015075377 0.04953560371517028 0.11557788944723618
0 0.7956656346749226 0.3944723618090452 0.07739938080495357 0.11055276381909548
0 0.9171826625386997 0.914572864321608 0.04643962848297214 0.07788944723618091
0 0.6308049535603715 0.964824120603015 0.07585139318885449 0.07035175879396985
0 0.5882352941176471 0.6683417085427136 0.07739938080495357 0.12814070351758794
0 0.4729102167182663 0.11683417085427136 0.08978328173374613 0.13316582914572864
0 0.5495356037151703 0.020100502512562814 0.07120743034055728 0.04020100502512563
0 0.19427244582043343 0.13944723618090452 0.08668730650154799 0.12814070351758794
0 0.28173374613003094 0.7135678391959799 0.07894736842105263 0.135678391959799
0 0.23297213622291021 0.7977386934673367 0.10371517027863777 0.16331658291457288
0 0.014705882352941176 0.6080402010050251 0.029411764705882353 0.135678391959799
1 0.9845201238390093 0.6394472361809045 0.030959752321981424 0.07788944723618091
1 0.923374613003096 0.4296482412060301 0.05572755417956656 0.10804020100502512
1 0.9481424148606811 0.7776381909547738 0.05263157894736842 0.08542713567839195
1 0.4791021671826625 0.914572864321608 0.09287925696594428 0.135678391959799
1 0.423374613003096 0.7097989949748744 0.07430340557275542 0.1306532663316583
1 0.23529411764705882 0.30778894472361806 0.09442724458204334 0.14321608040201006
1 0.20356037151702785 0.24874371859296482 0.08823529411764706 0.13819095477386933
1 0.6300309597523219 0.08040201005025126 0.07120743034055728 0.09547738693467336
1 0.34520123839009287 0.03391959798994975 0.07739938080495357 0.0678391959798995
1 0.06578947368421052 0.3316582914572864 0.07120743034055728 0.11306532663316583
1 0.17105263157894737 0.4434673366834171 0.08823529411764706 0.1507537688442211
1 0.03560371517027864 0.6557788944723618 0.07120743034055728 0.135678391959799
1 0.31346749226006193 0.14321608040201006 0.08513931888544891 0.1507537688442211