0 0.41974169741697415 0.9823232323232324 0.07195571955719557 0.03535353535353535
0 0.2518450184501845 0.7209595959595959 0.09225092250922509 0.09343434343434344
0 0.23800738007380073 0.4936868686868687 0.08302583025830258 0.11616161616161616
0 0.19833948339483395 0.3838383838383838 0.042435424354243544 0.11363636363636363
0 0.20571955719557194 0.2601010101010101 0.05719557195571956 0.12373737373737374
0 0.724169741697417 0.14015151515151514 0.07933579335793357 0.08080808080808081
1 0.29797047970479706 0.9671717171717171 0.0940959409594096 0.06565656565656566
1 0.45202952029520294 0.4772727272727273 0.07011070110701106 0.1111111111111111
1 0.35608856088560886 0.39015151515151514 0.06826568265682657 0.11616161616161616
1 0.36162361623616235 0.1527777777777778 0.07195571955719557 0.12121212121212122
1 0.768450184501845 0.4078282828282828 0.08302583025830258 0.10858585858585859