0 0.23709677419354838 0.26985981308411217 0.1032258064516129 0.1308411214953271
0 0.024193548387096774 0.40420560747663553 0.04838709677419355 0.08878504672897196
0 0.0846774193548387 0.9906542056074766 0.04032258064516129 0.018691588785046728
0 0.13790322580645162 0.985981308411215 0.056451612903225805 0.028037383177570093
0 0.22258064516129034 0.9310747663551402 0.08709677419354839 0.08177570093457943
0 0.2967741935483871 0.9135514018691588 0.07741935483870968 0.08644859813084112
1 0.036290322580645164 0.7242990654205608 0.035483870967741936 0.07710280373831775
1 0.03225806451612903 0.6238317757009346 0.06290322580645161 0.10046728971962617
1 0.0935483870967742 0.38901869158878505 0.05161290322580645 0.11682242990654206
1 0.2693548387096774 0.6705607476635514 0.11612903225806452 0.12850467289719625
1 0.17661290322580644 0.6915887850467289 0.09032258064516129 0.11682242990654206
1 0.10161290322580645 0.7207943925233645 0.07258064516129033 0.10514018691588785
1 0.05806451612903226 0.7920560747663551 0.05967741935483871 0.09813084112149532
1 0.037096774193548385 0.7768691588785047 0.02258064516129032 0.07710280373831775