0 0.7068181818181818 0.1883259911894273 0.04090909090909091 0.1013215859030837
0 0.6984848484848485 0.30176211453744495 0.05454545454545454 0.1145374449339207
0 0.2840909090909091 0.031938325991189426 0.07727272727272727 0.06387665198237885
0 0.2515151515151515 0.1751101321585903 0.06818181818181818 0.07929515418502203
0 0.19924242424242425 0.5825991189427313 0.09090909090909091 0.11233480176211454
0 0.25833333333333336 0.7279735682819384 0.09545454545454546 0.16740088105726872
0 0.678030303030303 0.9702643171806168 0.11060606060606061 0.05947136563876652
0 0.725 0.9416299559471366 0.09545454545454546 0.11674008810572688
1 0.546969696969697 0.09251101321585903 0.05303030303030303 0.1013215859030837
1 0.5151515151515151 0.1751101321585903 0.05757575757575758 0.1211453744493392
1 0.32954545454545453 0.24118942731277532 0.06818181818181818 0.13215859030837004
1 0.23939393939393938 0.4460352422907489 0.0803030303030303 0.09911894273127753
1 0.44242424242424244 0.8700440528634361 0.08181818181818182 0.09030837004405286
1 0.6212121212121212 0.6266519823788547 0.08181818181818182 0.10792951541850221