0 0.7297047970479705 0.9356060606060606 0.07564575645756458 0.12878787878787878
0 0.7361623616236163 0.8522727272727273 0.07380073800738007 0.12878787878787878
0 0.724169741697417 0.5757575757575758 0.08302583025830258 0.1414141414141414
0 0.772140221402214 0.6085858585858586 0.1088560885608856 0.16666666666666666
0 0.6900369003690037 0.22348484848484848 0.1033210332103321 0.11363636363636363
0 0.23154981549815498 0.7777777777777778 0.1014760147601476 0.14393939393939395
1 0.49538745387453875 0.9078282828282829 0.08671586715867159 0.11868686868686869
1 0.47601476014760147 0.6035353535353535 0.09040590405904059 0.1414141414141414
1 0.7066420664206642 0.5075757575757576 0.08487084870848709 0.10606060606060606
1 0.7822878228782287 0.3611111111111111 0.08118081180811808 0.08080808080808081
1 0.3339483394833948 0.11868686868686869 0.0940959409594096 0.13131313131313133
1 0.2011070110701107 0.2222222222222222 0.06273062730627306 0.08838383838383838