0 0.8009090909090909 0.07178217821782178 0.04 0.07425742574257425
0 0.3181818181818182 0.10024752475247525 0.09454545454545454 0.09653465346534654
0 0.3 0.3118811881188119 0.08 0.10891089108910891
0 0.49 0.681930693069307 0.07818181818181819 0.12128712871287128
0 0.42454545454545456 0.7339108910891089 0.0890909090909091 0.14356435643564355
0 0.44272727272727275 0.8514851485148515 0.08727272727272728 0.12623762376237624
0 0.3981818181818182 0.9826732673267327 0.08 0.034653465346534656
0 0.24181818181818182 0.7153465346534653 0.08727272727272728 0.13861386138613863
1 0.36727272727272725 0.8465346534653465 0.07818181818181819 0.0891089108910891
1 0.5736363636363636 0.9653465346534653 0.08363636363636363 0.06683168316831684
1 0.8454545454545455 0.3725247524752475 0.03090909090909091 0.07673267326732673
1 0.2581818181818182 0.5779702970297029 0.08727272727272728 0.12376237623762376
1 0.25 0.5433168316831684 0.10727272727272727 0.0891089108910891
1 0.35818181818181816 0.34777227722772275 0.08727272727272728 0.08663366336633663