0 0.7728658536585366 0.10526315789473684 0.07774390243902439 0.08991228070175439
0 0.6798780487804879 0.6820175438596491 0.054878048780487805 0.1118421052631579
0 0.6821646341463414 0.793859649122807 0.05030487804878049 0.08991228070175439
0 0.6821646341463414 0.9616228070175439 0.04878048780487805 0.06140350877192982
0 0.2660060975609756 0.831140350877193 0.053353658536585365 0.07456140350877193
0 0.34603658536585363 0.8081140350877193 0.07164634146341463 0.05921052631578947
0 0.2728658536585366 0.7357456140350878 0.053353658536585365 0.07236842105263158
0 0.20960365853658536 0.07894736842105263 0.06859756097560976 0.10526315789473684
1 0.5800304878048781 0.046052631578947366 0.04725609756097561 0.08991228070175439
1 0.6760670731707317 0.3651315789473684 0.0701219512195122 0.07456140350877193
1 0.5076219512195121 0.7960526315789473 0.06707317073170732 0.09429824561403509
1 0.5342987804878049 0.8892543859649122 0.054878048780487805 0.09868421052631579
1 0.3483231707317073 0.5844298245614035 0.06859756097560976 0.08114035087719298
1 0.23704268292682926 0.4923245614035088 0.07926829268292683 0.08771929824561403