0 0.6559633027522935 0.042708333333333334 0.09174311926605505 0.08541666666666667
0 0.8134556574923547 0.46875 0.09174311926605505 0.11875
0 0.7928134556574924 0.6125 0.06574923547400612 0.10625
0 0.805045871559633 0.7104166666666667 0.0672782874617737 0.09583333333333334
0 0.6643730886850153 0.8447916666666667 0.12079510703363915 0.14583333333333334
0 0.3929663608562691 0.9260416666666667 0.08103975535168195 0.11458333333333333
1 0.5313455657492355 0.08541666666666667 0.09327217125382263 0.12291666666666666
1 0.735474006116208 0.24791666666666667 0.08409785932721713 0.10833333333333334
1 0.5137614678899083 0.7 0.09021406727828746 0.11458333333333333
1 0.2996941896024465 0.73125 0.07951070336391437 0.09583333333333334
1 0.5374617737003058 0.9791666666666666 0.07492354740061162 0.041666666666666664
1 0.6926605504587156 0.5864583333333333 0.07186544342507645 0.09375
1 0.7171253822629969 0.8354166666666667 0.0672782874617737 0.08333333333333333