0 0.1969178082191781 0.4975247524752475 0.09075342465753425 0.15594059405940594
0 0.2551369863013699 0.9492574257425742 0.05821917808219178 0.07178217821782178
0 0.7893835616438356 0.8836633663366337 0.07876712328767123 0.06188118811881188
0 0.4777397260273973 0.5717821782178217 0.10445205479452055 0.15099009900990099
0 0.6172945205479452 0.1707920792079208 0.04794520547945205 0.08663366336633663
0 0.7816780821917808 0.5358910891089109 0.0684931506849315 0.11633663366336634
0 0.5958904109589042 0.08415841584158416 0.05136986301369863 0.10891089108910891
1 0.17893835616438356 0.34529702970297027 0.06678082191780822 0.09158415841584158
1 0.2166095890410959 0.6014851485148515 0.07876712328767123 0.10396039603960396
1 0.5470890410958904 0.6646039603960396 0.0976027397260274 0.1608910891089109
1 0.3304794520547945 0.32301980198019803 0.09075342465753425 0.14603960396039603
1 0.4820205479452055 0.34777227722772275 0.10102739726027397 0.15594059405940594
1 0.6352739726027398 0.2722772277227723 0.07534246575342465 0.12128712871287128
1 0.4169520547945205 0.0853960396039604 0.08047945205479452 0.12376237623762376