0 0.5637982195845698 0.19288793103448276 0.08605341246290801 0.11206896551724138
0 0.6528189910979229 0.40948275862068967 0.0830860534124629 0.09698275862068965
0 0.7544510385756676 0.9536637931034483 0.07863501483679525 0.09267241379310345
0 0.28635014836795253 0.7327586206896551 0.07418397626112759 0.09913793103448276
0 0.2099406528189911 0.6336206896551724 0.08605341246290801 0.11206896551724138
0 0.30712166172106825 0.552801724137931 0.09495548961424333 0.12931034482758622
0 0.2507418397626113 0.2122844827586207 0.06528189910979229 0.06896551724137931
0 0.2692878338278932 0.12284482758620689 0.05637982195845697 0.08189655172413793
0 0.35979228486646886 0.12607758620689655 0.08011869436201781 0.08189655172413793
1 0.6268545994065282 0.14870689655172414 0.06083086053412463 0.0625
1 0.27818991097922846 0.014008620689655173 0.057863501483679525 0.028017241379310345
1 0.3664688427299703 0.2974137931034483 0.0712166172106825 0.10775862068965517
1 0.27002967359050445 0.4375 0.07270029673590504 0.0668103448275862
1 0.4280415430267062 0.8566810344827587 0.08160237388724036 0.15948275862068967