0 0.9291666666666667 0.6670454545454545 0.035 0.09772727272727273
0 0.8975 0.5920454545454545 0.06166666666666667 0.1318181818181818
0 0.8433333333333334 0.39431818181818185 0.06666666666666667 0.1409090909090909
0 0.6141666666666666 0.1965909090909091 0.10833333333333334 0.11363636363636363
0 0.20666666666666667 0.26477272727272727 0.08333333333333333 0.09772727272727273
1 0.94 0.7375 0.04 0.07272727272727272
1 0.9233333333333333 0.7784090909090909 0.058333333333333334 0.09545454545454546
1 0.7775 0.8375 0.08166666666666667 0.12727272727272726
1 0.7341666666666666 0.7295454545454545 0.08833333333333333 0.1409090909090909
1 0.7683333333333333 0.19772727272727272 0.075 0.08409090909090909
1 0.765 0.37727272727272726 0.08666666666666667 0.09318181818181819
1 0.2733333333333333 0.5204545454545455 0.09 0.11136363636363636
1 0.2833333333333333 0.15681818181818183 0.08833333333333333 0.11136363636363636