0 0.6145833333333334 0.9232804232804233 0.0798611111111111 0.12169312169312169
0 0.6675347222222222 0.4166666666666667 0.1371527777777778 0.21428571428571427
0 0.4947916666666667 0.4193121693121693 0.0920138888888889 0.164021164021164
0 0.2717013888888889 0.4973544973544973 0.09895833333333333 0.15079365079365079
0 0.2248263888888889 0.4695767195767196 0.0798611111111111 0.12698412698412698
0 0.2708333333333333 0.31746031746031744 0.09027777777777778 0.12962962962962962
1 0.6814236111111112 0.6666666666666666 0.08854166666666667 0.12169312169312169
1 0.5355902777777778 0.023809523809523808 0.08159722222222222 0.047619047619047616
1 0.3585069444444444 0.062169312169312166 0.078125 0.12169312169312169
1 0.4670138888888889 0.05026455026455026 0.08333333333333333 0.10052910052910052
1 0.4175347222222222 0.3055555555555556 0.11458333333333333 0.14285714285714285