0 0.6437908496732027 0.9821428571428571 0.08823529411764706 0.03571428571428571
0 0.7491830065359477 0.6852678571428571 0.08823529411764706 0.11607142857142858
0 0.7883986928104575 0.6897321428571429 0.08986928104575163 0.11383928571428571
0 0.6348039215686274 0.7209821428571429 0.09477124183006536 0.109375
0 0.8022875816993464 0.23325892857142858 0.06045751633986928 0.12053571428571429
1 0.5841503267973857 0.8694196428571429 0.08169934640522876 0.07589285714285714
1 0.6037581699346405 0.7578125 0.07516339869281045 0.11383928571428571
1 0.7132352941176471 0.9508928571428571 0.08006535947712418 0.09821428571428571
1 0.7034313725490197 0.90625 0.06699346405228758 0.08705357142857142
1 0.7491830065359477 0.4888392857142857 0.08333333333333333 0.08705357142857142
1 0.803921568627451 0.4341517857142857 0.08660130718954248 0.08928571428571429
1 0.6699346405228758 0.15290178571428573 0.08006535947712418 0.11607142857142858
1 0.31862745098039214 0.04799107142857143 0.07516339869281045 0.09598214285714286