0 0.3057324840764331 0.966321243523316 0.08917197452229299 0.06735751295336788
0 0.5804140127388535 0.9740932642487047 0.07484076433121019 0.04922279792746114
0 0.732484076433121 0.8095854922279793 0.03980891719745223 0.16062176165803108
0 0.6337579617834395 0.6528497409326425 0.06369426751592357 0.12176165803108809
0 0.6441082802547771 0.5272020725388601 0.06369426751592357 0.14507772020725387
0 0.6664012738853503 0.4106217616580311 0.05573248407643312 0.11658031088082901
0 0.5406050955414012 0.33549222797927464 0.0875796178343949 0.13730569948186527
0 0.5955414012738853 0.11528497409326424 0.07484076433121019 0.08549222797927461
0 0.9434713375796179 0.3536269430051813 0.07484076433121019 0.12176165803108809
0 0.9657643312101911 0.39896373056994816 0.06847133757961783 0.11658031088082901
1 0.1735668789808917 0.4883419689119171 0.08280254777070063 0.08031088082901554
1 0.14331210191082802 0.917098445595855 0.06528662420382166 0.11658031088082901
1 0.5103503184713376 0.7577720207253886 0.08917197452229299 0.12694300518134716
1 0.6050955414012739 0.7823834196891192 0.07802547770700637 0.10362694300518134
1 0.6998407643312102 0.8018134715025906 0.04936305732484077 0.12694300518134716
1 0.8972929936305732 0.9209844559585493 0.07484076433121019 0.11917098445595854
1 0.8375796178343949 0.7331606217616581 0.06528662420382166 0.16062176165803108
1 0.9410828025477707 0.8134715025906736 0.09076433121019108 0.16839378238341968
1 0.8718152866242038 0.46632124352331605 0.08598726114649681 0.15025906735751296
1 0.8742038216560509 0.26424870466321243 0.08280254777070063 0.12694300518134716
1 0.8598726114649682 0.05699481865284974 0.0732484076433121 0.11398963730569948
1 0.9498407643312102 0.08808290155440414 0.07961783439490445 0.12435233160621761