0 0.2784615384615385 0.827354260089686 0.10153846153846154 0.14349775784753363
0 0.22615384615384615 0.7679372197309418 0.08923076923076922 0.13452914798206278
0 0.24615384615384617 0.5302690582959642 0.08615384615384615 0.14573991031390135
0 0.5323076923076923 0.781390134529148 0.09538461538461539 0.13901345291479822
0 0.8115384615384615 0.6468609865470852 0.09692307692307692 0.1547085201793722
0 0.3323076923076923 0.2163677130044843 0.09846153846153846 0.1547085201793722
0 0.35307692307692307 0.09080717488789238 0.10307692307692308 0.15246636771300448
1 0.7238461538461538 0.8553811659192825 0.06923076923076923 0.10986547085201794
1 0.6661538461538462 0.460762331838565 0.09230769230769231 0.14798206278026907
1 0.43846153846153846 0.7948430493273543 0.08615384615384615 0.1412556053811659
1 0.3923076923076923 0.6681614349775785 0.08153846153846153 0.12780269058295965
1 0.5584615384615385 0.0773542600896861 0.11076923076923077 0.1547085201793722