0 0.8788515406162465 0.29575892857142855 0.06582633053221289 0.078125
0 0.8830532212885154 0.9196428571428571 0.05042016806722689 0.0625
0 0.865546218487395 0.8917410714285714 0.0546218487394958 0.06919642857142858
0 0.6841736694677871 0.7823660714285714 0.08123249299719888 0.14508928571428573
0 0.6701680672268907 0.15625 0.06722689075630252 0.078125
0 0.7962184873949579 0.3158482142857143 0.037815126050420166 0.078125
0 0.5140056022408963 0.08258928571428571 0.0700280112044818 0.08705357142857142
0 0.484593837535014 0.0390625 0.06722689075630252 0.078125
0 0.4642857142857143 0.12053571428571429 0.06722689075630252 0.10714285714285714
0 0.5196078431372549 0.17522321428571427 0.07282913165266107 0.09598214285714286
0 0.16806722689075632 0.04017857142857143 0.08123249299719888 0.08035714285714286
0 0.02661064425770308 0.7667410714285714 0.05322128851540616 0.12276785714285714
0 0.26400560224089636 0.8738839285714286 0.07282913165266107 0.10491071428571429
0 0.3956582633053221 0.8571428571428571 0.0700280112044818 0.09375
0 0.3956582633053221 0.43861607142857145 0.06442577030812324 0.12053571428571429
0 0.35154061624649857 0.5569196428571429 0.07282913165266107 0.10714285714285714
0 0.33753501400560226 0.6540178571428571 0.07142857142857142 0.10491071428571429
1 0.8515406162464986 0.5078125 0.0546218487394958 0.078125
1 0.9166666666666666 0.7455357142857143 0.047619047619047616 0.07142857142857142
1 0.7983193277310925 0.6595982142857143 0.0546218487394958 0.08482142857142858
1 0.6617647058823529 0.359375 0.06162464985994398 0.12723214285714285
1 0.7738095238095238 0.25892857142857145 0.05182072829131653 0.09821428571428571
1 0.6484593837535014 0.19977678571428573 0.058823529411764705 0.10267857142857142
1 0.33543417366946776 0.24888392857142858 0.07142857142857142 0.125
1 0.32002801120448177 0.04575892857142857 0.046218487394957986 0.09151785714285714
1 0.30322128851540614 0.16071428571428573 0.05042016806722689 0.13616071428571427
1 0.18417366946778713 0.42857142857142855 0.056022408963585436 0.12946428571428573
1 0.12464985994397759 0.5747767857142857 0.07983193277310924 0.13839285714285715
1 0.07142857142857142 0.4263392857142857 0.09243697478991597 0.12946428571428573
1 0.07983193277310924 0.7901785714285714 0.0784313725490196 0.13392857142857142
1 0.1484593837535014 0.6897321428571429 0.07282913165266107 0.16294642857142858
1 0.7780112044817927 0.8247767857142857 0.06582633053221289 0.06919642857142858