0 0.7146084337349398 0.7673160173160173 0.06927710843373494 0.08008658008658008
0 0.7778614457831325 0.9902597402597403 0.046686746987951805 0.01948051948051948
0 0.24246987951807228 0.9512987012987013 0.06626506024096386 0.0735930735930736
0 0.23268072289156627 0.645021645021645 0.07078313253012049 0.09090909090909091
0 0.6920180722891566 0.30627705627705626 0.030120481927710843 0.08441558441558442
0 0.6897590361445783 0.21753246753246752 0.0391566265060241 0.08874458874458875
1 0.7191265060240963 0.9913419913419913 0.06475903614457831 0.017316017316017316
1 0.3305722891566265 0.8647186147186147 0.09036144578313253 0.09307359307359307
1 0.2085843373493976 0.9069264069264069 0.0677710843373494 0.0670995670995671
1 0.5203313253012049 0.29978354978354976 0.046686746987951805 0.09740259740259741
1 0.5376506024096386 0.1937229437229437 0.05120481927710843 0.1038961038961039