0 0.45991253644314867 0.9297619047619048 0.08309037900874636 0.1380952380952381
0 0.5692419825072886 0.8940476190476191 0.09329446064139942 0.14047619047619048
0 0.6428571428571429 0.8583333333333333 0.08017492711370262 0.12142857142857143
0 0.6909620991253644 0.7619047619047619 0.09037900874635568 0.1380952380952381
0 0.7033527696793003 0.825 0.0728862973760933 0.11428571428571428
0 0.75 0.48333333333333334 0.07434402332361516 0.15714285714285714
0 0.6231778425655977 0.3488095238095238 0.09329446064139942 0.15
0 0.6027696793002916 0.2261904761904762 0.09475218658892129 0.1595238095238095
0 0.4708454810495627 0.22976190476190475 0.09620991253644315 0.15714285714285714
0 0.4708454810495627 0.04404761904761905 0.07871720116618076 0.0880952380952381
0 0.8192419825072886 0.05238095238095238 0.10787172011661808 0.10476190476190476
0 0.8447521865889213 0.015476190476190477 0.07725947521865889 0.030952380952380953
1 0.17201166180758018 0.6642857142857143 0.0641399416909621 0.09761904761904762
1 0.21793002915451895 0.6166666666666667 0.06997084548104957 0.10714285714285714
1 0.2981049562682216 0.9595238095238096 0.08600583090379009 0.08095238095238096
1 0.5575801749271136 0.6202380952380953 0.09475218658892129 0.14285714285714285
1 0.6501457725947521 0.5630952380952381 0.09329446064139942 0.14285714285714285
1 0.7361516034985423 0.5202380952380953 0.07871720116618076 0.14523809523809525
1 0.9438775510204082 0.4642857142857143 0.07434402332361516 0.1261904761904762
1 0.9176384839650146 0.3761904761904762 0.10204081632653061 0.14285714285714285
1 0.7427113702623906 0.030952380952380953 0.10058309037900874 0.06190476190476191
1 0.7835276967930029 0.12976190476190477 0.09475218658892129 0.15476190476190477
1 0.8068513119533528 0.7130952380952381 0.0641399416909621 0.12142857142857143