0 0.6669741697416974 0.3851010101010101 0.0959409594095941 0.10101010101010101
0 0.7841328413284133 0.14646464646464646 0.06642066420664207 0.12121212121212122
0 0.7629151291512916 0.5643939393939394 0.05166051660516605 0.12626262626262627
0 0.7656826568265682 0.672979797979798 0.06457564575645756 0.12121212121212122
0 0.2029520295202952 0.7171717171717171 0.08671586715867159 0.12373737373737374
1 0.7380073800738007 0.22601010101010102 0.08671586715867159 0.1111111111111111
1 0.7435424354243543 0.43813131313131315 0.08302583025830258 0.08838383838383838
1 0.5922509225092251 0.09848484848484848 0.08302583025830258 0.10858585858585859
1 0.6060885608856088 0.6060606060606061 0.0996309963099631 0.12878787878787878
1 0.6190036900369004 0.726010101010101 0.0940959409594096 0.14393939393939395
1 0.4095940959409594 0.803030303030303 0.06826568265682657 0.12373737373737374
1 0.27121771217712176 0.9040404040404041 0.0959409594095941 0.10101010101010101