0 0.6992753623188406 0.0430672268907563 0.07971014492753623 0.0861344537815126
0 0.717391304347826 0.0976890756302521 0.07536231884057971 0.1092436974789916
0 0.8521739130434782 0.17647058823529413 0.07391304347826087 0.11974789915966387
0 0.908695652173913 0.17331932773109243 0.07246376811594203 0.09243697478991597
0 0.9159420289855073 0.47689075630252103 0.06666666666666667 0.09873949579831932
0 0.8434782608695652 0.509453781512605 0.08260869565217391 0.1092436974789916
0 0.6702898550724637 0.8161764705882353 0.08550724637681159 0.14285714285714285
1 0.9637681159420289 0.45168067226890757 0.07246376811594203 0.1134453781512605
1 0.9289855072463769 0.27836134453781514 0.10144927536231885 0.14705882352941177
1 0.9659420289855073 0.23109243697478993 0.042028985507246375 0.0861344537815126
1 0.8188405797101449 0.23844537815126052 0.06521739130434782 0.08823529411764706
1 0.7615942028985507 0.2920168067226891 0.09420289855072464 0.1323529411764706
1 0.7746376811594203 0.523109243697479 0.10434782608695652 0.14285714285714285
1 0.9152173913043479 0.13445378151260504 0.050724637681159424 0.08403361344537816
1 0.8557971014492753 0.0273109243697479 0.059420289855072465 0.0546218487394958
1 0.8326086956521739 0.07773109243697479 0.06231884057971015 0.09453781512605042