0 0.9751908396946565 0.2955729166666667 0.04961832061068702 0.1171875
0 0.7137404580152672 0.24479166666666666 0.1049618320610687 0.15364583333333334
0 0.5419847328244275 0.045572916666666664 0.10305343511450382 0.09114583333333333
0 0.35782442748091603 0.13671875 0.09732824427480916 0.11197916666666667
0 0.10019083969465649 0.625 0.05916030534351145 0.11458333333333333
0 0.1431297709923664 0.6875 0.05725190839694656 0.09114583333333333
0 0.28435114503816794 0.828125 0.07633587786259542 0.109375
0 0.3320610687022901 0.8658854166666666 0.09923664122137404 0.12239583333333333
1 0.9083969465648855 0.3229166666666667 0.11450381679389313 0.1328125
1 0.825381679389313 0.3203125 0.11259541984732824 0.07552083333333333
1 0.5028625954198473 0.4440104166666667 0.09732824427480916 0.10416666666666667
1 0.4856870229007634 0.359375 0.09732824427480916 0.1015625
1 0.2633587786259542 0.4205729166666667 0.08396946564885496 0.09114583333333333
1 0.25763358778625955 0.58203125 0.07824427480916031 0.09114583333333333
1 0.3196564885496183 0.6927083333333334 0.06297709923664122 0.13020833333333334
1 0.558206106870229 0.8854166666666666 0.05916030534351145 0.125
1 0.10973282442748092 0.7747395833333334 0.05725190839694656 0.09375