0 0.16439688715953307 0.5438829787234043 0.10505836575875487 0.1276595744680851
0 0.7159533073929961 0.7832446808510638 0.06420233463035019 0.125
0 0.6595330739299611 0.8909574468085106 0.0622568093385214 0.11170212765957446
0 0.19747081712062256 0.8537234042553191 0.07198443579766536 0.05585106382978723
0 0.1264591439688716 0.7779255319148937 0.07198443579766536 0.10106382978723404
0 0.11186770428015565 0.6742021276595744 0.07587548638132295 0.125
1 0.6994163424124513 0.17952127659574468 0.10894941634241245 0.18085106382978725
1 0.5447470817120622 0.6555851063829787 0.11089494163424124 0.1622340425531915
1 0.5291828793774319 0.848404255319149 0.09727626459143969 0.13829787234042554
1 0.3035019455252918 0.8324468085106383 0.07587548638132295 0.10638297872340426
1 0.24124513618677043 0.7180851063829787 0.08560311284046693 0.12234042553191489
1 0.2529182879377432 0.2765957446808511 0.09533073929961089 0.1356382978723404