0 0.2916666666666667 0.03156565656565657 0.059027777777777776 0.06313131313131314
0 0.2690972222222222 0.12121212121212122 0.06597222222222222 0.10858585858585859
0 0.7664930555555556 0.04419191919191919 0.06770833333333333 0.03282828282828283
0 0.5598958333333334 0.6338383838383839 0.09027777777777778 0.1414141414141414
0 0.1779513888888889 0.5959595959595959 0.0642361111111111 0.12878787878787878
0 0.2934027777777778 0.946969696969697 0.09027777777777778 0.06818181818181818
1 0.6892361111111112 0.20075757575757575 0.06944444444444445 0.10606060606060606
1 0.7690972222222222 0.3055555555555556 0.078125 0.11868686868686869
1 0.2881944444444444 0.547979797979798 0.08333333333333333 0.14393939393939395
1 0.4887152777777778 0.010101010101010102 0.057291666666666664 0.020202020202020204
1 0.4487847222222222 0.1452020202020202 0.06944444444444445 0.10606060606060606