0 0.20878136200716846 0.03608247422680412 0.08422939068100359 0.07216494845360824
0 0.44175627240143367 0.979381443298969 0.06630824372759857 0.041237113402061855
0 0.6353046594982079 0.27190721649484534 0.07706093189964158 0.07474226804123711
0 0.7096774193548387 0.32087628865979384 0.07347670250896057 0.09278350515463918
0 0.8727598566308243 0.3427835051546392 0.07347670250896057 0.09020618556701031
0 0.9937275985663082 0.46134020618556704 0.012544802867383513 0.06701030927835051
1 0.9390681003584229 0.46649484536082475 0.05555555555555555 0.08762886597938144
1 0.8772401433691757 0.5760309278350515 0.06272401433691756 0.08762886597938144
1 0.6980286738351255 0.5876288659793815 0.07885304659498207 0.08505154639175258
1 0.5582437275985663 0.47164948453608246 0.0967741935483871 0.09536082474226804
1 0.21953405017921146 0.9110824742268041 0.08064516129032258 0.05154639175257732