0 0.011824324324324325 0.5695121951219512 0.02364864864864865 0.0951219512195122
0 0.02702702702702703 0.5292682926829269 0.05405405405405406 0.09268292682926829
0 0.7212837837837838 0.49878048780487805 0.10304054054054054 0.14146341463414633
0 0.12753378378378377 0.3975609756097561 0.06587837837837837 0.1073170731707317
0 0.6233108108108109 0.0951219512195122 0.0945945945945946 0.14146341463414633
0 0.6908783783783784 0.05609756097560976 0.0945945945945946 0.11219512195121951
1 0.2702702702702703 0.2451219512195122 0.09121621621621621 0.15121951219512195
1 0.8496621621621622 0.05121951219512195 0.10135135135135136 0.1024390243902439
1 0.7989864864864865 0.3402439024390244 0.09966216216216216 0.12926829268292683
1 0.5886824324324325 0.85 0.09628378378378379 0.14878048780487804
1 0.08952702702702703 0.7695121951219512 0.05912162162162162 0.08780487804878048
1 0.057432432432432436 0.7926829268292683 0.04391891891891892 0.07073170731707316
1 0.09881756756756757 0.8829268292682927 0.05912162162162162 0.08780487804878048
1 0.22212837837837837 0.948780487804878 0.07601351351351351 0.1024390243902439
1 0.27871621621621623 0.9792682926829268 0.06418918918918919 0.041463414634146344