0 0.3159246575342466 0.9871495327102804 0.0839041095890411 0.02570093457943925
0 0.2671232876712329 0.9380841121495327 0.0684931506849315 0.12383177570093458
0 0.6823630136986302 0.8738317757009346 0.11643835616438356 0.15186915887850466
0 0.583904109589041 0.026869158878504672 0.0821917808219178 0.053738317757009345
0 0.5907534246575342 0.017523364485981307 0.11643835616438356 0.035046728971962614
0 0.22945205479452055 0.5432242990654206 0.11643835616438356 0.1261682242990654
0 0.1909246575342466 0.45210280373831774 0.0839041095890411 0.12850467289719625
0 0.2191780821917808 0.35046728971962615 0.09075342465753425 0.10747663551401869
1 0.4366438356164384 0.8901869158878505 0.09075342465753425 0.1308411214953271
1 0.4751712328767123 0.8177570093457944 0.09075342465753425 0.12850467289719625
1 0.2106164383561644 0.7675233644859814 0.06164383561643835 0.0911214953271028
1 0.3202054794520548 0.3574766355140187 0.09075342465753425 0.13551401869158877
1 0.3433219178082192 0.18574766355140188 0.0821917808219178 0.11448598130841121
1 0.1857876712328767 0.2441588785046729 0.0839041095890411 0.10981308411214953
1 0.5462328767123288 0.19626168224299065 0.09246575342465753 0.1191588785046729
1 0.6147260273972602 0.23014018691588786 0.0839041095890411 0.11448598130841121