0 0.1283987915407855 0.44731404958677684 0.09818731117824774 0.1446280991735537
0 0.1163141993957704 0.3109504132231405 0.09667673716012085 0.12190082644628099
0 0.008308157099697885 0.2603305785123967 0.01661631419939577 0.09090909090909091
0 0.30589123867069484 0.14772727272727273 0.08006042296072508 0.09090909090909091
0 0.5876132930513596 0.14256198347107438 0.09214501510574018 0.09917355371900827
0 0.6623867069486404 0.12086776859504132 0.061933534743202415 0.06818181818181818
0 0.8549848942598187 0.46797520661157027 0.05891238670694864 0.10330578512396695
0 0.8655589123867069 0.5206611570247934 0.05891238670694864 0.07644628099173553
0 0.8391238670694864 0.6291322314049587 0.05891238670694864 0.09710743801652892
1 0.08534743202416918 0.6301652892561983 0.09063444108761329 0.09297520661157024
1 0.2552870090634441 0.5144628099173554 0.09365558912386707 0.08884297520661157
1 0.18731117824773413 0.20557851239669422 0.06646525679758308 0.09504132231404959
1 0.2084592145015106 0.3357438016528926 0.07854984894259819 0.11363636363636363
1 0.5883685800604229 0.3543388429752066 0.09063444108761329 0.11363636363636363
1 0.6880664652567976 0.2799586776859504 0.0770392749244713 0.09504132231404959
1 0.7386706948640483 0.518595041322314 0.061933534743202415 0.08264462809917356
1 0.9720543806646526 0.5485537190082644 0.052870090634441085 0.06818181818181818
1 0.7069486404833837 0.7417355371900827 0.08459214501510574 0.10537190082644628