0 0.8511904761904762 0.47674418604651164 0.12414965986394558 0.1511627906976744
0 0.8715986394557823 0.563953488372093 0.08673469387755102 0.1511627906976744
0 0.6717687074829932 0.8116279069767441 0.0663265306122449 0.11162790697674418
0 0.6181972789115646 0.9023255813953488 0.06802721088435375 0.10697674418604651
0 0.18197278911564627 0.5941860465116279 0.08503401360544217 0.11162790697674418
1 0.7236394557823129 0.36046511627906974 0.08843537414965986 0.12558139534883722
1 0.8214285714285714 0.3918604651162791 0.07482993197278912 0.09767441860465116
1 0.66921768707483 0.6197674418604651 0.09523809523809523 0.12325581395348838
1 0.7397959183673469 0.7651162790697674 0.08843537414965986 0.10465116279069768
1 0.5790816326530612 0.7034883720930233 0.08503401360544217 0.12325581395348838
1 0.47534013605442177 0.8441860465116279 0.07653061224489796 0.1186046511627907
1 0.2585034013605442 0.4 0.09013605442176871 0.11162790697674418
1 0.1989795918367347 0.7883720930232558 0.07142857142857142 0.09302325581395349