0 0.32045454545454544 0.11458333333333333 0.07424242424242425 0.12037037037037036
0 0.021212121212121213 0.5497685185185185 0.04242424242424243 0.08564814814814815
0 0.2681818181818182 0.6157407407407407 0.07727272727272727 0.11342592592592593
0 0.4954545454545455 0.8229166666666666 0.08484848484848485 0.11574074074074074
0 0.696969696969697 0.6342592592592593 0.0893939393939394 0.12962962962962962
0 0.3886363636363636 0.03819444444444445 0.08333333333333333 0.0763888888888889
0 0.5484848484848485 0.10416666666666667 0.07272727272727272 0.11342592592592593
0 0.593939393939394 0.28703703703703703 0.08636363636363636 0.14351851851851852
0 0.8136363636363636 0.19212962962962962 0.10454545454545454 0.12962962962962962
0 0.8075757575757576 0.9432870370370371 0.07878787878787878 0.11342592592592593
1 0.9356060606060606 0.8645833333333334 0.03787878787878788 0.09953703703703703
1 0.7303030303030303 0.8020833333333334 0.09696969696969697 0.1550925925925926
1 0.7931818181818182 0.5914351851851852 0.09393939393939393 0.14351851851851852
1 0.8068181818181818 0.47337962962962965 0.09090909090909091 0.13657407407407407
1 0.8454545454545455 0.38425925925925924 0.08484848484848485 0.12731481481481483
1 0.7659090909090909 0.23726851851851852 0.09696969696969697 0.14583333333333334
1 0.5189393939393939 0.18518518518518517 0.08787878787878788 0.13657407407407407
1 0.543939393939394 0.4224537037037037 0.09696969696969697 0.1550925925925926
1 0.1484848484848485 0.4548611111111111 0.08484848484848485 0.11574074074074074
1 0.1893939393939394 0.05324074074074074 0.0696969696969697 0.10648148148148148
1 0.02727272727272727 0.35300925925925924 0.05454545454545454 0.0763888888888889
1 0.8772727272727273 0.5868055555555556 0.07424242424242425 0.10185185185185185