0 0.9829317269076305 0.43786127167630057 0.03413654618473896 0.13005780346820808
0 0.8835341365461847 0.3699421965317919 0.11847389558232932 0.15606936416184972
0 0.7540160642570282 0.3265895953757225 0.10040160642570281 0.13583815028901733
0 0.357429718875502 0.1416184971098266 0.08032128514056225 0.10115606936416185
0 0.2620481927710843 0.1199421965317919 0.09437751004016064 0.12716763005780346
0 0.1897590361445783 0.06069364161849711 0.09437751004016064 0.12138728323699421
1 0.3453815261044177 0.41184971098265893 0.11847389558232932 0.16184971098265896
1 0.8303212851405622 0.684971098265896 0.142570281124498 0.2023121387283237
1 0.7610441767068273 0.7658959537572254 0.10642570281124498 0.17052023121387283
1 0.9618473895582329 0.680635838150289 0.07630522088353414 0.15895953757225434
1 0.0893574297188755 0.2817919075144509 0.08433734939759036 0.11560693641618497