0 0.46416083916083917 0.6120689655172413 0.1381118881118881 0.17980295566502463
0 0.5673076923076923 0.6305418719211823 0.12237762237762238 0.1724137931034483
0 0.6774475524475524 0.6588669950738916 0.14685314685314685 0.2019704433497537
0 0.8435314685314685 0.30049261083743845 0.1048951048951049 0.1330049261083744
0 0.875 0.2697044334975369 0.11538461538461539 0.15517241379310345
1 0.8076923076923077 0.6169950738916257 0.11013986013986014 0.15024630541871922
1 0.4160839160839161 0.9445812807881774 0.10139860139860139 0.11083743842364532
1 0.5218531468531469 0.937192118226601 0.12412587412587413 0.12561576354679804
1 0.6118881118881119 0.9802955665024631 0.10839160839160839 0.03940886699507389
1 0.7368881118881119 0.8214285714285714 0.08041958041958042 0.11330049261083744
1 0.8041958041958042 0.708128078817734 0.06293706293706294 0.11576354679802955