0 0.5205479452054794 0.9539800995024875 0.11301369863013698 0.09203980099502487
0 0.2029109589041096 0.7089552238805971 0.06506849315068493 0.11194029850746269
0 0.6386986301369864 0.20771144278606965 0.1232876712328767 0.18159203980099503
0 0.3698630136986301 0.1654228855721393 0.13013698630136986 0.19900497512437812
0 0.610445205479452 0.043532338308457715 0.11472602739726027 0.08706467661691543
0 0.8133561643835616 0.7587064676616916 0.07191780821917808 0.10696517412935323
0 0.7988013698630136 0.6629353233830846 0.07363013698630137 0.12686567164179105
1 0.6232876712328768 0.7960199004975125 0.08732876712328767 0.13432835820895522
1 0.5496575342465754 0.5808457711442786 0.09417808219178082 0.1417910447761194
1 0.05051369863013699 0.3445273631840796 0.04965753424657534 0.06716417910447761
1 0.2910958904109589 0.8942786069651741 0.0702054794520548 0.10945273631840796