0 0.8673469387755102 0.4558139534883721 0.061224489795918366 0.08837209302325581
0 0.8460884353741497 0.31046511627906975 0.061224489795918366 0.12093023255813953
0 0.8571428571428571 0.2058139534883721 0.05612244897959184 0.10697674418604651
0 0.8222789115646258 0.12906976744186047 0.061224489795918366 0.053488372093023255
0 0.5459183673469388 0.26046511627906976 0.10374149659863946 0.15348837209302327
0 0.36054421768707484 0.05813953488372093 0.06462585034013606 0.11627906976744186
1 0.7840136054421769 0.8313953488372093 0.05952380952380952 0.09069767441860466
1 0.8256802721088435 0.6802325581395349 0.04931972789115646 0.09767441860465116
1 0.7151360544217688 0.20348837209302326 0.06802721088435375 0.1
1 0.7236394557823129 0.13604651162790699 0.08163265306122448 0.09767441860465116
1 0.3324829931972789 0.3 0.0935374149659864 0.13488372093023257
1 0.4362244897959184 0.22325581395348837 0.07993197278911565 0.09069767441860466
1 0.5756802721088435 0.09651162790697675 0.08503401360544217 0.1325581395348837