0 0.047115384615384615 0.3693820224719101 0.09423076923076923 0.13202247191011235
0 0.2298076923076923 0.6502808988764045 0.08653846153846154 0.1404494382022472
0 0.1778846153846154 0.2443820224719101 0.07307692307692308 0.12359550561797752
0 0.2721153846153846 0.019662921348314606 0.09423076923076923 0.03932584269662921
0 0.3125 0.32724719101123595 0.1076923076923077 0.14606741573033707
0 0.5163461538461539 0.012640449438202247 0.08269230769230769 0.025280898876404494
0 0.6 0.037921348314606744 0.08076923076923077 0.07584269662921349
0 0.6192307692307693 0.26264044943820225 0.10384615384615385 0.18258426966292135
0 0.6490384615384616 0.7907303370786517 0.10961538461538461 0.17134831460674158
1 0.12788461538461537 0.05337078651685393 0.075 0.10674157303370786
1 0.12403846153846154 0.19241573033707865 0.08269230769230769 0.1151685393258427
1 0.24807692307692308 0.0800561797752809 0.10576923076923077 0.12640449438202248
1 0.2653846153846154 0.45646067415730335 0.1 0.14887640449438203
1 0.42596153846153845 0.8469101123595506 0.12115384615384615 0.17696629213483145
1 0.41346153846153844 0.25 0.08461538461538462 0.12078651685393259
1 0.49038461538461536 0.2598314606741573 0.10192307692307692 0.14325842696629212
1 0.8326923076923077 0.5014044943820225 0.11153846153846154 0.19662921348314608