0 0.7264150943396226 0.759493670886076 0.05224963715529753 0.10970464135021098
0 0.7285921625544267 0.6392405063291139 0.04644412191582003 0.11814345991561181
0 0.3490566037735849 0.9388185654008439 0.08563134978229318 0.12236286919831224
0 0.42452830188679247 0.379746835443038 0.0841799709724238 0.12869198312236288
0 0.716255442670537 0.24472573839662448 0.08272859216255443 0.14135021097046413
0 0.7119013062409288 0.11392405063291139 0.07111756168359942 0.12025316455696203
0 0.16690856313497823 0.26054852320675104 0.08127721335268505 0.1751054852320675
0 0.36284470246734396 0.07067510548523206 0.09579100145137881 0.09915611814345991
1 0.5740203193033382 0.869198312236287 0.059506531204644414 0.10337552742616034
1 0.5725689404934688 0.7552742616033755 0.06821480406386067 0.1371308016877637
1 0.5341074020319303 0.017932489451476793 0.0899854862119013 0.035864978902953586
1 0.22786647314949202 0.6033755274261603 0.08127721335268505 0.12658227848101267
1 0.41799709724238027 0.20253164556962025 0.07692307692307693 0.14767932489451477