0 0.8560606060606061 0.6088082901554405 0.08712121212121213 0.12953367875647667
0 0.6761363636363636 0.22797927461139897 0.06628787878787878 0.13471502590673576
0 0.6287878787878788 0.09974093264248704 0.07196969696969698 0.13471502590673576
0 0.5359848484848485 0.25647668393782386 0.08712121212121213 0.11139896373056994
0 0.11553030303030302 0.2422279792746114 0.08333333333333333 0.13471502590673576
1 0.8333333333333334 0.8562176165803109 0.07007575757575757 0.08549222797927461
1 0.7376893939393939 0.32642487046632124 0.09659090909090909 0.10621761658031088
1 0.5596590909090909 0.3329015544041451 0.08143939393939394 0.12953367875647667
1 0.35795454545454547 0.09974093264248704 0.07954545454545454 0.09844559585492228
1 0.46117424242424243 0.07901554404145078 0.0946969696969697 0.13212435233160622
1 0.2803030303030303 0.2033678756476684 0.10795454545454546 0.11917098445595854