0 0.6818181818181818 0.8015873015873016 0.07454545454545454 0.12962962962962962
0 0.7081818181818181 0.6957671957671958 0.06545454545454546 0.08994708994708994
0 0.83 0.2724867724867725 0.06363636363636363 0.13756613756613756
0 0.2881818181818182 0.7380952380952381 0.08363636363636363 0.1455026455026455
0 0.17181818181818181 0.6997354497354498 0.06363636363636363 0.11375661375661375
0 0.1781818181818182 0.294973544973545 0.02909090909090909 0.12433862433862433
0 0.36818181818181817 0.05291005291005291 0.10363636363636364 0.10582010582010581
1 0.5472727272727272 0.5555555555555556 0.09454545454545454 0.16666666666666666
1 0.5118181818181818 0.656084656084656 0.07272727272727272 0.15608465608465608
1 0.46636363636363637 0.49603174603174605 0.1 0.12698412698412698
1 0.7036363636363636 0.6296296296296297 0.09454545454545454 0.06349206349206349
1 0.20363636363636364 0.35714285714285715 0.08363636363636363 0.0873015873015873