0 0.362 0.2616279069767442 0.092 0.0872093023255814
0 0.444 0.24709302325581395 0.07 0.11337209302325581
0 0.796 0.21656976744186046 0.084 0.14825581395348839
0 0.931 0.7398255813953488 0.102 0.15406976744186046
0 0.411 0.8255813953488372 0.092 0.18023255813953487
0 0.295 0.8895348837209303 0.06 0.11046511627906977
1 0.24 0.4738372093023256 0.118 0.12209302325581395
1 0.366 0.5494186046511628 0.094 0.12790697674418605
1 0.506 0.2921511627906977 0.104 0.15406976744186046
1 0.802 0.3023255813953488 0.1 0.15406976744186046
1 0.687 0.9811046511627907 0.094 0.0377906976744186