0 0.050911854103343465 0.21784232365145229 0.05319148936170213 0.07883817427385892
0 0.2993920972644377 0.08506224066390042 0.07750759878419453 0.12033195020746888
0 0.22796352583586627 0.487551867219917 0.10182370820668693 0.10580912863070539
0 0.581306990881459 0.15871369294605808 0.05167173252279635 0.07883817427385892
0 0.5949848024316109 0.24273858921161826 0.07750759878419453 0.12240663900414937
0 0.7796352583586627 0.5466804979253111 0.05927051671732523 0.10580912863070539
0 0.7644376899696048 0.8931535269709544 0.06534954407294832 0.04771784232365145
0 0.6094224924012158 0.8682572614107884 0.06231003039513678 0.0975103734439834
1 0.08358662613981763 0.06950207468879668 0.057750759878419454 0.06639004149377593
1 0.1398176291793313 0.08402489626556017 0.0486322188449848 0.09336099585062241
1 0.23556231003039513 0.12966804979253113 0.05927051671732523 0.08298755186721991
1 0.2256838905775076 0.19605809128630705 0.07446808510638298 0.06639004149377593
1 0.4247720364741641 0.8443983402489627 0.05015197568389058 0.0954356846473029
1 0.4148936170212766 0.13796680497925312 0.05319148936170213 0.0954356846473029
1 0.4156534954407295 0.2437759336099585 0.04711246200607903 0.09336099585062241
1 0.6990881458966566 0.3412863070539419 0.06231003039513678 0.07053941908713693
1 0.723404255319149 0.75 0.06534954407294832 0.09336099585062241