0 0.5641993957703928 0.8403465346534653 0.06948640483383686 0.11138613861386139
0 0.5551359516616314 0.5866336633663366 0.08610271903323263 0.14603960396039603
0 0.601963746223565 0.8353960396039604 0.06646525679758308 0.1188118811881188
0 0.6616314199395771 0.8118811881188119 0.07250755287009064 0.11138613861386139
0 0.6216012084592145 0.8898514851485149 0.0634441087613293 0.12128712871287128
0 0.756797583081571 0.4405940594059406 0.06797583081570997 0.10891089108910891
0 0.649546827794562 0.21782178217821782 0.07250755287009064 0.12128712871287128
0 0.5279456193353474 0.5061881188118812 0.09365558912386707 0.1707920792079208
0 0.47129909365558914 0.5099009900990099 0.09365558912386707 0.13613861386138615
0 0.41012084592145015 0.2400990099009901 0.09365558912386707 0.15346534653465346
0 0.297583081570997 0.3193069306930693 0.09667673716012085 0.1311881188118812
1 0.4131419939577039 0.043316831683168314 0.0891238670694864 0.08663366336633663
1 0.5113293051359517 0.02103960396039604 0.0649546827794562 0.04207920792079208
1 0.4554380664652568 0.13861386138613863 0.08459214501510574 0.12871287128712872
1 0.38972809667673713 0.49504950495049505 0.07401812688821752 0.12871287128712872
1 0.6057401812688822 0.25742574257425743 0.08761329305135952 0.13613861386138615
1 0.7175226586102719 0.34282178217821785 0.08157099697885196 0.1311881188118812
1 0.627643504531722 0.6175742574257426 0.06042296072507553 0.11138613861386139
1 0.6638972809667674 0.6621287128712872 0.04682779456193353 0.07673267326732673
1 0.7137462235649547 0.594059405940594 0.08006042296072508 0.12623762376237624
1 0.7507552870090635 0.7116336633663366 0.03927492447129909 0.06683168316831684
1 0.7273413897280967 0.7636138613861386 0.045317220543806644 0.07920792079207921