0 0.15184049079754602 0.12053571428571429 0.07208588957055215 0.08705357142857142
0 0.19861963190184048 0.12053571428571429 0.07822085889570553 0.109375
0 0.2937116564417178 0.17522321428571427 0.07208588957055215 0.07366071428571429
0 0.36349693251533743 0.16964285714285715 0.06441717791411043 0.10267857142857142
0 0.125 0.7667410714285714 0.07668711656441718 0.08035714285714286
0 0.23159509202453987 0.8069196428571429 0.06595092024539877 0.10491071428571429
0 0.5950920245398773 0.7901785714285714 0.07975460122699386 0.14508928571428573
0 0.8289877300613497 0.9732142857142857 0.09355828220858896 0.05357142857142857
0 0.8980061349693251 0.6997767857142857 0.07208588957055215 0.13169642857142858
0 0.8780674846625767 0.1484375 0.08895705521472393 0.14508928571428573
1 0.04217791411042945 0.3325892857142857 0.06288343558282208 0.07589285714285714
1 0.18021472392638035 0.42745535714285715 0.0705521472392638 0.07366071428571429
1 0.29141104294478526 0.4263392857142857 0.08128834355828221 0.07589285714285714
1 0.36809815950920244 0.40625 0.08128834355828221 0.078125
1 0.7131901840490797 0.4799107142857143 0.0843558282208589 0.125
1 0.6035276073619632 0.8917410714285714 0.04141104294478527 0.13392857142857142
1 0.3496932515337423 0.6919642857142857 0.0705521472392638 0.11830357142857142
1 0.401840490797546 0.8627232142857143 0.04754601226993865 0.11607142857142858
1 0.04294478527607362 0.5412946428571429 0.07208588957055215 0.07589285714285714