0 0.7111436950146628 0.5254237288135594 0.07331378299120235 0.10805084745762712
0 0.5439882697947214 0.2754237288135593 0.08797653958944282 0.13983050847457626
0 0.2844574780058651 0.7754237288135594 0.04252199413489736 0.11440677966101695
0 0.28225806451612906 0.8866525423728814 0.02932551319648094 0.1419491525423729
0 0.6173020527859238 0.9851694915254238 0.07917888563049853 0.029661016949152543
0 0.6642228739002932 0.9629237288135594 0.07038123167155426 0.04449152542372881
1 0.44208211143695014 0.9078389830508474 0.05571847507331378 0.1292372881355932
1 0.6041055718475073 0.8167372881355932 0.0718475073313783 0.09110169491525423
1 0.6869501466275659 0.7478813559322034 0.0718475073313783 0.0847457627118644
1 0.7426686217008798 0.19597457627118645 0.09090909090909091 0.08686440677966102
1 0.2873900293255132 0.19279661016949154 0.07917888563049853 0.1504237288135593
1 0.40689149560117305 0.736228813559322 0.05278592375366569 0.1292372881355932