0 0.6614754098360656 0.9338942307692307 0.05081967213114754 0.052884615384615384
0 0.4918032786885246 0.9026442307692307 0.047540983606557376 0.08173076923076923
0 0.601639344262295 0.7391826923076923 0.08524590163934426 0.09375
0 0.8327868852459016 0.7487980769230769 0.060655737704918035 0.09615384615384616
0 0.8336065573770491 0.6045673076923077 0.05245901639344262 0.08653846153846154
0 0.7254098360655737 0.38822115384615385 0.08688524590163935 0.1346153846153846
0 0.6163934426229508 0.3870192307692308 0.1 0.12980769230769232
0 0.7491803278688525 0.18990384615384615 0.08032786885245902 0.12259615384615384
0 0.7639344262295082 0.10216346153846154 0.04590163934426229 0.12740384615384615
0 0.4491803278688525 0.421875 0.10819672131147541 0.12740384615384615
0 0.29180327868852457 0.4831730769230769 0.10655737704918032 0.14903846153846154
0 0.16639344262295083 0.25240384615384615 0.07377049180327869 0.10817307692307693
1 0.8360655737704918 0.8677884615384616 0.047540983606557376 0.038461538461538464
1 0.5508196721311476 0.9603365384615384 0.05901639344262295 0.07932692307692307
1 0.6770491803278689 0.8461538461538461 0.05737704918032787 0.10576923076923077
1 0.7336065573770492 0.5612980769230769 0.08852459016393442 0.12980769230769232
1 0.7836065573770492 0.3317307692307692 0.07377049180327869 0.12259615384615384
1 0.5901639344262295 0.016826923076923076 0.09180327868852459 0.03365384615384615
1 0.5959016393442623 0.09735576923076923 0.10491803278688525 0.12980769230769232
1 0.4721311475409836 0.06009615384615385 0.10819672131147541 0.1201923076923077
1 0.34672131147540985 0.1658653846153846 0.08196721311475409 0.1346153846153846
1 0.25163934426229506 0.13822115384615385 0.09180327868852459 0.12980769230769232
1 0.5704918032786885 0.5 0.09016393442622951 0.10096153846153846
1 0.5426229508196722 0.8245192307692307 0.06229508196721312 0.11538461538461539
1 0.521311475409836 0.7295673076923077 0.08360655737704918 0.14182692307692307