0 0.9626623376623377 0.48672566371681414 0.07467532467532467 0.13274336283185842
0 0.5487012987012987 0.08628318584070796 0.11363636363636363 0.13716814159292035
0 0.2702922077922078 0.2179203539823009 0.08766233766233766 0.13053097345132744
0 0.1793831168831169 0.3274336283185841 0.08279220779220779 0.07964601769911504
0 0.12987012987012986 0.3805309734513274 0.0762987012987013 0.08185840707964602
0 0.237012987012987 0.911504424778761 0.0762987012987013 0.12168141592920353
0 0.23295454545454544 0.9845132743362832 0.08603896103896104 0.030973451327433628
0 0.28814935064935066 0.9579646017699115 0.07954545454545454 0.084070796460177
0 0.9212662337662337 0.18252212389380532 0.06818181818181818 0.11946902654867257
1 0.7840909090909091 0.09734513274336283 0.09577922077922078 0.1261061946902655
1 0.8498376623376623 0.2013274336283186 0.09740259740259741 0.11061946902654868
1 0.4943181818181818 0.3661504424778761 0.09415584415584416 0.11061946902654868
1 0.4074675324675325 0.09623893805309734 0.07467532467532467 0.11061946902654868
1 0.2532467532467532 0.5011061946902655 0.07792207792207792 0.11061946902654868
1 0.18019480519480519 0.5298672566371682 0.06655844155844155 0.09513274336283185
1 0.45211038961038963 0.8860619469026548 0.09415584415584416 0.12168141592920353
1 0.3717532467532468 0.8329646017699115 0.08441558441558442 0.11061946902654868
1 0.17126623376623376 0.8473451327433629 0.07305194805194805 0.09070796460176991