0 0.7941666666666667 0.2784090909090909 0.07833333333333334 0.10227272727272728
0 0.76 0.3568181818181818 0.10166666666666667 0.1340909090909091
0 0.685 0.7795454545454545 0.09 0.10909090909090909
0 0.4508333333333333 0.9704545454545455 0.06833333333333333 0.05909090909090909
0 0.36583333333333334 0.7954545454545454 0.095 0.12727272727272726
0 0.3408333333333333 0.07272727272727272 0.07166666666666667 0.08863636363636364
1 0.6941666666666667 0.07613636363636364 0.08666666666666667 0.11818181818181818
1 0.6275 0.13977272727272727 0.08333333333333333 0.10454545454545454
1 0.7583333333333333 0.5477272727272727 0.07333333333333333 0.10909090909090909
1 0.525 0.8556818181818182 0.085 0.11136363636363636
1 0.2625 0.5579545454545455 0.08666666666666667 0.11363636363636363