0 0.9342105263157895 0.28005464480874315 0.06766917293233082 0.09289617486338798
0 0.9069548872180451 0.12568306010928962 0.07142857142857142 0.12021857923497267
0 0.6306390977443609 0.16939890710382513 0.07330827067669173 0.07377049180327869
0 0.543233082706767 0.15846994535519127 0.07706766917293233 0.07650273224043716
0 0.8364661654135338 0.8633879781420765 0.09774436090225563 0.1092896174863388
0 0.731203007518797 0.9234972677595629 0.06390977443609022 0.04918032786885246
0 0.2199248120300752 0.9562841530054644 0.10150375939849623 0.08743169398907104
0 0.14661654135338345 0.8702185792349727 0.10526315789473684 0.16120218579234974
0 0.15695488721804512 0.16256830601092895 0.12218045112781954 0.16120218579234974
1 0.7537593984962406 0.13934426229508196 0.09210526315789473 0.1366120218579235
1 0.9558270676691729 0.587431693989071 0.07894736842105263 0.09289617486338798
1 0.7180451127819549 0.4262295081967213 0.10338345864661654 0.12568306010928962
1 0.618421052631579 0.4672131147540984 0.08834586466165413 0.09562841530054644
1 0.6607142857142857 0.8319672131147541 0.08082706766917293 0.13387978142076504
1 0.5422932330827067 0.9494535519125683 0.06203007518796992 0.10109289617486339
1 0.5103383458646616 0.9836065573770492 0.05075187969924812 0.03278688524590164
1 0.018796992481203006 0.45491803278688525 0.03759398496240601 0.10655737704918032