0 0.7060931899641577 0.9338624338624338 0.06810035842293907 0.13227513227513227
0 0.8127240143369175 0.22486772486772486 0.08602150537634409 0.11375661375661375
0 0.7204301075268817 0.17063492063492064 0.11290322580645161 0.15873015873015872
0 0.7311827956989247 0.20899470899470898 0.10215053763440861 0.14814814814814814
0 0.43189964157706096 0.9497354497354498 0.0967741935483871 0.10052910052910052
0 0.3897849462365591 0.8465608465608465 0.12724014336917563 0.17989417989417988
0 0.11827956989247312 0.6891534391534392 0.11290322580645161 0.16666666666666666
0 0.08154121863799284 0.667989417989418 0.08422939068100359 0.13227513227513227
0 0.19265232974910393 0.37433862433862436 0.08422939068100359 0.13227513227513227
1 0.24551971326164876 0.8068783068783069 0.12365591397849462 0.15873015873015872
1 0.17652329749103943 0.7023809523809523 0.11469534050179211 0.16666666666666666
1 0.8593189964157706 0.44576719576719576 0.10931899641577061 0.16666666666666666
1 0.7455197132616488 0.4801587301587302 0.1111111111111111 0.16137566137566137
1 0.5564516129032258 0.291005291005291 0.0985663082437276 0.1455026455026455