0 0.53125 0.014763779527559055 0.051630434782608696 0.02952755905511811
0 0.6820652173913043 0.2372047244094488 0.050271739130434784 0.07677165354330709
0 0.5862771739130435 0.22440944881889763 0.05298913043478261 0.06496062992125984
0 0.4313858695652174 0.1062992125984252 0.06793478260869565 0.09448818897637795
0 0.21875 0.28346456692913385 0.04483695652173913 0.08267716535433071
0 0.1827445652173913 0.2204724409448819 0.04755434782608696 0.08464566929133858
0 0.5448369565217391 0.7775590551181102 0.10597826086956522 0.13976377952755906
0 0.5061141304347826 0.8385826771653543 0.08695652173913043 0.11023622047244094
1 0.31657608695652173 0.12893700787401574 0.059782608695652176 0.09448818897637795
1 0.32472826086956524 0.10433070866141732 0.04483695652173913 0.07086614173228346
1 0.4544836956521739 0.1673228346456693 0.06929347826086957 0.10236220472440945
1 0.5645380434782609 0.3188976377952756 0.06657608695652174 0.11023622047244094
1 0.5332880434782609 0.484251968503937 0.10869565217391304 0.16141732283464566