0 0.7893890675241158 0.11556603773584906 0.06913183279742766 0.09905660377358491
0 0.5972668810289389 0.031839622641509434 0.06270096463022508 0.06367924528301887
0 0.48392282958199356 0.031839622641509434 0.06109324758842444 0.06367924528301887
0 0.47186495176848875 0.06485849056603774 0.09485530546623794 0.12971698113207547
0 0.41559485530546625 0.30778301886792453 0.08681672025723473 0.1320754716981132
0 0.1832797427652733 0.24528301886792453 0.10128617363344052 0.1320754716981132
0 0.2379421221864952 0.2653301886792453 0.1045016077170418 0.15566037735849056
0 0.4252411575562701 0.38797169811320753 0.09003215434083602 0.13443396226415094
0 0.20016077170418006 0.8101415094339622 0.09485530546623794 0.14858490566037735
0 0.4742765273311897 0.6509433962264151 0.0932475884244373 0.13679245283018868
0 0.5442122186495176 0.7193396226415094 0.07877813504823152 0.11556603773584906
0 0.47106109324758844 0.9634433962264151 0.0932475884244373 0.07311320754716981
1 0.5040192926045016 0.18867924528301888 0.09646302250803858 0.14150943396226415
1 0.36977491961414793 0.2240566037735849 0.08681672025723473 0.12971698113207547
1 0.3102893890675241 0.16745283018867924 0.07877813504823152 0.11556603773584906
1 0.03135048231511254 0.44221698113207547 0.06270096463022508 0.12971698113207547
1 0.12861736334405144 0.5554245283018868 0.09646302250803858 0.14386792452830188
1 0.21302250803858522 0.48702830188679247 0.11093247588424437 0.1650943396226415
1 0.22106109324758844 0.6096698113207547 0.10128617363344052 0.15330188679245282
1 0.39389067524115756 0.5790094339622641 0.09003215434083602 0.12735849056603774
1 0.2829581993569132 0.8808962264150944 0.09967845659163987 0.16273584905660377
1 0.37942122186495175 0.9563679245283019 0.11254019292604502 0.08726415094339622
1 0.5996784565916399 0.7759433962264151 0.09003215434083602 0.13679245283018868
1 0.6495176848874598 0.43278301886792453 0.09485530546623794 0.13443396226415094
1 0.7226688102893891 0.39858490566037735 0.08038585209003216 0.11556603773584906
1 0.7668810289389068 0.330188679245283 0.0819935691318328 0.11320754716981132
1 0.912379421221865 0.4705188679245283 0.0594855305466238 0.08490566037735849