0 0.44371345029239767 0.008 0.07163742690058479 0.016
0 0.25584795321637427 0.652 0.06432748538011696 0.108
0 0.25219298245614036 0.741 0.06725146198830409 0.098
0 0.2953216374269006 0.805 0.07602339181286549 0.094
0 0.25511695906432746 0.818 0.054093567251461985 0.106
0 0.6381578947368421 0.945 0.07456140350877193 0.082
0 0.6198830409356725 0.781 0.0804093567251462 0.11
1 0.2807017543859649 0.142 0.06871345029239766 0.094
1 0.6557017543859649 0.887 0.05847953216374269 0.06
1 0.5906432748538012 0.764 0.08187134502923976 0.096
1 0.38377192982456143 0.692 0.06725146198830409 0.102
1 0.4415204678362573 0.825 0.06578947368421052 0.102