0 0.6516666666666666 0.28365384615384615 0.08333333333333333 0.1201923076923077
0 0.9108333333333334 0.5168269230769231 0.07166666666666667 0.10817307692307693
0 0.9875 0.7091346153846154 0.025 0.11057692307692307
0 0.5708333333333333 0.8533653846153846 0.08 0.10096153846153846
0 0.18333333333333332 0.8317307692307693 0.058333333333333334 0.0985576923076923
0 0.21416666666666667 0.9026442307692307 0.05 0.0889423076923077
0 0.15666666666666668 0.23076923076923078 0.058333333333333334 0.06971153846153846
0 0.011666666666666667 0.2824519230769231 0.023333333333333334 0.0985576923076923
1 0.8933333333333333 0.20673076923076922 0.07166666666666667 0.11298076923076923
1 0.7133333333333334 0.4579326923076923 0.08666666666666667 0.125
1 0.8116666666666666 0.7620192307692307 0.08 0.125
1 0.36916666666666664 0.8581730769230769 0.07 0.09134615384615384
1 0.3358333333333333 0.890625 0.055 0.07932692307692307
1 0.325 0.7668269230769231 0.07833333333333334 0.11778846153846154
1 0.26916666666666667 0.37259615384615385 0.08166666666666667 0.10817307692307693