0 0.735239852398524 0.14646464646464646 0.09778597785977859 0.13636363636363635
0 0.8081180811808119 0.2904040404040404 0.0940959409594096 0.10353535353535354
0 0.8791512915129152 0.3611111111111111 0.08302583025830258 0.10858585858585859
0 0.8394833948339483 0.6388888888888888 0.12361623616236163 0.19696969696969696
0 0.6531365313653137 0.9785353535353535 0.0996309963099631 0.04292929292929293
1 0.2564575645756458 0.13005050505050506 0.10516605166051661 0.14898989898989898
1 0.533210332103321 0.05176767676767677 0.09225092250922509 0.10353535353535354
1 0.6190036900369004 0.6856060606060606 0.09778597785977859 0.14646464646464646
1 0.45387453874538747 0.946969696969697 0.08118081180811808 0.10606060606060606
1 0.834870848708487 0.922979797979798 0.08856088560885608 0.13383838383838384
1 0.7047970479704797 0.3813131313131313 0.07933579335793357 0.11616161616161616
1 0.8791512915129152 0.5707070707070707 0.07195571955719557 0.10858585858585859