0 0.4207142857142857 0.0125 0.06428571428571428 0.025
0 0.24571428571428572 0.45227272727272727 0.06857142857142857 0.10454545454545454
0 0.19214285714285714 0.6 0.07 0.13863636363636364
0 0.23357142857142857 0.5352272727272728 0.06428571428571428 0.1
0 0.7164285714285714 0.11363636363636363 0.06428571428571428 0.09772727272727273
0 0.5742857142857143 0.5295454545454545 0.08 0.1340909090909091
0 0.7192857142857143 0.7602272727272728 0.06571428571428571 0.14545454545454545
0 0.715 0.9386363636363636 0.09 0.12272727272727273
0 0.7264285714285714 0.825 0.05142857142857143 0.1
1 0.3335714285714286 0.10681818181818181 0.06428571428571428 0.09318181818181819
1 0.32571428571428573 0.21818181818181817 0.06714285714285714 0.1
1 0.705 0.28863636363636364 0.07428571428571429 0.1159090909090909
1 0.5414285714285715 0.8670454545454546 0.09428571428571429 0.15454545454545454
1 0.265 0.7977272727272727 0.08714285714285715 0.08863636363636364