0 0.366600790513834 0.3735632183908046 0.14624505928853754 0.22701149425287356
0 0.3458498023715415 0.09051724137931035 0.11857707509881422 0.13505747126436782
0 0.17490118577075098 0.20689655172413793 0.08695652173913043 0.09195402298850575
0 0.07608695652173914 0.5732758620689655 0.15217391304347827 0.25
0 0.13142292490118576 0.7298850574712644 0.15810276679841898 0.1896551724137931
1 0.9278656126482213 0.16666666666666666 0.04743083003952569 0.07471264367816093
1 0.9150197628458498 0.7327586206896551 0.08893280632411067 0.08333333333333333
1 0.6887351778656127 0.16522988505747127 0.10474308300395258 0.16666666666666666
1 0.08893280632411067 0.47701149425287354 0.1324110671936759 0.1810344827586207
1 0.4367588932806324 0.5158045977011494 0.1007905138339921 0.15804597701149425
1 0.4535573122529644 0.728448275862069 0.11067193675889328 0.1810344827586207