0 0.7996742671009772 0.6109625668449198 0.10423452768729642 0.1925133689839572
0 0.6188925081433225 0.5200534759358288 0.08794788273615635 0.14171122994652408
0 0.3355048859934853 0.9572192513368984 0.06840390879478828 0.0855614973262032
0 0.44869706840390877 0.9197860962566845 0.057003257328990226 0.10695187165775401
0 0.3298045602605863 0.48262032085561496 0.07003257328990228 0.12299465240641712
0 0.40390879478827363 0.37566844919786097 0.08143322475570032 0.13368983957219252
0 0.5 0.5802139037433155 0.10912052117263844 0.13636363636363635
0 0.5456026058631922 0.5641711229946524 0.08469055374592833 0.13101604278074866
1 0.8721498371335505 0.7700534759358288 0.043973941368078175 0.0748663101604278
1 0.6669381107491856 0.4090909090909091 0.07166123778501629 0.1443850267379679
1 0.8200325732899023 0.7486631016042781 0.09446254071661238 0.16310160427807488
1 0.5423452768729642 0.929144385026738 0.08794788273615635 0.13101604278074866
1 0.6710097719869706 0.8622994652406417 0.0993485342019544 0.15240641711229946
1 0.44869706840390877 0.6203208556149733 0.09120521172638436 0.15240641711229946
1 0.3941368078175896 0.713903743315508 0.09609120521172639 0.14705882352941177
1 0.3298045602605863 0.3783422459893048 0.0781758957654723 0.12566844919786097
1 0.2972312703583062 0.18181818181818182 0.0749185667752443 0.11229946524064172