0 0.17477203647416414 0.6649377593360996 0.0790273556231003 0.1016597510373444
0 0.20516717325227962 0.754149377593361 0.08358662613981763 0.0975103734439834
0 0.12537993920972645 0.7147302904564315 0.07598784194528875 0.1037344398340249
0 0.5334346504559271 0.9429460580912863 0.06231003039513678 0.1016597510373444
0 0.5820668693009119 0.8765560165975104 0.057750759878419454 0.0954356846473029
1 0.8708206686930091 0.40145228215767637 0.0729483282674772 0.0912863070539419
1 0.6816109422492401 0.23236514522821577 0.0790273556231003 0.1016597510373444
1 0.628419452887538 0.11721991701244813 0.0851063829787234 0.10995850622406639
1 0.2317629179331307 0.45228215767634855 0.0668693009118541 0.08091286307053942
1 0.33586626139817627 0.6524896265560166 0.06990881458966565 0.0995850622406639
1 0.493161094224924 0.7811203319502075 0.07142857142857142 0.0995850622406639
1 0.42401215805471126 0.8558091286307054 0.08206686930091185 0.1078838174273859
1 0.23100303951367782 0.8464730290456431 0.037993920972644375 0.04564315352697095