0 0.30830903790087466 0.09915611814345991 0.05830903790087463 0.10970464135021098
0 0.2602040816326531 0.12447257383966245 0.08017492711370262 0.09915611814345991
0 0.07798833819241982 0.14240506329113925 0.05539358600583091 0.09071729957805907
0 0.11224489795918367 0.14345991561181434 0.05539358600583091 0.08860759493670886
0 0.02040816326530612 0.5833333333333334 0.04081632653061224 0.08649789029535865
0 0.06705539358600583 0.6234177215189873 0.07725947521865889 0.09071729957805907
0 0.1836734693877551 0.6424050632911392 0.07580174927113703 0.07383966244725738
0 0.2478134110787172 0.6845991561181435 0.08017492711370262 0.08227848101265822
0 0.24854227405247814 0.22468354430379747 0.09037900874635568 0.1308016877637131
1 0.47303206997084546 0.1729957805907173 0.07871720116618076 0.12869198312236288
1 0.14285714285714285 0.10126582278481013 0.056851311953352766 0.0949367088607595
1 0.17784256559766765 0.21518987341772153 0.06268221574344024 0.10970464135021098
1 0.11005830903790087 0.3280590717299578 0.07142857142857142 0.07172995780590717
1 0.05393586005830904 0.34282700421940926 0.0728862973760933 0.08860759493670886
1 0.0663265306122449 0.4029535864978903 0.07580174927113703 0.0970464135021097
1 0.16909620991253643 0.4166666666666667 0.08309037900874636 0.12025316455696203
1 0.2849854227405248 0.4440928270042194 0.10058309037900874 0.1350210970464135
1 0.31997084548104954 0.47362869198312235 0.08309037900874636 0.10759493670886076