0 0.6213450292397661 0.96 0.07017543859649122 0.08
0 0.5891812865497076 0.927 0.08771929824561403 0.12
0 0.7587719298245614 0.607 0.07456140350877193 0.096
0 0.7682748538011696 0.47 0.05847953216374269 0.096
0 0.7931286549707602 0.389 0.049707602339181284 0.074
0 0.4480994152046784 0.294 0.09649122807017543 0.134
0 0.41739766081871343 0.22 0.0891812865497076 0.122
1 0.7097953216374269 0.696 0.07017543859649122 0.094
1 0.6271929824561403 0.613 0.06578947368421052 0.098
1 0.6608187134502924 0.409 0.06578947368421052 0.09
1 0.7214912280701754 0.243 0.07309941520467836 0.102
1 0.266812865497076 0.355 0.08187134502923976 0.12
1 0.4502923976608187 0.074 0.06140350877192982 0.074
1 0.5460526315789473 0.044 0.054093567251461985 0.068
1 0.5928362573099415 0.029 0.059941520467836254 0.058