0 0.7212732919254659 0.6838565022421524 0.09006211180124224 0.1547085201793722
0 0.7422360248447205 0.7242152466367713 0.06987577639751552 0.11659192825112108
0 0.43711180124223603 0.9630044843049327 0.06677018633540373 0.07399103139013453
0 0.38509316770186336 0.8822869955156951 0.11335403726708075 0.1412556053811659
0 0.6746894409937888 0.3811659192825112 0.11024844720496894 0.15695067264573992
0 0.5590062111801242 0.5044843049327354 0.10093167701863354 0.1412556053811659
1 0.7787267080745341 0.45964125560538116 0.09782608695652174 0.1591928251121076
1 0.6708074534161491 0.07511210762331838 0.10093167701863354 0.14573991031390135
1 0.40139751552795033 0.4495515695067265 0.12577639751552794 0.18161434977578475
1 0.5108695652173914 0.1726457399103139 0.11645962732919254 0.1547085201793722
1 0.2670807453416149 0.5571748878923767 0.11180124223602485 0.15695067264573992
1 0.5954968944099379 0.8329596412556054 0.09161490683229814 0.14349775784753363
1 0.5590062111801242 0.7511210762331838 0.08850931677018634 0.12780269058295965
1 0.6149068322981367 0.9069506726457399 0.06677018633540373 0.10986547085201794