0 0.9611940298507463 0.4153061224489796 0.07761194029850746 0.14489795918367346
0 0.8686567164179104 0.4020408163265306 0.11492537313432835 0.12857142857142856
0 0.8895522388059701 0.3326530612244898 0.09701492537313433 0.14285714285714285
0 0.9126865671641791 0.27653061224489794 0.07313432835820896 0.08163265306122448
0 0.4208955223880597 0.1346938775510204 0.07761194029850746 0.07959183673469387
0 0.3567164179104478 0.12142857142857143 0.07313432835820896 0.08163265306122448
0 0.35074626865671643 0.4010204081632653 0.08656716417910448 0.12040816326530612
0 0.3194029850746269 0.6469387755102041 0.0880597014925373 0.12244897959183673
0 0.15149253731343285 0.6183673469387755 0.058208955223880594 0.09591836734693877
0 0.11940298507462686 0.5959183673469388 0.06567164179104477 0.08979591836734693
1 0.9201492537313433 0.7775510204081633 0.0626865671641791 0.09591836734693877
1 0.917910447761194 0.6540816326530612 0.08656716417910448 0.1
1 0.8261194029850746 0.6857142857142857 0.0880597014925373 0.09387755102040816
1 0.7 0.23469387755102042 0.058208955223880594 0.10204081632653061
1 0.40746268656716417 0.28775510204081634 0.07313432835820896 0.09183673469387756
1 0.29701492537313434 0.25918367346938775 0.06119402985074627 0.07551020408163266
1 0.15447761194029852 0.4163265306122449 0.056716417910447764 0.09183673469387756
1 0.14776119402985075 0.5479591836734694 0.06119402985074627 0.09591836734693877
1 0.017164179104477612 0.47959183673469385 0.034328358208955224 0.07346938775510205
1 0.2835820895522388 0.726530612244898 0.06417910447761194 0.08163265306122448