0 0.2647058823529412 0.9398395721925134 0.11764705882352941 0.11764705882352941
0 0.1892156862745098 0.820855614973262 0.03725490196078431 0.10427807486631016
0 0.7529411764705882 0.20588235294117646 0.09411764705882353 0.09358288770053476
0 0.6598039215686274 0.24866310160427807 0.08823529411764706 0.1443850267379679
0 0.7274509803921568 0.03609625668449198 0.06666666666666667 0.07219251336898395
1 0.4666666666666667 0.9545454545454546 0.08627450980392157 0.09090909090909091
1 0.246078431372549 0.5641711229946524 0.09411764705882353 0.0962566844919786
1 0.17058823529411765 0.5294117647058824 0.09019607843137255 0.08823529411764706
1 0.4441176470588235 0.10160427807486631 0.06470588235294118 0.11764705882352941
1 0.6607843137254902 0.14572192513368984 0.07254901960784314 0.11497326203208556
1 0.8137254901960784 0.5280748663101604 0.09019607843137255 0.11229946524064172