0 0.6634615384615384 0.23891129032258066 0.08727810650887574 0.11088709677419355
0 0.5118343195266272 0.3810483870967742 0.07692307692307693 0.11693548387096774
0 0.22115384615384615 0.4909274193548387 0.08727810650887574 0.11895161290322581
0 0.32322485207100593 0.4798387096774194 0.09911242603550297 0.13306451612903225
0 0.2906804733727811 0.38205645161290325 0.08136094674556213 0.11693548387096774
0 0.5022189349112426 0.2782258064516129 0.09467455621301775 0.13306451612903225
0 0.5983727810650887 0.1532258064516129 0.057692307692307696 0.0907258064516129
0 0.5473372781065089 0.07358870967741936 0.0621301775147929 0.10080645161290322
0 0.4718934911242604 0.04536290322580645 0.07396449704142012 0.0907258064516129
0 0.3727810650887574 0.2782258064516129 0.09763313609467456 0.125
1 0.860207100591716 0.5423387096774194 0.07396449704142012 0.09475806451612903
1 0.7877218934911243 0.4425403225806452 0.07840236686390532 0.10080645161290322
1 0.3831360946745562 0.5413306451612904 0.08579881656804733 0.12298387096774194
1 0.3276627218934911 0.7046370967741935 0.08136094674556213 0.09879032258064516
1 0.20266272189349113 0.3971774193548387 0.07840236686390532 0.0967741935483871
1 0.1886094674556213 0.3276209677419355 0.07840236686390532 0.10685483870967742
1 0.25961538461538464 0.1975806451612903 0.07248520710059171 0.09274193548387097
1 0.3239644970414201 0.10483870967741936 0.06656804733727811 0.09475806451612903
1 0.4378698224852071 0.15524193548387097 0.07544378698224852 0.10887096774193548
1 0.4807692307692308 0.2217741935483871 0.07100591715976332 0.0967741935483871