0 0.44891640866873067 0.03490990990990991 0.06501547987616099 0.06981981981981981
0 0.5325077399380805 0.08220720720720721 0.08204334365325078 0.11261261261261261
0 0.4148606811145511 0.10022522522522523 0.05727554179566564 0.09234234234234234
0 0.3653250773993808 0.17905405405405406 0.05727554179566564 0.11036036036036036
0 0.8181114551083591 0.40540540540540543 0.0804953560371517 0.0945945945945946
0 0.20510835913312694 0.75 0.10526315789473684 0.15990990990990991
0 0.32275541795665635 0.6385135135135135 0.12229102167182662 0.15990990990990991
0 0.07894736842105263 0.6891891891891891 0.08823529411764706 0.12612612612612611
1 0.5657894736842105 0.028153153153153154 0.05727554179566564 0.05630630630630631
1 0.6130030959752322 0.3333333333333333 0.0804953560371517 0.15090090090090091
1 0.565015479876161 0.2376126126126126 0.07585139318885449 0.11936936936936937
1 0.5224458204334366 0.3130630630630631 0.07585139318885449 0.12612612612612611
1 0.7105263157894737 0.6745495495495496 0.09442724458204334 0.1373873873873874
1 0.38544891640866874 0.7421171171171171 0.07739938080495357 0.11036036036036036
1 0.22445820433436534 0.36936936936936937 0.09287925696594428 0.12837837837837837
1 0.15557275541795665 0.7488738738738738 0.09907120743034056 0.13288288288288289