0 0.9058219178082192 0.5911214953271028 0.10616438356164383 0.1588785046728972
0 0.8167808219178082 0.4287383177570093 0.1113013698630137 0.14953271028037382
0 0.5881849315068494 0.16355140186915887 0.07534246575342465 0.12149532710280374
0 0.06934931506849315 0.30957943925233644 0.053082191780821915 0.07242990654205607
0 0.4854452054794521 0.3212616822429907 0.10445205479452055 0.1542056074766355
0 0.1481164383561644 0.5268691588785047 0.09931506849315068 0.13317757009345793
0 0.9417808219178082 0.6635514018691588 0.07534246575342465 0.10747663551401869
1 0.7988013698630136 0.8235981308411215 0.046232876712328765 0.04906542056074766
1 0.6746575342465754 0.2161214953271028 0.0839041095890411 0.10514018691588785
1 0.4529109589041096 0.23014018691588786 0.0958904109589041 0.1308411214953271
1 0.3082191780821918 0.3469626168224299 0.08561643835616438 0.12383177570093458
1 0.24486301369863014 0.7651869158878505 0.08732876712328767 0.11214953271028037
1 0.2054794520547945 0.2616822429906542 0.07191780821917808 0.10514018691588785