0 0.7953216374269005 0.158 0.0804093567251462 0.146
0 0.847953216374269 0.178 0.09649122807017543 0.118
0 0.8932748538011696 0.189 0.05116959064327485 0.094
0 0.668859649122807 0.789 0.04824561403508772 0.102
0 0.6366959064327485 0.863 0.05116959064327485 0.094
0 0.47733918128654973 0.697 0.0804093567251462 0.108
0 0.3216374269005848 0.577 0.08187134502923976 0.108
0 0.23391812865497075 0.77 0.06578947368421052 0.07
0 0.22660818713450293 0.818 0.059941520467836254 0.082
1 0.6067251461988304 0.051 0.04824561403508772 0.068
1 0.7850877192982456 0.436 0.07017543859649122 0.068
1 0.5752923976608187 0.708 0.05847953216374269 0.094
1 0.5233918128654971 0.84 0.04824561403508772 0.078
1 0.34868421052631576 0.892 0.06432748538011696 0.066
1 0.27046783625730997 0.818 0.06578947368421052 0.074
1 0.25511695906432746 0.565 0.054093567251461985 0.08