0 0.1032258064516129 0.39537444933920707 0.09838709677419355 0.14757709251101322
0 0.18306451612903227 0.4592511013215859 0.08387096774193549 0.10352422907488987
0 0.6548387096774193 0.7092511013215859 0.09516129032258064 0.11894273127753303
0 0.4153225806451613 0.8722466960352423 0.06451612903225806 0.10572687224669604
0 0.4653225806451613 0.947136563876652 0.06612903225806452 0.10572687224669604
0 0.8903225806451613 0.6905286343612335 0.0935483870967742 0.11674008810572688
0 0.8717741935483871 0.6101321585903083 0.06129032258064516 0.08370044052863436
1 0.4637096774193548 0.6068281938325991 0.09516129032258064 0.13215859030837004
1 0.525 0.7455947136563876 0.08870967741935484 0.1277533039647577
1 0.617741935483871 0.9306167400881057 0.08064516129032258 0.1145374449339207
1 0.771774193548387 0.44383259911894274 0.08548387096774193 0.10352422907488987
1 0.7491935483870967 0.5737885462555066 0.08548387096774193 0.11894273127753303