0 0.8001760563380281 0.9579326923076923 0.06866197183098592 0.07211538461538461
0 0.8415492957746479 0.7007211538461539 0.056338028169014086 0.11298076923076923
0 0.8512323943661971 0.5204326923076923 0.03169014084507042 0.11057692307692307
0 0.778169014084507 0.109375 0.03345070422535211 0.10817307692307693
0 0.7508802816901409 0.027644230769230768 0.040492957746478875 0.055288461538461536
0 0.21214788732394366 0.5 0.056338028169014086 0.13701923076923078
0 0.25440140845070425 0.021634615384615384 0.07394366197183098 0.03365384615384615
1 0.545774647887324 0.9771634615384616 0.07922535211267606 0.04567307692307692
1 0.7517605633802817 0.9146634615384616 0.0721830985915493 0.09375
1 0.8230633802816901 0.22956730769230768 0.07922535211267606 0.07211538461538461
1 0.6320422535211268 0.13221153846153846 0.07042253521126761 0.10096153846153846
1 0.2579225352112676 0.27884615384615385 0.06866197183098592 0.08653846153846154
1 0.4242957746478873 0.5180288461538461 0.06514084507042253 0.11298076923076923