0 0.07357859531772576 0.7214673913043478 0.03678929765886288 0.09510869565217392
0 0.1028428093645485 0.8410326086956522 0.06521739130434782 0.08423913043478261
0 0.4498327759197324 0.9619565217391305 0.06354515050167224 0.07608695652173914
0 0.5292642140468228 0.7934782608695652 0.07525083612040134 0.10869565217391304
0 0.47240802675585286 0.15625 0.05852842809364549 0.12771739130434784
0 0.4974916387959866 0.019021739130434784 0.07859531772575251 0.03804347826086957
0 0.6747491638795987 0.04619565217391304 0.08528428093645485 0.09239130434782608
0 0.7775919732441472 0.23233695652173914 0.09364548494983277 0.13858695652173914
0 0.8712374581939799 0.8654891304347826 0.06688963210702341 0.10054347826086957
0 0.9841137123745819 0.5054347826086957 0.03177257525083612 0.14130434782608695
0 0.8913043478260869 0.7730978260869565 0.05016722408026756 0.09510869565217392
1 0.056856187290969896 0.36820652173913043 0.06020066889632107 0.08423913043478261
1 0.14130434782608695 0.40625 0.07859531772575251 0.09510869565217392
1 0.23745819397993312 0.32065217391304346 0.06020066889632107 0.06521739130434782
1 0.6672240802675585 0.28125 0.056856187290969896 0.12771739130434784
1 0.7215719063545151 0.3220108695652174 0.07525083612040134 0.11684782608695653
1 0.7107023411371237 0.18206521739130435 0.08361204013377926 0.11956521739130435
1 0.8712374581939799 0.0625 0.06020066889632107 0.125
1 0.8369565217391305 0.5176630434782609 0.06856187290969899 0.11141304347826086
1 0.6948160535117057 0.42934782608695654 0.07525083612040134 0.13043478260869565
1 0.7190635451505016 0.5978260869565217 0.07357859531772576 0.15760869565217392
1 0.677257525083612 0.9633152173913043 0.10367892976588629 0.07336956521739131
1 0.6346153846153846 0.9252717391304348 0.07190635451505016 0.12771739130434784
1 0.2734113712374582 0.9239130434782609 0.061872909698996656 0.13043478260869565
1 0.19063545150501673 0.7214673913043478 0.05351170568561873 0.11141304347826086