0 0.4236111111111111 0.11704545454545455 0.0763888888888889 0.1318181818181818
0 0.6534722222222222 0.025 0.06805555555555555 0.05
0 0.9694444444444444 0.37727272727272726 0.06111111111111111 0.11363636363636363
0 0.9784722222222222 0.7397727272727272 0.043055555555555555 0.1159090909090909
0 0.6868055555555556 0.8613636363636363 0.07361111111111111 0.1340909090909091
0 0.8944444444444445 0.3659090909090909 0.05694444444444444 0.09772727272727273
0 0.6486111111111111 0.7272727272727273 0.05416666666666667 0.09090909090909091
0 0.43125 0.8352272727272727 0.06111111111111111 0.09772727272727273
0 0.4048611111111111 0.7806818181818181 0.06944444444444445 0.1
0 0.46597222222222223 0.575 0.05416666666666667 0.08863636363636364
0 0.3611111111111111 0.7306818181818182 0.06944444444444445 0.1
0 0.47638888888888886 0.509090909090909 0.08055555555555556 0.11363636363636363
0 0.44375 0.43522727272727274 0.07222222222222222 0.1318181818181818
0 0.5152777777777777 0.20909090909090908 0.07083333333333333 0.125
0 0.4888888888888889 0.8943181818181818 0.044444444444444446 0.06818181818181818
0 0.9236111111111112 0.7522727272727273 0.043055555555555555 0.08863636363636364
1 0.6097222222222223 0.08863636363636364 0.07361111111111111 0.1431818181818182
1 0.8965277777777778 0.18636363636363637 0.08611111111111111 0.1318181818181818
1 0.9659722222222222 0.44886363636363635 0.06805555555555555 0.12045454545454545
1 0.8284722222222223 0.6 0.08055555555555556 0.125
1 0.8479166666666667 0.7943181818181818 0.07777777777777778 0.13863636363636364
1 0.7833333333333333 0.5022727272727273 0.09444444444444444 0.1431818181818182
1 0.6527777777777778 0.6147727272727272 0.08333333333333333 0.12727272727272726
1 0.5402777777777777 0.9011363636363636 0.07777777777777778 0.11363636363636363
1 0.36041666666666666 0.8454545454545455 0.06805555555555555 0.09772727272727273
1 0.25416666666666665 0.8727272727272727 0.05277777777777778 0.08409090909090909
1 0.4798611111111111 0.6840909090909091 0.07083333333333333 0.10227272727272728
1 0.49166666666666664 0.7625 0.05416666666666667 0.075
1 0.5388888888888889 0.7715909090909091 0.08055555555555556 0.125
1 0.6305555555555555 0.4465909090909091 0.08888888888888889 0.1431818181818182
1 0.5840277777777778 0.21477272727272728 0.08888888888888889 0.15454545454545454
1 0.4027777777777778 0.3386363636363636 0.08194444444444444 0.125
1 0.9493055555555555 0.6863636363636364 0.08055555555555556 0.1409090909090909