0 0.7233727810650887 0.25 0.07692307692307693 0.10887096774193548
0 0.6612426035502958 0.2247983870967742 0.08579881656804733 0.11895161290322581
0 0.5502958579881657 0.2610887096774194 0.08875739644970414 0.12701612903225806
0 0.507396449704142 0.7893145161290323 0.09023668639053255 0.12701612903225806
0 0.4755917159763314 0.8608870967741935 0.08727810650887574 0.11693548387096774
0 0.6316568047337278 0.9606854838709677 0.06804733727810651 0.07862903225806452
0 0.7707100591715976 0.4465725806451613 0.08579881656804733 0.11290322580645161
0 0.9223372781065089 0.5957661290322581 0.060650887573964495 0.09274193548387097
0 0.9874260355029586 0.6179435483870968 0.02514792899408284 0.07459677419354839
1 0.128698224852071 0.1592741935483871 0.07544378698224852 0.10080645161290322
1 0.5096153846153846 0.10584677419354839 0.0695266272189349 0.1028225806451613
1 0.7019230769230769 0.3528225806451613 0.05621301775147929 0.0907258064516129
1 0.6013313609467456 0.1159274193548387 0.05473372781065089 0.07056451612903226
1 0.7544378698224852 0.7076612903225806 0.0695266272189349 0.0907258064516129
1 0.841715976331361 0.6310483870967742 0.057692307692307696 0.07661290322580645
1 0.9334319526627219 0.7288306451612904 0.051775147928994084 0.07661290322580645
1 0.5170118343195266 0.8659274193548387 0.07396449704142012 0.11088709677419355
1 0.33505917159763315 0.7570564516129032 0.0650887573964497 0.09274193548387097
1 0.371301775147929 0.6199596774193549 0.08136094674556213 0.11895161290322581