0 0.4126865671641791 0.13695652173913042 0.08358208955223881 0.07391304347826087
0 0.30970149253731344 0.5456521739130434 0.0791044776119403 0.12608695652173912
0 0.5701492537313433 0.9108695652173913 0.08507462686567165 0.1391304347826087
0 0.5634328358208955 0.758695652173913 0.08358208955223881 0.13043478260869565
0 0.5656716417910448 0.6869565217391305 0.09253731343283582 0.12608695652173912
0 0.564179104477612 0.5032608695652174 0.06716417910447761 0.13043478260869565
0 0.7910447761194029 0.7597826086956522 0.07462686567164178 0.09565217391304348
0 0.7716417910447761 0.8054347826086956 0.0955223880597015 0.09347826086956522
0 0.764179104477612 0.1956521739130435 0.0791044776119403 0.0891304347826087
1 0.7738805970149254 0.48586956521739133 0.06567164179104477 0.06956521739130435
1 0.6925373134328359 0.4652173913043478 0.05970149253731343 0.09347826086956522
1 0.7067164179104478 0.26413043478260867 0.06119402985074627 0.10652173913043478
1 0.4783582089552239 0.3467391304347826 0.0626865671641791 0.09782608695652174
1 0.40298507462686567 0.44130434782608696 0.06865671641791045 0.06739130434782609
1 0.28134328358208954 0.9608695652173913 0.08208955223880597 0.05217391304347826
1 0.31865671641791044 0.7923913043478261 0.056716417910447764 0.12391304347826088