0 0.4882445141065831 0.05223880597014925 0.0987460815047022 0.1044776119402985
0 0.28134796238244514 0.5447761194029851 0.048589341692789965 0.09203980099502487
0 0.41927899686520376 0.7736318407960199 0.06583072100313479 0.1044776119402985
0 0.3761755485893417 0.845771144278607 0.09404388714733543 0.15920398009950248
1 0.30329153605015674 0.10074626865671642 0.061128526645768025 0.05970149253731343
1 0.17711598746081506 0.20398009950248755 0.07836990595611286 0.11194029850746269
1 0.1865203761755486 0.35199004975124376 0.07210031347962383 0.12935323383084577
1 0.329153605015674 0.4664179104477612 0.09090909090909091 0.1417910447761194
1 0.2852664576802508 0.6131840796019901 0.06739811912225706 0.10696517412935323
1 0.6520376175548589 0.8296019900497512 0.08620689655172414 0.14925373134328357
1 0.5619122257053292 0.9465174129353234 0.07053291536050156 0.10696517412935323
1 0.4952978056426332 0.9713930348258707 0.06583072100313479 0.05721393034825871
1 0.4169278996865204 0.9564676616915423 0.07523510971786834 0.08706467661691543