0 0.7414330218068536 0.18438914027149322 0.08878504672897196 0.13800904977375567
0 0.8177570093457944 0.38235294117647056 0.10124610591900311 0.1515837104072398
0 0.1853582554517134 0.24773755656108598 0.11370716510903427 0.16063348416289594
0 0.2749221183800623 0.41402714932126694 0.11838006230529595 0.17647058823529413
0 0.37305295950155765 0.580316742081448 0.09813084112149532 0.16063348416289594
0 0.3855140186915888 0.7296380090497737 0.09034267912772585 0.1425339366515837
0 0.45638629283489096 0.8280542986425339 0.09190031152647975 0.13574660633484162
0 0.04127725856697819 0.5916289592760181 0.08255451713395638 0.1515837104072398
1 0.6277258566978193 0.3721719457013575 0.09034267912772585 0.1493212669683258
1 0.5560747663551402 0.2703619909502262 0.08878504672897196 0.1425339366515837
1 0.06853582554517133 0.7341628959276018 0.06853582554517133 0.13800904977375567
1 0.1409657320872274 0.7805429864253394 0.06853582554517133 0.14027149321266968
1 0.1378504672897196 0.9479638009049773 0.06697819314641744 0.10407239819004525
1 0.11137071651090343 0.9355203619909502 0.07476635514018691 0.11764705882352941