0 0.1063664596273292 0.4445812807881773 0.04503105590062112 0.07635467980295567
0 0.05357142857142857 0.5504926108374384 0.04192546583850932 0.0665024630541872
0 0.1048136645962733 0.5985221674876847 0.03571428571428571 0.059113300492610835
0 0.07763975155279502 0.6330049261083743 0.043478260869565216 0.06896551724137931
0 0.11568322981366459 0.8115763546798029 0.03881987577639751 0.06157635467980296
0 0.17701863354037267 0.6625615763546798 0.031055900621118012 0.06896551724137931
0 0.1265527950310559 0.7118226600985221 0.03881987577639751 0.059113300492610835
0 0.5450310559006211 0.09359605911330049 0.049689440993788817 0.08374384236453201
0 0.7725155279503105 0.03201970443349754 0.05124223602484472 0.06403940886699508
0 0.6832298136645962 0.7105911330049262 0.06832298136645963 0.1354679802955665
0 0.7399068322981367 0.9002463054187192 0.06677018633540373 0.12561576354679804
0 0.937888198757764 0.9839901477832512 0.052795031055900624 0.03201970443349754
0 0.937111801242236 0.9384236453201971 0.05434782608695652 0.10837438423645321
0 0.9767080745341615 0.9334975369458128 0.046583850931677016 0.07881773399014778
1 0.9829192546583851 0.05788177339901478 0.034161490683229816 0.11576354679802955
1 0.7453416149068323 0.05172413793103448 0.049689440993788817 0.06403940886699508
1 0.21894409937888198 0.37192118226600984 0.052795031055900624 0.08374384236453201
1 0.21894409937888198 0.5911330049261084 0.046583850931677016 0.08374384236453201
1 0.008540372670807454 0.6391625615763546 0.017080745341614908 0.0665024630541872
1 0.02406832298136646 0.708128078817734 0.03881987577639751 0.0665024630541872
1 0.02872670807453416 0.7770935960591133 0.03881987577639751 0.05665024630541872
1 0.2468944099378882 0.8694581280788177 0.049689440993788817 0.06896551724137931
1 0.2639751552795031 0.7857142857142857 0.040372670807453416 0.04433497536945813
1 0.17003105590062112 0.6711822660098522 0.05124223602484472 0.03694581280788178
1 0.5178571428571429 0.8940886699507389 0.04192546583850932 0.09852216748768473
1 0.9316770186335404 0.5307881773399015 0.034161490683229816 0.11576354679802955
1 0.9316770186335404 0.6490147783251231 0.049689440993788817 0.0960591133004926
1 0.7717391304347826 0.9334975369458128 0.049689440993788817 0.12807881773399016