0 0.37578125 0.0811965811965812 0.0875 0.06623931623931624
0 0.41484375 0.12713675213675213 0.0703125 0.08547008547008547
0 0.2578125 0.6485042735042735 0.046875 0.10897435897435898
0 0.25625 0.7542735042735043 0.0453125 0.10042735042735043
0 0.70859375 0.7927350427350427 0.0671875 0.09829059829059829
0 0.78984375 0.48717948717948717 0.0859375 0.14316239316239315
0 0.7 0.48504273504273504 0.09375 0.12606837606837606
1 0.27421875 0.028846153846153848 0.0703125 0.057692307692307696
1 0.53515625 0.03311965811965812 0.0578125 0.06623931623931624
1 0.23125 0.24465811965811965 0.059375 0.09615384615384616
1 0.3859375 0.6848290598290598 0.071875 0.09615384615384616
1 0.37734375 0.7970085470085471 0.06875 0.10256410256410256
1 0.6484375 0.9711538461538461 0.071875 0.057692307692307696
1 0.65078125 0.7307692307692307 0.0765625 0.0811965811965812
1 0.73359375 0.7286324786324786 0.0640625 0.06837606837606838