0 0.258587786259542 0.28651685393258425 0.08778625954198473 0.12359550561797752
0 0.4150763358778626 0.033707865168539325 0.07824427480916031 0.06741573033707865
0 0.4580152671755725 0.060393258426966294 0.07633587786259542 0.10955056179775281
0 0.5706106870229007 0.0997191011235955 0.06870229007633588 0.0898876404494382
0 0.5734732824427481 0.19382022471910113 0.1049618320610687 0.15730337078651685
0 0.6469465648854962 0.425561797752809 0.10687022900763359 0.17415730337078653
0 0.6440839694656488 0.5365168539325843 0.09923664122137404 0.15168539325842698
0 0.851145038167939 0.3862359550561798 0.09351145038167939 0.13764044943820225
0 0.9389312977099237 0.3553370786516854 0.11641221374045801 0.1601123595505618
0 0.6183206106870229 0.8188202247191011 0.12213740458015267 0.18820224719101122
0 0.5 0.9339887640449438 0.11450381679389313 0.13202247191011235
0 0.13072519083969467 0.651685393258427 0.07251908396946564 0.09831460674157304
1 0.34064885496183206 0.03089887640449438 0.07061068702290077 0.06179775280898876
1 0.11450381679389313 0.4101123595505618 0.08206106870229007 0.12640449438202248
1 0.27099236641221375 0.5112359550561798 0.08969465648854962 0.12359550561797752
1 0.35400763358778625 0.5491573033707865 0.1049618320610687 0.14606741573033707
1 0.4150763358778626 0.6825842696629213 0.09923664122137404 0.1404494382022472
1 0.42461832061068705 0.2752808988764045 0.09351145038167939 0.1348314606741573
1 0.5162213740458015 0.3103932584269663 0.09923664122137404 0.14606741573033707
1 0.7805343511450382 0.273876404494382 0.09351145038167939 0.13764044943820225
1 0.7080152671755725 0.36797752808988765 0.08778625954198473 0.1404494382022472
1 0.9093511450381679 0.6137640449438202 0.11068702290076336 0.17415730337078653
1 0.9866412213740458 0.648876404494382 0.026717557251908396 0.14606741573033707
1 0.9131679389312977 0.800561797752809 0.11068702290076336 0.17696629213483145
1 0.6851145038167938 0.7598314606741573 0.10305343511450382 0.15730337078651685