0 0.22093023255813954 0.12343096234309624 0.06976744186046512 0.09205020920502092
0 0.3066860465116279 0.16631799163179917 0.06395348837209303 0.11506276150627615
0 0.16351744186046513 0.9497907949790795 0.07122093023255814 0.100418410041841
0 0.39244186046511625 0.8629707112970711 0.050872093023255814 0.0899581589958159
0 0.5857558139534884 0.8242677824267782 0.050872093023255814 0.09205020920502092
0 0.7354651162790697 0.7907949790794979 0.04505813953488372 0.0899581589958159
0 0.9178779069767442 0.5271966527196653 0.04941860465116279 0.06903765690376569
0 0.6155523255813954 0.20188284518828453 0.05232558139534884 0.0502092050209205
0 0.6620639534883721 0.3305439330543933 0.0436046511627907 0.07322175732217573
0 0.6700581395348837 0.2102510460251046 0.0625 0.06903765690376569
0 0.7638081395348837 0.18305439330543932 0.061046511627906974 0.06903765690376569
1 0.036337209302325583 0.18619246861924685 0.06395348837209303 0.10669456066945607
1 0.11627906976744186 0.30962343096234307 0.061046511627906974 0.100418410041841
1 0.2194767441860465 0.9205020920502092 0.06395348837209303 0.0899581589958159
1 0.44549418604651164 0.8577405857740585 0.061046511627906974 0.100418410041841
1 0.6228197674418605 0.8274058577405857 0.04941860465116279 0.0794979079497908
1 0.9171511627906976 0.7175732217573222 0.05377906976744186 0.060669456066945605
1 0.6133720930232558 0.3807531380753138 0.06395348837209303 0.07740585774058577
1 0.7056686046511628 0.5135983263598326 0.05377906976744186 0.0794979079497908
1 0.7318313953488372 0.4110878661087866 0.0625 0.07322175732217573
1 0.8066860465116279 0.3493723849372385 0.05813953488372093 0.06903765690376569