0 0.7116935483870968 0.39204545454545453 0.125 0.16193181818181818
0 0.6592741935483871 0.6519886363636364 0.09879032258064516 0.1903409090909091
0 0.9667338709677419 0.9431818181818182 0.06653225806451613 0.09090909090909091
0 0.29536290322580644 0.9232954545454546 0.07459677419354839 0.1278409090909091
0 0.29838709677419356 0.04971590909090909 0.09879032258064516 0.09375
1 0.28125 0.328125 0.0967741935483871 0.09090909090909091
1 0.9657258064516129 0.5085227272727273 0.06854838709677419 0.16477272727272727
1 0.9868951612903226 0.8579545454545454 0.02620967741935484 0.09659090909090909
1 0.9284274193548387 0.8210227272727273 0.10080645161290322 0.125
1 0.7237903225806451 0.8835227272727273 0.0967741935483871 0.11079545454545454
1 0.5977822580645161 0.9545454545454546 0.09274193548387097 0.08806818181818182
1 0.5332661290322581 0.921875 0.09879032258064516 0.13920454545454544