0 0.9338842975206612 0.4988986784140969 0.07575757575757576 0.1145374449339207
0 0.6611570247933884 0.5088105726872246 0.07300275482093664 0.1145374449339207
0 0.7038567493112947 0.6453744493392071 0.08402203856749312 0.1299559471365639
0 0.6212121212121212 0.6519823788546255 0.07024793388429752 0.1277533039647577
0 0.6466942148760331 0.8722466960352423 0.08402203856749312 0.13656387665198239
0 0.9139118457300276 0.9724669603524229 0.06473829201101929 0.05506607929515418
0 0.28168044077134985 0.11894273127753303 0.045454545454545456 0.1013215859030837
0 0.19765840220385675 0.13215859030837004 0.048209366391184574 0.09911894273127753
1 0.5385674931129476 0.22026431718061673 0.06060606060606061 0.1299559471365639
1 0.4015151515151515 0.1288546255506608 0.0440771349862259 0.09911894273127753
1 0.10399449035812672 0.1420704845814978 0.049586776859504134 0.09691629955947137
1 0.25206611570247933 0.486784140969163 0.06887052341597796 0.11013215859030837
1 0.7073002754820936 0.42070484581497797 0.07988980716253444 0.14537444933920704
1 0.8601928374655647 0.6002202643171806 0.08539944903581267 0.12334801762114538
1 0.9545454545454546 0.5825991189427313 0.07851239669421488 0.10792951541850221
1 0.871900826446281 0.7918502202643172 0.06336088154269973 0.17180616740088106
1 0.7865013774104683 0.8645374449339207 0.06473829201101929 0.12334801762114538
1 0.8464187327823691 0.961453744493392 0.07851239669421488 0.07709251101321586