0 0.8342013888888888 0.5675355450236966 0.11284722222222222 0.15165876777251186
0 0.6901041666666666 0.6350710900473934 0.11284722222222222 0.16350710900473933
0 0.6197916666666666 0.9146919431279621 0.078125 0.12559241706161137
0 0.5616319444444444 0.976303317535545 0.06076388888888889 0.04739336492890995
0 0.4114583333333333 0.9087677725118484 0.09027777777777778 0.12322274881516587
0 0.21875 0.6682464454976303 0.08506944444444445 0.1066350710900474
0 0.4348958333333333 0.3744075829383886 0.11458333333333333 0.16350710900473933
0 0.3072916666666667 0.21208530805687204 0.1232638888888889 0.18246445497630331
1 0.9522569444444444 0.41350710900473936 0.078125 0.10900473933649289
1 0.8081597222222222 0.24289099526066352 0.08680555555555555 0.12559241706161137
1 0.7213541666666666 0.8507109004739336 0.10416666666666667 0.13981042654028436
1 0.4513888888888889 0.8495260663507109 0.08680555555555555 0.12322274881516587
1 0.4418402777777778 0.9277251184834123 0.07291666666666667 0.0995260663507109
1 0.3845486111111111 0.5959715639810427 0.12152777777777778 0.17772511848341233
1 0.2673611111111111 0.5213270142180095 0.10069444444444445 0.12796208530805686
1 0.2109375 0.4537914691943128 0.0954861111111111 0.12559241706161137