0 0.8850974930362117 0.3563348416289593 0.06824512534818941 0.11538461538461539
0 0.9296657381615598 0.5135746606334841 0.08495821727019498 0.12669683257918551
0 0.8892757660167131 0.5214932126696833 0.07938718662952646 0.12669683257918551
0 0.5278551532033426 0.7070135746606335 0.08635097493036212 0.13800904977375567
0 0.6072423398328691 0.8936651583710408 0.07520891364902507 0.12217194570135746
0 0.10236768802228412 0.920814479638009 0.06824512534818941 0.13122171945701358
0 0.0584958217270195 0.3891402714932127 0.0766016713091922 0.11538461538461539
0 0.18593314763231197 0.37895927601809953 0.08913649025069638 0.14027149321266968
0 0.30571030640668523 0.2228506787330317 0.11838440111420613 0.17194570135746606
0 0.3474930362116992 0.2861990950226244 0.08356545961002786 0.12669683257918551
0 0.12395543175487465 0.7149321266968326 0.07520891364902507 0.13122171945701358
1 0.5654596100278552 0.26131221719457015 0.05988857938718663 0.09502262443438914
1 0.7249303621169917 0.21153846153846154 0.07799442896935933 0.11538461538461539
1 0.7653203342618384 0.2839366515837104 0.07103064066852367 0.11312217194570136
1 0.8224233983286908 0.4253393665158371 0.07242339832869081 0.11538461538461539
1 0.8057103064066853 0.6843891402714932 0.06824512534818941 0.11085972850678733
1 0.46309192200557103 0.9558823529411765 0.07381615598885793 0.08823529411764706
1 0.2917827298050139 0.6957013574660633 0.10724233983286909 0.17194570135746606
1 0.3050139275766017 0.8190045248868778 0.10027855153203342 0.16289592760180996
1 0.19011142061281336 0.8201357466063348 0.07242339832869081 0.11990950226244344
1 0.2889972144846797 0.5565610859728507 0.08217270194986072 0.1425339366515837
1 0.28690807799442897 0.5124434389140271 0.08913649025069638 0.14027149321266968
1 0.20682451253481896 0.48981900452488686 0.09192200557103064 0.1425339366515837
1 0.056406685236768804 0.5090497737556561 0.07242339832869081 0.12895927601809956
1 0.21866295264623956 0.2669683257918552 0.06963788300835655 0.1085972850678733