0 0.12980769230769232 0.2925101214574899 0.07692307692307693 0.12348178137651822
0 0.16277472527472528 0.28036437246963564 0.07554945054945054 0.11740890688259109
0 0.17307692307692307 0.402834008097166 0.07142857142857142 0.12348178137651822
0 0.2403846153846154 0.6062753036437247 0.07417582417582418 0.12753036437246965
0 0.6778846153846154 0.19433198380566802 0.0782967032967033 0.11740890688259109
0 0.7939560439560439 0.791497975708502 0.07554945054945054 0.10323886639676114
0 0.739010989010989 0.8016194331983806 0.07692307692307693 0.11133603238866396
1 0.7548076923076923 0.5890688259109311 0.07142857142857142 0.10728744939271255
1 0.6559065934065934 0.6174089068825911 0.06593406593406594 0.10728744939271255
1 0.5583791208791209 0.9493927125506073 0.07554945054945054 0.10121457489878542
1 0.5240384615384616 0.8582995951417004 0.06868131868131869 0.10728744939271255
1 0.25618131868131866 0.3390688259109312 0.08104395604395605 0.1194331983805668
1 0.2651098901098901 0.145748987854251 0.06318681318681318 0.08906882591093117