0 0.9144981412639405 0.1484771573604061 0.0762081784386617 0.13451776649746192
0 0.4879182156133829 0.05203045685279188 0.10594795539033457 0.10406091370558376
0 0.3429368029739777 0.6751269035532995 0.10966542750929369 0.14974619289340102
0 0.1496282527881041 0.44289340101522845 0.08178438661710037 0.10913705583756345
0 0.1533457249070632 0.7182741116751269 0.09851301115241635 0.1319796954314721
0 0.016728624535315983 0.5926395939086294 0.03345724907063197 0.09390862944162437
0 0.08736059479553904 0.8565989847715736 0.046468401486988845 0.07360406091370558
0 0.02695167286245353 0.6573604060913706 0.05390334572490706 0.10152284263959391
0 0.0055762081784386614 0.6522842639593909 0.011152416356877323 0.07106598984771574
1 0.44423791821561337 0.9289340101522843 0.08364312267657993 0.10913705583756345
1 0.17843866171003717 0.6205583756345178 0.07063197026022305 0.08883248730964467
1 0.266728624535316 0.9568527918781726 0.0762081784386617 0.08629441624365482
1 0.09665427509293681 0.7791878172588832 0.06319702602230483 0.09644670050761421
1 0.11895910780669144 0.6852791878172588 0.07434944237918216 0.10406091370558376