0 0.8358433734939759 0.4652777777777778 0.10843373493975904 0.14814814814814814
0 0.8358433734939759 0.5219907407407407 0.07530120481927711 0.11574074074074074
0 0.7349397590361446 0.5983796296296297 0.08132530120481928 0.12037037037037036
0 0.7266566265060241 0.37962962962962965 0.0783132530120482 0.12731481481481483
0 0.6754518072289156 0.10185185185185185 0.0677710843373494 0.08564814814814815
0 0.5896084337349398 0.3900462962962963 0.08132530120481928 0.12037037037037036
0 0.2567771084337349 0.7858796296296297 0.07379518072289157 0.10416666666666667
1 0.5240963855421686 0.23148148148148148 0.08885542168674698 0.13194444444444445
1 0.5941265060240963 0.04050925925925926 0.07379518072289157 0.08101851851851852
1 0.6528614457831325 0.4236111111111111 0.08734939759036145 0.12962962962962962
1 0.7424698795180723 0.7430555555555556 0.06927710843373494 0.10648148148148148
1 0.6551204819277109 0.8738425925925926 0.07379518072289157 0.10416666666666667
1 0.35542168674698793 0.8159722222222222 0.07078313253012049 0.11342592592592593
1 0.3870481927710843 0.5868055555555556 0.06626506024096386 0.10185185185185185
1 0.32981927710843373 0.6331018518518519 0.07228915662650602 0.09953703703703703