0 0.5811068702290076 0.04296875 0.10114503816793893 0.0859375
0 0.7118320610687023 0.10807291666666667 0.08778625954198473 0.0859375
0 0.9570610687022901 0.4114583333333333 0.08587786259541985 0.09895833333333333
0 0.9866412213740458 0.50390625 0.026717557251908396 0.11197916666666667
0 0.3931297709923664 0.93359375 0.12213740458015267 0.1328125
1 0.23473282442748092 0.0390625 0.10687022900763359 0.078125
1 0.21564885496183206 0.2421875 0.11450381679389313 0.15625
1 0.3883587786259542 0.046875 0.10114503816793893 0.09375
1 0.8998091603053435 0.2981770833333333 0.08587786259541985 0.12760416666666666
1 0.8683206106870229 0.58984375 0.1049618320610687 0.140625
1 0.5696564885496184 0.9661458333333334 0.09351145038167939 0.06770833333333333
1 0.491412213740458 0.65625 0.11068702290076336 0.140625