0 0.8785266457680251 0.3207762557077626 0.07836990595611286 0.07990867579908675
0 0.7609717868338558 0.3150684931506849 0.08463949843260188 0.0730593607305936
0 0.6794670846394985 0.2659817351598174 0.09561128526645768 0.07990867579908675
0 0.4717868338557994 0.15182648401826485 0.0877742946708464 0.12557077625570776
0 0.39655172413793105 0.08789954337899543 0.09717868338557993 0.11643835616438356
0 0.219435736677116 0.03767123287671233 0.11598746081504702 0.07534246575342465
0 0.023510971786833857 0.821917808219178 0.047021943573667714 0.1689497716894977
0 0.2774294670846395 0.910958904109589 0.08463949843260188 0.1095890410958904
0 0.7115987460815048 0.9417808219178082 0.06269592476489028 0.11643835616438356
1 0.969435736677116 0.4874429223744292 0.061128526645768025 0.09360730593607305
1 0.7633228840125392 0.5970319634703196 0.08620689655172414 0.091324200913242
1 0.6653605015673981 0.5502283105022832 0.0877742946708464 0.07990867579908675
1 0.2390282131661442 0.3207762557077626 0.08463949843260188 0.15296803652968036
1 0.12225705329153605 0.2237442922374429 0.06739811912225706 0.14840182648401826
1 0.04075235109717868 0.430365296803653 0.08150470219435736 0.10730593607305935
1 0.06818181818181818 0.7899543378995434 0.07523510971786834 0.11187214611872145
1 0.5047021943573667 0.9463470319634704 0.08150470219435736 0.10730593607305935