0 0.2796143250688705 0.033783783783783786 0.06887052341597796 0.06756756756756757
0 0.424931129476584 0.838963963963964 0.08264462809917356 0.11261261261261261
0 0.5110192837465565 0.7736486486486487 0.07988980716253444 0.1373873873873874
0 0.9338842975206612 0.7792792792792793 0.06336088154269973 0.11261261261261261
0 0.9049586776859504 0.7421171171171171 0.07988980716253444 0.13513513513513514
0 0.8071625344352618 0.2894144144144144 0.05647382920110193 0.08783783783783784
1 0.13980716253443526 0.0259009009009009 0.04269972451790634 0.0518018018018018
1 0.16460055096418733 0.05067567567567568 0.049586776859504134 0.07882882882882883
1 0.47520661157024796 0.013513513513513514 0.06887052341597796 0.02702702702702703
1 0.3181818181818182 0.3130630630630631 0.0743801652892562 0.10810810810810811
1 0.26584022038567495 0.28040540540540543 0.06887052341597796 0.11036036036036036
1 0.22038567493112948 0.240990990990991 0.06611570247933884 0.10135135135135136
1 0.5261707988980716 0.6036036036036037 0.08677685950413223 0.12612612612612611
1 0.59366391184573 0.5540540540540541 0.10055096418732783 0.15090090090090091
1 0.8085399449035813 0.8231981981981982 0.09228650137741047 0.14414414414414414
1 0.8849862258953168 0.8468468468468469 0.09366391184573003 0.1373873873873874
1 0.9545454545454546 0.4527027027027027 0.09090909090909091 0.12387387387387387
1 0.9896694214876033 0.5180180180180181 0.02066115702479339 0.09009009009009009
1 0.8801652892561983 0.5630630630630631 0.07162534435261708 0.13063063063063063