0 0.31916666666666665 0.5825242718446602 0.08666666666666667 0.12135922330097088
0 0.43666666666666665 0.3919902912621359 0.10166666666666667 0.1553398058252427
0 0.49166666666666664 0.9186893203883495 0.075 0.12378640776699029
0 0.5841666666666666 0.9381067961165048 0.095 0.07524271844660194
0 0.6616666666666666 0.9514563106796117 0.08 0.0970873786407767
0 0.7075 0.9466019417475728 0.085 0.10679611650485436
0 0.7775 0.5813106796116505 0.085 0.10436893203883495
0 0.865 0.125 0.08333333333333333 0.055825242718446605
1 0.5675 0.6650485436893204 0.08833333333333333 0.13592233009708737
1 0.22333333333333333 0.24635922330097088 0.085 0.14320388349514562
1 0.3258333333333333 0.06310679611650485 0.10833333333333334 0.1262135922330097
1 0.84 0.1662621359223301 0.08833333333333333 0.10922330097087378
1 0.6675 0.6868932038834952 0.065 0.11407766990291263
1 0.7525 0.6456310679611651 0.09333333333333334 0.10436893203883495