0 0.6993569131832797 0.9532710280373832 0.028938906752411574 0.09345794392523364
0 0.7106109324758842 0.8411214953271028 0.028938906752411574 0.11214953271028037
0 0.727491961414791 0.7009345794392523 0.03376205787781351 0.1308411214953271
0 0.5032154340836013 0.8644859813084113 0.04180064308681672 0.1261682242990654
0 0.20176848874598072 0.26401869158878505 0.08520900321543408 0.11682242990654206
0 0.43890675241157556 0.07710280373831775 0.08360128617363344 0.1308411214953271
0 0.702572347266881 0.44042056074766356 0.08360128617363344 0.1191588785046729
0 0.7644694533762058 0.3341121495327103 0.07234726688102894 0.102803738317757
0 0.795016077170418 0.23481308411214954 0.06591639871382636 0.11448598130841121
0 0.8167202572347267 0.03154205607476635 0.05466237942122187 0.0630841121495327
1 0.5329581993569131 0.919392523364486 0.04340836012861737 0.11448598130841121
1 0.5040192926045016 0.8177570093457944 0.04340836012861737 0.11214953271028037
1 0.3167202572347267 0.9088785046728972 0.04501607717041801 0.102803738317757
1 0.23070739549839228 0.6448598130841121 0.07877813504823152 0.056074766355140186
1 0.2805466237942122 0.3855140186915888 0.06591639871382636 0.08411214953271028
1 0.5064308681672026 0.1413551401869159 0.07717041800643087 0.12383177570093458
1 0.594855305466238 0.012850467289719626 0.10289389067524116 0.02570093457943925