0 0.8975535168195719 0.4864583333333333 0.10550458715596331 0.10208333333333333
0 0.6353211009174312 0.04479166666666667 0.10550458715596331 0.08958333333333333
0 0.6896024464831805 0.029166666666666667 0.0856269113149847 0.058333333333333334
0 0.32798165137614677 0.14479166666666668 0.06574923547400612 0.1
0 0.33256880733944955 0.2625 0.06880733944954129 0.10416666666666667
0 0.2484709480122324 0.25104166666666666 0.07186544342507645 0.052083333333333336
0 0.18960244648318042 0.28854166666666664 0.06116207951070336 0.06041666666666667
0 0.11697247706422019 0.3 0.06422018348623854 0.07708333333333334
0 0.3103975535168196 0.8833333333333333 0.06116207951070336 0.08333333333333333
0 0.2607033639143731 0.88125 0.07186544342507645 0.10625
0 0.18042813455657492 0.865625 0.06880733944954129 0.07083333333333333
1 0.8883792048929664 0.03958333333333333 0.06116207951070336 0.07916666666666666
1 0.8149847094801224 0.134375 0.047400611620795105 0.11875
1 0.5397553516819572 0.19375 0.07339449541284404 0.11666666666666667
1 0.4954128440366973 0.08958333333333333 0.06269113149847094 0.10625
1 0.31574923547400613 0.396875 0.0672782874617737 0.09166666666666666
1 0.19342507645259938 0.45208333333333334 0.0672782874617737 0.07708333333333334
1 0.028287461773700305 0.36770833333333336 0.05657492354740061 0.08125
1 0.45489296636085624 0.8239583333333333 0.06116207951070336 0.09166666666666666
1 0.33103975535168195 0.7427083333333333 0.07186544342507645 0.06875
1 0.21712538226299694 0.7520833333333333 0.07033639143730887 0.075