0 0.4296875 0.639344262295082 0.09943181818181818 0.125
0 0.20667613636363635 0.20594262295081966 0.056818181818181816 0.07581967213114754
0 0.2833806818181818 0.24487704918032788 0.07528409090909091 0.10450819672131148
0 0.22230113636363635 0.1567622950819672 0.048295454545454544 0.05942622950819672
0 0.5525568181818182 0.014344262295081968 0.045454545454545456 0.028688524590163935
0 0.5767045454545454 0.06352459016393443 0.04971590909090909 0.09221311475409837
0 0.7421875 0.2735655737704918 0.07670454545454546 0.1290983606557377
1 0.24431818181818182 0.41905737704918034 0.06960227272727272 0.08811475409836066
1 0.29048295454545453 0.33401639344262296 0.08380681818181818 0.10655737704918032
1 0.39701704545454547 0.09118852459016394 0.07528409090909091 0.11885245901639344
1 0.4353693181818182 0.18442622950819673 0.08096590909090909 0.12704918032786885
1 0.5390625 0.16700819672131148 0.07954545454545454 0.13114754098360656