0 0.8763537906137184 0.281413612565445 0.0703971119133574 0.10209424083769633
0 0.7509025270758123 0.7670157068062827 0.10108303249097472 0.1518324607329843
0 0.7328519855595668 0.8926701570680629 0.048736462093862815 0.10471204188481675
0 0.061371841155234655 0.680628272251309 0.0631768953068592 0.08115183246073299
0 0.17689530685920576 0.4410994764397906 0.1371841155234657 0.21727748691099477
0 0.5496389891696751 0.07198952879581152 0.13898916967509026 0.14397905759162305
1 0.6750902527075813 0.09424083769633508 0.0631768953068592 0.07853403141361257
1 0.3528880866425993 0.05759162303664921 0.08303249097472924 0.10471204188481675
1 0.33574007220216606 0.10732984293193717 0.09566787003610108 0.12303664921465969
1 0.36732851985559567 0.8429319371727748 0.12454873646209386 0.19109947643979058
1 0.5 0.9476439790575916 0.148014440433213 0.10471204188481675