0 0.8276785714285714 0.6109756097560975 0.11071428571428571 0.13170731707317074
0 0.22678571428571428 0.21097560975609755 0.0875 0.1073170731707317
0 0.16339285714285715 0.2939024390243902 0.08035714285714286 0.1024390243902439
0 0.42857142857142855 0.8865853658536585 0.075 0.1073170731707317
0 0.3651785714285714 0.9292682926829269 0.07857142857142857 0.1073170731707317
0 0.31339285714285714 0.9524390243902439 0.07321428571428572 0.0951219512195122
0 0.6767857142857143 0.08780487804878048 0.14642857142857144 0.17560975609756097
1 0.725 0.03170731707317073 0.10714285714285714 0.06341463414634146
1 0.7589285714285714 0.348780487804878 0.12678571428571428 0.17073170731707318
1 0.28214285714285714 0.424390243902439 0.08928571428571429 0.11219512195121951
1 0.20982142857142858 0.47804878048780486 0.09285714285714286 0.12439024390243902
1 0.5455357142857142 0.7536585365853659 0.06964285714285715 0.1048780487804878
1 0.33482142857142855 0.7902439024390244 0.08392857142857142 0.12195121951219512
1 0.17946428571428572 0.95 0.075 0.0975609756097561