0 0.7468253968253968 0.9078341013824884 0.046031746031746035 0.1336405529953917
0 0.953968253968254 0.8997695852534562 0.06031746031746032 0.0576036866359447
0 0.6722222222222223 0.5046082949308756 0.05873015873015873 0.11981566820276497
0 0.6484126984126984 0.24193548387096775 0.08412698412698413 0.08294930875576037
0 0.37936507936507935 0.13248847926267282 0.08571428571428572 0.10368663594470046
0 0.20238095238095238 0.10023041474654378 0.10317460317460317 0.10368663594470046
0 0.18571428571428572 0.22119815668202766 0.0761904761904762 0.1382488479262673
0 0.16428571428571428 0.3882488479262673 0.0746031746031746 0.14516129032258066
0 0.26031746031746034 0.8271889400921659 0.08571428571428572 0.1152073732718894
0 0.2619047619047619 0.9389400921658986 0.06984126984126984 0.12211981566820276
1 0.8261904761904761 0.3836405529953917 0.06507936507936508 0.08986175115207373
1 0.919047619047619 0.7488479262672811 0.05714285714285714 0.08755760368663594
1 0.5746031746031746 0.9228110599078341 0.05396825396825397 0.10368663594470046
1 0.6134920634920635 0.478110599078341 0.08095238095238096 0.08064516129032258
1 0.18571428571428572 0.35944700460829493 0.06031746031746032 0.12442396313364056
1 0.015873015873015872 0.8076036866359447 0.031746031746031744 0.1175115207373272
1 0.011111111111111112 0.9631336405529954 0.022222222222222223 0.07373271889400922