0 0.5419303797468354 0.047018348623853214 0.055379746835443035 0.09403669724770643
0 0.6281645569620253 0.09518348623853211 0.07436708860759493 0.09862385321100918
0 0.33069620253164556 0.10894495412844037 0.10284810126582279 0.11467889908256881
0 0.26424050632911394 0.3176605504587156 0.06329113924050633 0.14908256880733944
0 0.5656645569620253 0.6330275229357798 0.0759493670886076 0.11926605504587157
0 0.7832278481012658 0.6938073394495413 0.06645569620253164 0.0871559633027523
0 0.9643987341772152 0.7717889908256881 0.05221518987341772 0.05045871559633028
0 0.9857594936708861 0.6525229357798165 0.028481012658227847 0.08944954128440367
0 0.9200949367088608 0.14678899082568808 0.05063291139240506 0.04128440366972477
1 0.8204113924050633 0.07568807339449542 0.05379746835443038 0.09174311926605505
1 0.5498417721518988 0.31422018348623854 0.0490506329113924 0.11009174311926606
1 0.9517405063291139 0.39105504587155965 0.061708860759493674 0.05963302752293578
1 0.9651898734177216 0.20527522935779816 0.03955696202531646 0.09862385321100918
1 0.8583860759493671 0.6594036697247706 0.056962025316455694 0.0963302752293578
1 0.6811708860759493 0.481651376146789 0.07278481012658228 0.11238532110091744
1 0.3069620253164557 0.7809633027522935 0.061708860759493674 0.1743119266055046