0 0.5084355828220859 0.019417475728155338 0.05061349693251534 0.038834951456310676
0 0.4532208588957055 0.9514563106796117 0.07822085889570553 0.0970873786407767
0 0.656441717791411 0.5606796116504854 0.0705521472392638 0.11650485436893204
0 0.5084355828220859 0.2512135922330097 0.07975460122699386 0.11407766990291263
0 0.5950920245398773 0.12378640776699029 0.0843558282208589 0.10679611650485436
1 0.7101226993865031 0.8798543689320388 0.05521472392638037 0.06553398058252427
1 0.8335889570552147 0.6007281553398058 0.0705521472392638 0.11650485436893204
1 0.6794478527607362 0.4878640776699029 0.07515337423312883 0.11407766990291263
1 0.7001533742331288 0.3580097087378641 0.0598159509202454 0.10194174757281553
1 0.5659509202453987 0.04004854368932039 0.07668711656441718 0.08009708737864078
1 0.4179447852760736 0.055825242718446605 0.06441717791411043 0.10679611650485436
1 0.4838957055214724 0.05946601941747573 0.05828220858895705 0.08737864077669903
1 0.3289877300613497 0.1929611650485437 0.06748466257668712 0.11407766990291263