0 0.7063253012048193 0.2894736842105263 0.09337349397590361 0.08991228070175439
0 0.7025602409638554 0.9429824561403509 0.07379518072289157 0.11403508771929824
0 0.32228915662650603 0.8223684210526315 0.09186746987951808 0.13157894736842105
0 0.2756024096385542 0.8728070175438597 0.08734939759036145 0.12280701754385964
0 0.4977409638554217 0.09539473684210527 0.0963855421686747 0.11842105263157894
0 0.42243975903614456 0.05482456140350877 0.0858433734939759 0.10964912280701754
0 0.14909638554216867 0.22478070175438597 0.10692771084337349 0.1425438596491228
1 0.6822289156626506 0.5482456140350878 0.0963855421686747 0.10087719298245613
1 0.5677710843373494 0.8980263157894737 0.06325301204819277 0.1118421052631579
1 0.5429216867469879 0.9210526315789473 0.04819277108433735 0.11403508771929824
1 0.054969879518072286 0.7521929824561403 0.08433734939759036 0.125
1 0.1536144578313253 0.5274122807017544 0.09487951807228916 0.13815789473684212
1 0.0338855421686747 0.49122807017543857 0.0677710843373494 0.11842105263157894
1 0.2891566265060241 0.29276315789473684 0.10240963855421686 0.1337719298245614
1 0.16415662650602408 0.10855263157894737 0.07228915662650602 0.11842105263157894