0 0.9617117117117117 0.7032608695652174 0.04054054054054054 0.058695652173913045
0 0.9504504504504504 0.7 0.04354354354354354 0.06956521739130435
0 0.9421921921921922 0.657608695652174 0.05555555555555555 0.08043478260869565
0 0.9054054054054054 0.5826086956521739 0.05105105105105105 0.06956521739130435
0 0.8768768768768769 0.5641304347826087 0.06306306306306306 0.09130434782608696
0 0.8355855855855856 0.48695652173913045 0.06756756756756757 0.10434782608695652
0 0.6381381381381381 0.1967391304347826 0.07807807807807808 0.11956521739130435
0 0.35735735735735735 0.2891304347826087 0.09309309309309309 0.1282608695652174
0 0.5412912912912913 0.9054347826086957 0.06756756756756757 0.08695652173913043
0 0.5930930930930931 0.9445652173913044 0.06306306306306306 0.08478260869565217
1 0.8656156156156156 0.9119565217391304 0.046546546546546545 0.06304347826086956
1 0.8536036036036037 0.9032608695652173 0.04804804804804805 0.07173913043478261
1 0.8258258258258259 0.8913043478260869 0.07357357357357357 0.11304347826086956
1 0.8235735735735735 0.8184782608695652 0.05105105105105105 0.07173913043478261
1 0.8588588588588588 0.8152173913043478 0.04504504504504504 0.06521739130434782
1 0.7837837837837838 0.7923913043478261 0.07507507507507508 0.1108695652173913
1 0.7034534534534534 0.7445652173913043 0.07657657657657657 0.10652173913043478
1 0.6201201201201201 0.6739130434782609 0.0945945945945946 0.13043478260869565
1 0.710960960960961 0.34130434782608693 0.08858858858858859 0.13478260869565217
1 0.46096096096096095 0.11956521739130435 0.0960960960960961 0.14130434782608695
1 0.3978978978978979 0.6206521739130435 0.0915915915915916 0.13043478260869565