0 0.7746212121212122 0.760989010989011 0.08333333333333333 0.12637362637362637
0 0.7291666666666666 0.9120879120879121 0.07954545454545454 0.1565934065934066
0 0.7443181818181818 0.6744505494505495 0.08333333333333333 0.0989010989010989
0 0.6714015151515151 0.6098901098901099 0.07575757575757576 0.1565934065934066
0 0.3020833333333333 0.19093406593406592 0.10984848484848485 0.1813186813186813
0 0.3058712121212121 0.042582417582417584 0.10037878787878787 0.08516483516483517
1 0.8626893939393939 0.2032967032967033 0.08333333333333333 0.12362637362637363
1 0.9564393939393939 0.875 0.058712121212121215 0.11813186813186813
1 0.39204545454545453 0.7156593406593407 0.08143939393939394 0.15384615384615385
1 0.5047348484848485 0.8228021978021978 0.07575757575757576 0.11538461538461539
1 0.4375 0.9684065934065934 0.08901515151515152 0.06043956043956044
1 0.0928030303030303 0.9423076923076923 0.06818181818181818 0.04120879120879121
1 0.07575757575757576 0.5563186813186813 0.10037878787878787 0.1346153846153846