0 0.08609271523178808 0.09594594594594595 0.059602649006622516 0.11081081081081082
0 0.4900662251655629 0.9 0.12251655629139073 0.2
0 0.49503311258278143 0.022972972972972974 0.08940397350993377 0.04594594594594595
0 0.5538079470198676 0.05810810810810811 0.07781456953642384 0.11621621621621622
0 0.9461920529801324 0.8067567567567567 0.06788079470198675 0.13243243243243244
0 0.8071192052980133 0.9472972972972973 0.12748344370860928 0.10540540540540541
0 0.37334437086092714 0.9243243243243243 0.09271523178807947 0.11891891891891893
1 0.6870860927152318 0.12162162162162163 0.0695364238410596 0.0891891891891892
1 0.17798013245033112 0.02972972972972973 0.08112582781456953 0.05945945945945946
1 0.0836092715231788 0.062162162162162166 0.028145695364238412 0.06486486486486487
1 0.19619205298013245 0.28243243243243243 0.09271523178807947 0.13513513513513514
1 0.2996688741721854 0.4283783783783784 0.08443708609271523 0.12702702702702703
1 0.26490066225165565 0.5945945945945946 0.10099337748344371 0.16216216216216217
1 0.9884105960264901 0.46621621621621623 0.023178807947019868 0.13243243243243244