0 0.35490196078431374 0.9657142857142857 0.07058823529411765 0.06857142857142857
0 0.4235294117647059 0.65 0.12156862745098039 0.16857142857142857
0 0.8382352941176471 0.7914285714285715 0.11960784313725491 0.14857142857142858
0 0.8911764705882353 0.7314285714285714 0.09019607843137255 0.12857142857142856
0 0.6519607843137255 0.08285714285714285 0.14313725490196078 0.1657142857142857
0 0.7098039215686275 0.02857142857142857 0.07058823529411765 0.05714285714285714
0 0.13333333333333333 0.19 0.12156862745098039 0.09714285714285714
1 0.7098039215686275 0.5228571428571429 0.12352941176470589 0.18285714285714286
1 0.5696078431372549 0.9128571428571428 0.09215686274509804 0.1742857142857143
1 0.17745098039215687 0.4714285714285714 0.12745098039215685 0.18857142857142858
1 0.7931372549019607 0.3985714285714286 0.11372549019607843 0.16285714285714287