0 0.948 0.20355191256830601 0.064 0.10382513661202186
0 0.975 0.26639344262295084 0.05 0.15027322404371585
0 0.88 0.23224043715846995 0.11 0.14207650273224043
0 0.423 0.3633879781420765 0.106 0.09016393442622951
0 0.399 0.40027322404371585 0.11 0.1284153005464481
1 0.978 0.5163934426229508 0.044 0.1092896174863388
1 0.455 0.8688524590163934 0.124 0.10655737704918032
1 0.171 0.3825136612021858 0.06 0.11748633879781421
1 0.62 0.18169398907103826 0.078 0.1092896174863388
1 0.038 0.8046448087431693 0.076 0.09016393442622951
1 0.175 0.8128415300546448 0.09 0.09562841530054644