0 0.814 0.40406976744186046 0.122 0.13372093023255813
0 0.672 0.7630813953488372 0.122 0.20348837209302326
0 0.407 0.26598837209302323 0.146 0.2238372093023256
0 0.409 0.11627906976744186 0.12 0.18023255813953487
0 0.316 0.03488372093023256 0.136 0.06976744186046512
1 0.935 0.7761627906976745 0.07 0.14534883720930233
1 0.69 0.6540697674418605 0.126 0.125
1 0.634 0.5406976744186046 0.072 0.1744186046511628
1 0.551 0.9622093023255814 0.11 0.0755813953488372
1 0.152 0.5625 0.134 0.1569767441860465
1 0.125 0.373546511627907 0.14 0.13953488372093023