0 0.555921052631579 0.16587677725118483 0.06907894736842106 0.09004739336492891
0 0.5476973684210527 0.06279620853080568 0.06743421052631579 0.11848341232227488
0 0.6981907894736842 0.8732227488151659 0.06414473684210527 0.0924170616113744
0 0.45723684210526316 0.9845971563981043 0.049342105263157895 0.030805687203791468
0 0.4185855263157895 0.6007109004739336 0.05756578947368421 0.11611374407582939
0 0.47039473684210525 0.6623222748815166 0.05263157894736842 0.07345971563981042
0 0.3338815789473684 0.34834123222748814 0.06743421052631579 0.09004739336492891
1 0.7508223684210527 0.027251184834123223 0.06085526315789474 0.054502369668246446
1 0.618421052631579 0.47393364928909953 0.10361842105263158 0.10426540284360189
1 0.6044407894736842 0.6860189573459715 0.07072368421052631 0.0947867298578199
1 0.3125 0.9715639810426541 0.05921052631578947 0.05687203791469194
1 0.24835526315789475 0.7381516587677726 0.05756578947368421 0.11611374407582939
1 0.4588815789473684 0.4194312796208531 0.09703947368421052 0.12559241706161137
1 0.21792763157894737 0.5888625592417062 0.07730263157894737 0.12085308056872038
1 0.1513157894736842 0.24170616113744076 0.09046052631578948 0.12559241706161137
1 0.21628289473684212 0.10781990521327015 0.09210526315789473 0.0947867298578199