0 0.19237588652482268 0.10128205128205128 0.06028368794326241 0.0641025641025641
0 0.18173758865248227 0.20384615384615384 0.07801418439716312 0.08717948717948718
0 0.19858156028368795 0.6807692307692308 0.06205673758865248 0.09743589743589744
0 0.47606382978723405 0.9320512820512821 0.0797872340425532 0.1358974358974359
0 0.6693262411347518 0.19743589743589743 0.051418439716312055 0.1076923076923077
0 0.6471631205673759 0.10384615384615385 0.04964539007092199 0.10256410256410256
1 0.4024822695035461 0.03333333333333333 0.0726950354609929 0.04871794871794872
1 0.4397163120567376 0.1423076923076923 0.07092198581560284 0.11538461538461539
1 0.47074468085106386 0.3 0.08156028368794327 0.14615384615384616
1 0.2047872340425532 0.4756410256410256 0.10106382978723404 0.11538461538461539
1 0.2907801418439716 0.9461538461538461 0.09929078014184398 0.1076923076923077
1 0.6294326241134752 0.6102564102564103 0.09042553191489362 0.13076923076923078