0 0.8843537414965986 0.22153465346534654 0.07653061224489796 0.08168316831683169
0 0.8545918367346939 0.875 0.06972789115646258 0.10396039603960396
0 0.8613945578231292 0.9529702970297029 0.07653061224489796 0.06188118811881188
0 0.810374149659864 0.8527227722772277 0.05612244897959184 0.14108910891089108
0 0.6377551020408163 0.9492574257425742 0.10204081632653061 0.09405940594059406
0 0.1130952380952381 0.9876237623762376 0.07993197278911565 0.024752475247524754
0 0.2627551020408163 0.06806930693069307 0.07482993197278912 0.10396039603960396
0 0.4013605442176871 0.0891089108910891 0.08163265306122448 0.14356435643564355
1 0.9855442176870748 0.8849009900990099 0.02891156462585034 0.11138613861386139
1 0.58078231292517 0.844059405940594 0.07993197278911565 0.12128712871287128
1 0.39285714285714285 0.9665841584158416 0.06802721088435375 0.06683168316831684
1 0.3486394557823129 0.9455445544554455 0.047619047619047616 0.10891089108910891
1 0.1096938775510204 0.7462871287128713 0.10034013605442177 0.09653465346534654
1 0.07142857142857142 0.45544554455445546 0.06972789115646258 0.10148514851485149
1 0.13010204081632654 0.2896039603960396 0.05272108843537415 0.1188118811881188