0 0.16508152173913043 0.5049212598425197 0.057065217391304345 0.0984251968503937
0 0.15964673913043478 0.7687007874015748 0.0625 0.09055118110236221
0 0.11548913043478261 0.593503937007874 0.07065217391304347 0.10236220472440945
0 0.06385869565217392 0.7755905511811023 0.07065217391304347 0.11220472440944881
0 0.07133152173913043 0.7125984251968503 0.05570652173913043 0.08858267716535433
0 0.13790760869565216 0.9576771653543307 0.06114130434782609 0.08858267716535433
0 0.36616847826086957 0.9124015748031497 0.08152173913043478 0.10433070866141732
1 0.28464673913043476 0.3464566929133858 0.09375 0.13582677165354332
1 0.2642663043478261 0.7637795275590551 0.07336956521739131 0.10236220472440945
1 0.24388586956521738 0.71751968503937 0.06929347826086957 0.10039370078740158
1 0.1487771739130435 0.5393700787401575 0.06521739130434782 0.0984251968503937
1 0.049592391304347824 0.6643700787401575 0.050271739130434784 0.09055118110236221
1 0.2296195652173913 0.8631889763779528 0.06793478260869565 0.08267716535433071
1 0.12907608695652173 0.9133858267716536 0.057065217391304345 0.09055118110236221