0 0.1956521739130435 0.011857707509881422 0.06956521739130435 0.023715415019762844
0 0.22028985507246376 0.04940711462450593 0.0927536231884058 0.09881422924901186
0 0.43043478260869567 0.038537549407114624 0.08115942028985507 0.07707509881422925
0 0.43623188405797103 0.11462450592885376 0.08985507246376812 0.12648221343873517
0 0.6333333333333333 0.3814229249011858 0.07971014492753623 0.11462450592885376
0 0.6695652173913044 0.3468379446640316 0.08405797101449275 0.13043478260869565
0 0.5659420289855073 0.12055335968379446 0.08840579710144927 0.11857707509881422
0 0.618840579710145 0.116600790513834 0.08115942028985507 0.11067193675889328
0 0.9485507246376812 0.5098814229249012 0.06521739130434782 0.08102766798418973
0 0.7181159420289855 0.9535573122529645 0.07971014492753623 0.09288537549407115
0 0.6695652173913044 0.9476284584980237 0.06811594202898551 0.09881422924901186
1 0.09202898550724638 0.18873517786561264 0.05652173913043478 0.07905138339920949
1 0.5884057971014492 0.2845849802371542 0.06811594202898551 0.10474308300395258
1 0.4420289855072464 0.29347826086956524 0.07681159420289856 0.13438735177865613
1 0.663768115942029 0.30632411067193677 0.06086956521739131 0.1007905138339921
1 0.7239130434782609 0.26877470355731226 0.059420289855072465 0.10474308300395258
1 0.8181159420289855 0.5079051383399209 0.06666666666666667 0.09881422924901186
1 0.8956521739130435 0.674901185770751 0.06376811594202898 0.08102766798418973
1 0.8144927536231884 0.8043478260869565 0.06666666666666667 0.08102766798418973
1 0.5384057971014493 0.8715415019762845 0.08985507246376812 0.12648221343873517