0 0.35424354243542433 0.9408602150537635 0.08856088560885608 0.11827956989247312
0 0.32933579335793356 0.8830645161290323 0.11808118081180811 0.1586021505376344
0 0.2896678966789668 0.7553763440860215 0.11254612546125461 0.1774193548387097
0 0.7776752767527675 0.44623655913978494 0.12730627306273062 0.17473118279569894
0 0.761070110701107 0.31451612903225806 0.12730627306273062 0.1639784946236559
0 0.36900369003690037 0.07795698924731183 0.14206642066420663 0.15053763440860216
0 0.05996309963099631 0.27956989247311825 0.03690036900369004 0.053763440860215055
1 0.5904059040590406 0.9690860215053764 0.05904059040590406 0.06182795698924731
1 0.5470479704797048 0.9301075268817204 0.07749077490774908 0.11021505376344086
1 0.6485239852398524 0.8413978494623656 0.08856088560885608 0.1532258064516129
1 0.5765682656826568 0.6155913978494624 0.0996309963099631 0.16666666666666666
1 0.8680811808118081 0.7674731182795699 0.1088560885608856 0.11021505376344086
1 0.6208487084870848 0.3588709677419355 0.12177121771217712 0.17204301075268819