0 0.25152439024390244 0.1736725663716814 0.07164634146341463 0.1084070796460177
0 0.08079268292682927 0.13938053097345132 0.07774390243902439 0.11504424778761062
0 0.025152439024390245 0.2975663716814159 0.024390243902439025 0.084070796460177
0 0.01600609756097561 0.3528761061946903 0.024390243902439025 0.0752212389380531
0 0.038871951219512195 0.4823008849557522 0.07774390243902439 0.11946902654867257
0 0.25609756097560976 0.8130530973451328 0.08384146341463415 0.11504424778761062
0 0.19207317073170732 0.6548672566371682 0.07926829268292683 0.1415929203539823
0 0.8185975609756098 0.29646017699115046 0.10670731707317073 0.16371681415929204
0 0.8894817073170732 0.2002212389380531 0.09603658536585366 0.1415929203539823
0 0.9397865853658537 0.7477876106194691 0.08384146341463415 0.1504424778761062
1 0.15396341463414634 0.3252212389380531 0.057926829268292686 0.10398230088495575
1 0.12195121951219512 0.1338495575221239 0.051829268292682924 0.12831858407079647
1 0.42073170731707316 0.2577433628318584 0.08384146341463415 0.12831858407079647
1 0.054878048780487805 0.4480088495575221 0.06402439024390244 0.11504424778761062
1 0.15396341463414634 0.6991150442477876 0.0350609756097561 0.11946902654867257
1 0.3879573170731707 0.8528761061946902 0.08384146341463415 0.13716814159292035
1 0.008384146341463415 0.6913716814159292 0.01676829268292683 0.06415929203539823