0 0.5459183673469388 0.8093023255813954 0.09013605442176871 0.13953488372093023
0 0.7925170068027211 0.9 0.08333333333333333 0.12790697674418605
0 0.6522108843537415 0.977906976744186 0.07653061224489796 0.044186046511627906
0 0.6437074829931972 0.9744186046511628 0.07653061224489796 0.05116279069767442
0 0.4770408163265306 0.0686046511627907 0.1054421768707483 0.11395348837209303
0 0.3647959183673469 0.2302325581395349 0.08673469387755102 0.1186046511627907
0 0.5535714285714286 0.10348837209302325 0.09013605442176871 0.1186046511627907
0 0.6258503401360545 0.1372093023255814 0.10714285714285714 0.1511627906976744
0 0.7797619047619048 0.32790697674418606 0.07653061224489796 0.09069767441860466
0 0.8443877551020408 0.3686046511627907 0.05952380952380952 0.07209302325581396
1 0.2653061224489796 0.12093023255813953 0.05612244897959184 0.13488372093023257
1 0.34778911564625853 0.9058139534883721 0.08673469387755102 0.12558139534883722
1 0.6369047619047619 0.9197674418604651 0.07142857142857142 0.1
1 0.4710884353741497 0.9034883720930232 0.07482993197278912 0.11627906976744186
1 0.7882653061224489 0.9674418604651163 0.07312925170068027 0.06511627906976744
1 0.5790816326530612 0.2186046511627907 0.05952380952380952 0.10465116279069768
1 0.6420068027210885 0.45465116279069767 0.08503401360544217 0.09069767441860466
1 0.6981292517006803 0.2744186046511628 0.0663265306122449 0.11395348837209303
1 0.7619047619047619 0.5 0.0782312925170068 0.10232558139534884
1 0.8222789115646258 0.5430232558139535 0.06972789115646258 0.11162790697674418