0 0.9767241379310345 0.2638190954773869 0.03103448275862069 0.08542713567839195
0 0.571551724137931 0.1934673366834171 0.08103448275862069 0.15829145728643215
0 0.6137931034482759 0.228643216080402 0.07931034482758621 0.09296482412060302
0 0.6870689655172414 0.24246231155778894 0.0706896551724138 0.08542713567839195
0 0.7189655172413794 0.7638190954773869 0.0896551724137931 0.11306532663316583
0 0.5181034482758621 0.9673366834170855 0.05344827586206897 0.06532663316582915
0 0.05775862068965517 0.9045226130653267 0.1 0.1507537688442211
0 0.18879310344827585 0.16959798994974876 0.08620689655172414 0.16834170854271358
0 0.12413793103448276 0.0728643216080402 0.08103448275862069 0.11306532663316583
1 0.9051724137931034 0.24623115577889448 0.06896551724137931 0.09045226130653267
1 0.8655172413793103 0.8040201005025126 0.07586206896551724 0.07537688442211055
1 0.5370689655172414 0.949748743718593 0.06724137931034482 0.10050251256281408
1 0.6801724137931034 0.5226130653266332 0.08103448275862069 0.09296482412060302
1 0.6008620689655172 0.542713567839196 0.07413793103448275 0.0829145728643216
1 0.30603448275862066 0.26256281407035176 0.08275862068965517 0.12814070351758794