0 0.23806275579809005 0.5 0.07776261937244201 0.10843373493975904
0 0.456343792633015 0.9819277108433735 0.06957708049113233 0.03614457831325301
0 0.6568894952251023 0.055220883534136546 0.08594815825375171 0.11044176706827309
0 0.718281036834925 0.2781124497991968 0.07639836289222374 0.12248995983935743
0 0.4713506139154161 0.9357429718875502 0.06412005457025921 0.0823293172690763
0 0.7735334242837654 0.6244979919678715 0.07503410641200546 0.13052208835341367
1 0.15416098226466576 0.21987951807228914 0.0723055934515689 0.10040160642570281
1 0.422237380627558 0.1857429718875502 0.07366984993178717 0.1144578313253012
1 0.577762619372442 0.10140562248995984 0.06821282401091405 0.09839357429718876
1 0.684856753069577 0.7761044176706827 0.06412005457025921 0.09839357429718876
1 0.5272851296043656 0.822289156626506 0.07639836289222374 0.10843373493975904
1 0.45566166439290584 0.7188755020080321 0.07094133697135062 0.10843373493975904
1 0.3888130968622101 0.8423694779116466 0.08049113233287858 0.10642570281124498