0 0.6678994082840237 0.12382075471698113 0.07692307692307693 0.1179245283018868
0 0.6005917159763313 0.3007075471698113 0.08136094674556213 0.1509433962264151
0 0.7255917159763313 0.1733490566037736 0.07396449704142012 0.10849056603773585
0 0.7781065088757396 0.19811320754716982 0.08136094674556213 0.09198113207547169
0 0.9489644970414202 0.7841981132075472 0.08284023668639054 0.1509433962264151
0 0.9652366863905325 0.43514150943396224 0.0695266272189349 0.13443396226415094
0 0.9607988165680473 0.41273584905660377 0.07248520710059171 0.11084905660377359
0 0.9186390532544378 0.8832547169811321 0.07396449704142012 0.14386792452830188
0 0.5584319526627219 0.9705188679245284 0.10207100591715976 0.0589622641509434
0 0.5125739644970414 0.9268867924528302 0.08875739644970414 0.1391509433962264
0 0.4460059171597633 0.8372641509433962 0.08579881656804733 0.14150943396226415
0 0.2655325443786982 0.3867924528301887 0.06804733727810651 0.11084905660377359
0 0.16937869822485208 0.4080188679245283 0.07100591715976332 0.10849056603773585
0 0.06878698224852071 0.41391509433962265 0.051775147928994084 0.08254716981132075
1 0.4896449704142012 0.02240566037735849 0.07692307692307693 0.04481132075471698
1 0.47633136094674555 0.04716981132075472 0.07396449704142012 0.09433962264150944
1 0.42159763313609466 0.14268867924528303 0.08431952662721894 0.1320754716981132
1 0.41494082840236685 0.47641509433962265 0.09023668639053255 0.1509433962264151
1 0.08136094674556213 0.33726415094339623 0.06656804733727811 0.1179245283018868
1 0.6523668639053254 0.7653301886792453 0.09023668639053255 0.15330188679245282
1 0.709319526627219 0.9209905660377359 0.05473372781065089 0.11320754716981132
1 0.8261834319526628 0.8136792452830188 0.09467455621301775 0.14150943396226415
1 0.8609467455621301 0.7334905660377359 0.09171597633136094 0.13679245283018868
1 0.8165680473372781 0.37971698113207547 0.07544378698224852 0.1391509433962264
1 0.9393491124260355 0.37028301886792453 0.060650887573964495 0.08962264150943396
1 0.8076923076923077 0.5648584905660378 0.08875739644970414 0.13679245283018868