0 0.8191126279863481 0.8241206030150754 0.03583617747440273 0.10804020100502512
0 0.27047781569965873 0.32663316582914576 0.09897610921501707 0.11557788944723618
0 0.37542662116040953 0.7324120603015075 0.07508532423208192 0.11306532663316583
0 0.5110921501706485 0.9610552763819096 0.09385665529010238 0.07788944723618091
0 0.2158703071672355 0.8203517587939698 0.06655290102389079 0.12562814070351758
0 0.20051194539249148 0.6758793969849246 0.06484641638225255 0.13316582914572864
0 0.18686006825938567 0.8316582914572864 0.05631399317406143 0.13819095477386933
1 0.6245733788395904 0.9409547738693468 0.06484641638225255 0.11809045226130653
1 0.6808873720136519 0.614321608040201 0.08703071672354949 0.11557788944723618
1 0.7926621160409556 0.04648241206030151 0.09215017064846416 0.08040201005025126
1 0.4232081911262799 0.0364321608040201 0.06825938566552901 0.0728643216080402
1 0.46245733788395904 0.35050251256281406 0.09044368600682594 0.12814070351758794
1 0.31569965870307165 0.6507537688442211 0.07679180887372014 0.12814070351758794
1 0.38822525597269625 0.9183417085427136 0.07849829351535836 0.10552763819095477
1 0.3660409556313993 0.9824120603015075 0.07167235494880546 0.03015075376884422