0 0.5925266903914591 0.19230769230769232 0.0693950177935943 0.1076923076923077
0 0.4804270462633452 0.2205128205128205 0.07295373665480427 0.07692307692307693
0 0.4012455516014235 0.21923076923076923 0.06583629893238434 0.06666666666666667
0 0.3122775800711744 0.25 0.06227758007117438 0.1076923076923077
0 0.09163701067615658 0.2128205128205128 0.05338078291814947 0.07948717948717948
0 0.15302491103202848 0.8807692307692307 0.06583629893238434 0.09743589743589744
1 0.7838078291814946 0.16666666666666666 0.07473309608540925 0.09487179487179487
1 0.4359430604982206 0.49230769230769234 0.08540925266903915 0.09230769230769231
1 0.3612099644128114 0.46794871794871795 0.07651245551601424 0.08205128205128205
1 0.1619217081850534 0.20384615384615384 0.05693950177935943 0.09743589743589744
1 0.042704626334519574 0.4282051282051282 0.060498220640569395 0.07692307692307693
1 0.24822064056939502 0.708974358974359 0.06405693950177936 0.08461538461538462