0 0.7044025157232704 0.3894849785407725 0.09905660377358491 0.148068669527897
0 0.7720125786163522 0.41952789699570814 0.0770440251572327 0.10515021459227468
0 0.45440251572327045 0.7757510729613734 0.10220125786163523 0.15879828326180256
0 0.1871069182389937 0.43776824034334766 0.0959119496855346 0.10300429184549356
0 0.3828616352201258 0.04291845493562232 0.055031446540880505 0.08583690987124463
0 0.2169811320754717 0.6974248927038627 0.0959119496855346 0.1223175965665236
0 0.1650943396226415 0.7263948497854077 0.10220125786163523 0.13948497854077252
0 0.15330188679245282 0.8143776824034334 0.07232704402515723 0.0815450643776824
1 0.2555031446540881 0.6684549356223176 0.08647798742138364 0.13733905579399142
1 0.09433962264150944 0.6040772532188842 0.06761006289308176 0.10515021459227468
1 0.16981132075471697 0.4581545064377682 0.0880503144654088 0.10944206008583691
1 0.2720125786163522 0.18991416309012876 0.08176100628930817 0.0815450643776824
1 0.6776729559748428 0.6716738197424893 0.08490566037735849 0.09871244635193133
1 0.6933962264150944 0.1759656652360515 0.06918238993710692 0.07510729613733906
1 0.6949685534591195 0.11051502145922747 0.06446540880503145 0.0944206008583691
1 0.5031446540880503 0.04291845493562232 0.05660377358490566 0.08583690987124463