0 0.33986928104575165 0.9720982142857143 0.08986928104575163 0.03571428571428571
0 0.20506535947712418 0.8738839285714286 0.06209150326797386 0.11830357142857142
0 0.1650326797385621 0.8426339285714286 0.06209150326797386 0.078125
0 0.1642156862745098 0.921875 0.07026143790849673 0.10044642857142858
0 0.23284313725490197 0.8169642857142857 0.08006535947712418 0.10491071428571429
0 0.3137254901960784 0.1796875 0.042483660130718956 0.10491071428571429
0 0.33251633986928103 0.07477678571428571 0.042483660130718956 0.09375
0 0.8031045751633987 0.0625 0.06699346405228758 0.07589285714285714
1 0.3235294117647059 0.8616071428571429 0.06862745098039216 0.10491071428571429
1 0.4550653594771242 0.8136160714285714 0.0784313725490196 0.109375
1 0.4125816993464052 0.640625 0.08333333333333333 0.10267857142857142
1 0.2622549019607843 0.5591517857142857 0.08986928104575163 0.06473214285714286
1 0.4477124183006536 0.19754464285714285 0.05555555555555555 0.09375
1 0.4795751633986928 0.044642857142857144 0.06699346405228758 0.08928571428571429