0 0.23214285714285715 0.7141025641025641 0.06578947368421052 0.11538461538461539
0 0.581766917293233 0.36923076923076925 0.10714285714285714 0.11282051282051282
0 0.3580827067669173 0.023076923076923078 0.08082706766917293 0.046153846153846156
0 0.4407894736842105 0.18974358974358974 0.05827067669172932 0.1282051282051282
0 0.9492481203007519 0.11666666666666667 0.09022556390977443 0.06923076923076923
1 0.6879699248120301 0.06794871794871794 0.06578947368421052 0.07948717948717948
1 0.6607142857142857 0.11538461538461539 0.06954887218045112 0.13076923076923078
1 0.5197368421052632 0.01282051282051282 0.03571428571428571 0.02564102564102564
1 0.32048872180451127 0.19487179487179487 0.07894736842105263 0.08974358974358974
1 0.5921052631578947 0.7410256410256411 0.09398496240601503 0.1
1 0.39285714285714285 0.7564102564102564 0.07706766917293233 0.11794871794871795