0 0.12613293051359517 0.04132231404958678 0.061933534743202415 0.08264462809917356
0 0.425226586102719 0.030991735537190084 0.0891238670694864 0.06198347107438017
0 0.3806646525679758 0.46384297520661155 0.1042296072507553 0.14049586776859505
0 0.5929003021148036 0.1115702479338843 0.0770392749244713 0.11983471074380166
0 0.7960725075528701 0.38016528925619836 0.06646525679758308 0.0640495867768595
0 0.6102719033232629 0.490702479338843 0.1027190332326284 0.15082644628099173
0 0.6525679758308157 0.9390495867768595 0.0649546827794562 0.08471074380165289
0 0.6216012084592145 0.9287190082644629 0.04984894259818731 0.08677685950413223
0 0.9916918429003021 0.5681818181818182 0.01661631419939577 0.08264462809917356
1 0.2877643504531722 0.02169421487603306 0.08006042296072508 0.04338842975206612
1 0.25075528700906347 0.12603305785123967 0.08761329305135952 0.11363636363636363
1 0.030211480362537766 0.33367768595041325 0.06042296072507553 0.08884297520661157
1 0.472809667673716 0.7128099173553719 0.0891238670694864 0.14256198347107438
1 0.775679758308157 0.5754132231404959 0.0649546827794562 0.09090909090909091
1 0.959214501510574 0.53099173553719 0.0513595166163142 0.07644628099173553
1 0.7250755287009063 0.4865702479338843 0.07250755287009064 0.1012396694214876
1 0.668429003021148 0.2892561983471074 0.08761329305135952 0.1012396694214876
1 0.6910876132930514 0.7448347107438017 0.06646525679758308 0.09297520661157024
1 0.5090634441087614 0.8574380165289256 0.061933534743202415 0.10330578512396695