0 0.5667655786350149 0.1684549356223176 0.050445103857566766 0.12017167381974249
0 0.5370919881305638 0.16416309012875535 0.05934718100890208 0.12660944206008584
0 0.9554896142433235 0.30364806866952787 0.057863501483679525 0.0536480686695279
0 0.9295252225519288 0.648068669527897 0.05934718100890208 0.07081545064377683
0 0.9710682492581603 0.5890557939914163 0.040059347181008904 0.07725321888412018
0 0.8293768545994066 0.7564377682403434 0.05192878338278932 0.0944206008583691
0 0.7781899109792285 0.8079399141630901 0.0712166172106825 0.045064377682403435
0 0.4547477744807122 0.7135193133047211 0.07863501483679525 0.1223175965665236
0 0.9695845697329377 0.8283261802575107 0.025222551928783383 0.06652360515021459
0 0.9851632047477745 0.8261802575107297 0.02373887240356083 0.06652360515021459
0 0.9807121661721068 0.6555793991416309 0.03560830860534125 0.060085836909871244
1 0.7381305637982196 0.26180257510729615 0.04747774480712166 0.09656652360515021
1 0.31305637982195844 0.09012875536480687 0.0771513353115727 0.1351931330472103
1 0.6810089020771514 0.7274678111587983 0.05489614243323442 0.08369098712446352
1 0.7589020771513353 0.5965665236051502 0.0830860534124629 0.07510729613733906
1 0.892433234421365 0.5311158798283262 0.06231454005934718 0.07939914163090128
1 0.8775964391691394 0.398068669527897 0.05489614243323442 0.06223175965665236
1 0.9176557863501483 0.3444206008583691 0.05934718100890208 0.05150214592274678
1 0.9896142433234422 0.51931330472103 0.020771513353115726 0.06437768240343347
1 0.9028189910979229 0.7639484978540773 0.05341246290801187 0.10085836909871244
1 0.8775964391691394 0.8412017167381974 0.04302670623145401 0.07081545064377683
1 0.9903560830860534 0.6137339055793991 0.016320474777448073 0.055793991416309016