0 0.5616071428571429 0.40487804878048783 0.1125 0.14634146341463414
0 0.7401785714285715 0.6487804878048781 0.09642857142857143 0.15121951219512195
0 0.7830357142857143 0.5560975609756098 0.10892857142857143 0.13170731707317074
0 0.6741071428571429 0.3719512195121951 0.11071428571428571 0.14878048780487804
0 0.56875 0.06097560975609756 0.09464285714285714 0.12195121951219512
1 0.6392857142857142 0.0951219512195122 0.06607142857142857 0.12682926829268293
1 0.7017857142857142 0.15609756097560976 0.09821428571428571 0.11707317073170732
1 0.7875 0.11585365853658537 0.07678571428571429 0.06341463414634146
1 0.8285714285714286 0.26097560975609757 0.10892857142857143 0.13170731707317074
1 0.8714285714285714 0.30609756097560975 0.06785714285714285 0.1048780487804878
1 0.6071428571428571 0.4304878048780488 0.075 0.15365853658536585
1 0.5785714285714286 0.8609756097560975 0.10714285714285714 0.12195121951219512
1 0.4133928571428571 0.9353658536585366 0.08214285714285714 0.11951219512195121
1 0.1125 0.6804878048780488 0.08035714285714286 0.0975609756097561