0 0.7126099706744868 0.7764830508474576 0.054252199413489736 0.07415254237288135
0 0.7294721407624634 0.6663135593220338 0.08651026392961877 0.11440677966101695
0 0.3980938416422287 0.5889830508474576 0.0967741935483871 0.163135593220339
0 0.2749266862170088 0.8040254237288136 0.05865102639296188 0.1461864406779661
0 0.2668621700879765 0.9036016949152542 0.036656891495601175 0.1016949152542373
1 0.43914956011730205 0.7658898305084746 0.05865102639296188 0.13771186440677965
1 0.46847507331378296 0.8273305084745762 0.08797653958944282 0.1059322033898305
1 0.6458944281524927 0.6027542372881356 0.0718475073313783 0.1419491525423729
1 0.5747800586510264 0.8485169491525424 0.0718475073313783 0.11228813559322035
1 0.5689149560117303 0.975635593220339 0.08211143695014662 0.048728813559322036
1 0.6524926686217009 0.9576271186440678 0.08504398826979472 0.0847457627118644
1 0.5095307917888563 0.9841101694915254 0.039589442815249266 0.03177966101694915