0 0.6598484848484848 0.019823788546255508 0.05303030303030303 0.039647577092511016
0 0.24696969696969698 0.2444933920704846 0.051515151515151514 0.11894273127753303
0 0.47575757575757577 0.22797356828193832 0.08484848484848485 0.10572687224669604
0 0.5590909090909091 0.15638766519823788 0.09090909090909091 0.09030837004405286
0 0.6643939393939394 0.09691629955947137 0.08787878787878788 0.08370044052863436
0 0.8727272727272727 0.7984581497797357 0.11515151515151516 0.13656387665198239
0 0.36893939393939396 0.9295154185022027 0.09242424242424242 0.14096916299559473
0 0.3613636363636364 0.9845814977973568 0.07424242424242425 0.030837004405286344
1 0.3878787878787879 0.11784140969162996 0.06212121212121212 0.11894273127753303
1 0.4643939393939394 0.025330396475770924 0.05909090909090909 0.05066079295154185
1 0.5757575757575758 0.5088105726872246 0.0893939393939394 0.10792951541850221
1 0.6598484848484848 0.46255506607929514 0.08787878787878788 0.1343612334801762
1 0.7643939393939394 0.4052863436123348 0.06818181818181818 0.07709251101321586
1 0.6606060606060606 0.8149779735682819 0.0803030303030303 0.14977973568281938
1 0.621969696969697 0.9383259911894273 0.05 0.07268722466960352