0 0.041666666666666664 0.5735294117647058 0.08333333333333333 0.14705882352941177
0 0.09948979591836735 0.8995098039215687 0.06292517006802721 0.11519607843137254
0 0.21683673469387754 0.9583333333333334 0.11054421768707483 0.08333333333333333
0 0.6836734693877551 0.8541666666666666 0.08503401360544217 0.11764705882352941
0 0.4523809523809524 0.20588235294117646 0.06802721088435375 0.08823529411764706
0 0.5221088435374149 0.14583333333333334 0.0663265306122449 0.0857843137254902
1 0.6130952380952381 0.31985294117647056 0.07142857142857142 0.09068627450980392
1 0.6683673469387755 0.27818627450980393 0.07993197278911565 0.11519607843137254
1 0.15136054421768708 0.3272058823529412 0.09863945578231292 0.13480392156862744
1 0.02806122448979592 0.4338235294117647 0.05612244897959184 0.15196078431372548
1 0.6505102040816326 0.6323529411764706 0.0782312925170068 0.1053921568627451