0 0.715669014084507 0.7644230769230769 0.0721830985915493 0.07451923076923077
0 0.704225352112676 0.8641826923076923 0.061619718309859156 0.0673076923076923
0 0.6549295774647887 0.8605769230769231 0.03345070422535211 0.0985576923076923
0 0.6804577464788732 0.9350961538461539 0.09507042253521127 0.10576923076923077
0 0.18397887323943662 0.6959134615384616 0.04929577464788732 0.10336538461538461
0 0.19630281690140844 0.8028846153846154 0.051056338028169015 0.08413461538461539
1 0.49119718309859156 0.08052884615384616 0.08450704225352113 0.08173076923076923
1 0.37059859154929575 0.021634615384615384 0.05457746478873239 0.04326923076923077
1 0.33098591549295775 0.7199519230769231 0.058098591549295774 0.12259615384615384
1 0.34507042253521125 0.8629807692307693 0.07042253521126761 0.10817307692307693
1 0.5290492957746479 0.7247596153846154 0.061619718309859156 0.11778846153846154
1 0.7095070422535211 0.5372596153846154 0.0897887323943662 0.08173076923076923
1 0.6311619718309859 0.6923076923076923 0.05985915492957746 0.0673076923076923