0 0.8106508875739645 0.31350806451612906 0.09467455621301775 0.11895161290322581
0 0.8350591715976331 0.43951612903225806 0.06804733727810651 0.1028225806451613
0 0.7995562130177515 0.5 0.10059171597633136 0.15120967741935484
0 0.621301775147929 0.8316532258064516 0.05029585798816568 0.10483870967741936
0 0.5769230769230769 0.8991935483870968 0.057692307692307696 0.10080645161290322
0 0.26331360946745563 0.5877016129032258 0.08727810650887574 0.12903225806451613
0 0.20857988165680474 0.5725806451612904 0.06804733727810651 0.07862903225806452
1 0.6457100591715976 0.5866935483870968 0.07988165680473373 0.11088709677419355
1 0.5473372781065089 0.7318548387096774 0.0650887573964497 0.08870967741935484
1 0.4630177514792899 0.8629032258064516 0.057692307692307696 0.08669354838709678
1 0.4230769230769231 0.9879032258064516 0.03550295857988166 0.024193548387096774
1 0.22263313609467456 0.7600806451612904 0.0695266272189349 0.07258064516129033
1 0.27958579881656803 0.35080645161290325 0.08727810650887574 0.09879032258064516