0 0.6992031872509961 0.12573099415204678 0.10358565737051793 0.14035087719298245
0 0.7290836653386454 0.03070175438596491 0.09163346613545817 0.06140350877192982
0 0.5318725099601593 0.6681286549707602 0.10358565737051793 0.15789473684210525
0 0.41733067729083667 0.7909356725146199 0.11952191235059761 0.17251461988304093
0 0.448207171314741 0.9269005847953217 0.12350597609561753 0.14619883040935672
0 0.014940239043824702 0.5599415204678363 0.029880478087649404 0.17251461988304093
0 0.0249003984063745 0.35526315789473684 0.049800796812749 0.09064327485380116
0 0.17231075697211157 0.23684210526315788 0.09760956175298804 0.11988304093567251
0 0.035856573705179286 0.6564327485380117 0.07171314741035857 0.195906432748538
0 0.2848605577689243 0.489766081871345 0.12350597609561753 0.1695906432748538
0 0.7659362549800797 0.5847953216374269 0.0697211155378486 0.09941520467836257
1 0.650398406374502 0.10380116959064327 0.08964143426294821 0.1286549707602339
1 0.75 0.25 0.099601593625498 0.14035087719298245
1 0.6563745019920318 0.36257309941520466 0.10956175298804781 0.16666666666666666
1 0.5926294820717132 0.4415204678362573 0.11553784860557768 0.15204678362573099
1 0.3197211155378486 0.5014619883040936 0.13346613545816732 0.17543859649122806
1 0.07270916334661355 0.5160818713450293 0.11155378486055777 0.14035087719298245
1 0.23306772908366533 0.41228070175438597 0.14143426294820718 0.19883040935672514
1 0.08964143426294821 0.8026315789473685 0.1254980079681275 0.195906432748538
1 0.16533864541832669 0.9210526315789473 0.11155378486055777 0.15789473684210525
1 0.17430278884462153 0.9824561403508771 0.09760956175298804 0.03508771929824561