0 0.5563139931740614 0.0728643216080402 0.10921501706484642 0.1457286432160804
0 0.6663822525597269 0.17964824120603015 0.10238907849829351 0.12060301507537688
0 0.8686006825938567 0.3869346733668342 0.12286689419795221 0.14321608040201006
0 0.03498293515358362 0.2889447236180904 0.06655290102389079 0.11306532663316583
0 0.7918088737201365 0.39824120603015073 0.07849829351535836 0.14321608040201006
0 0.9078498293515358 0.507537688442211 0.09215017064846416 0.17336683417085427
0 0.7372013651877133 0.7625628140703518 0.09385665529010238 0.1407035175879397
0 0.5349829351535836 0.8844221105527639 0.07508532423208192 0.11306532663316583
0 0.7593856655290102 0.8228643216080402 0.09556313993174062 0.1658291457286432
1 0.7977815699658704 0.03768844221105527 0.08361774744027303 0.07537688442211055
1 0.13651877133105803 0.1670854271356784 0.07679180887372014 0.11557788944723618
1 0.2158703071672355 0.2751256281407035 0.09215017064846416 0.12562814070351758
1 0.89419795221843 0.20854271356783918 0.07337883959044368 0.16331658291457288
1 0.689419795221843 0.23241206030150754 0.09556313993174062 0.12060301507537688
1 0.5708191126279863 0.5100502512562815 0.07167235494880546 0.135678391959799
1 0.6612627986348123 0.5741206030150754 0.07679180887372014 0.1306532663316583
1 0.6919795221843004 0.6796482412060302 0.09556313993174062 0.14321608040201006
1 0.9360068259385665 0.6118090452261307 0.07679180887372014 0.12060301507537688
1 0.9573378839590444 0.7286432160804021 0.07849829351535836 0.13316582914572864