0 0.029356060606060608 0.4572538860103627 0.058712121212121215 0.15803108808290156
0 0.09090909090909091 0.6204663212435233 0.13446969696969696 0.19430051813471502
0 0.12026515151515152 0.5272020725388601 0.10606060606060606 0.14507772020725387
0 0.16856060606060605 0.4417098445595855 0.10984848484848485 0.13212435233160622
0 0.30303030303030304 0.5531088082901554 0.12121212121212122 0.18134715025906736
0 0.013257575757575758 0.6282383419689119 0.026515151515151516 0.16839378238341968
0 0.7490530303030303 0.05181347150259067 0.10416666666666667 0.10362694300518134
0 0.7613636363636364 0.7979274611398963 0.10227272727272728 0.13730569948186527
1 0.13920454545454544 0.8808290155440415 0.10037878787878787 0.11917098445595854
1 0.22821969696969696 0.8134715025906736 0.09659090909090909 0.11398963730569948
1 0.3229166666666667 0.7577720207253886 0.10984848484848485 0.13471502590673576
1 0.3143939393939394 0.24093264248704663 0.10227272727272728 0.12694300518134716
1 0.2178030303030303 0.32512953367875647 0.10227272727272728 0.15025906735751296
1 0.9337121212121212 0.6088082901554405 0.09090909090909091 0.13471502590673576
1 0.8854166666666666 0.1645077720207254 0.10037878787878787 0.13212435233160622