0 0.23076923076923078 0.5364321608040201 0.08615384615384615 0.1507537688442211
0 0.26615384615384613 0.7600502512562815 0.07846153846153846 0.14824120603015076
0 0.30153846153846153 0.8630653266331658 0.06461538461538462 0.11055276381909548
0 0.33 0.9547738693467337 0.06 0.09045226130653267
0 0.33692307692307694 0.9371859296482412 0.07384615384615385 0.12562814070351758
0 0.8538461538461538 0.5703517587939698 0.08615384615384615 0.15577889447236182
0 0.7315384615384616 0.5175879396984925 0.07384615384615385 0.12814070351758794
0 0.7069230769230769 0.7763819095477387 0.08461538461538462 0.1457286432160804
1 0.43153846153846154 0.15326633165829145 0.07230769230769231 0.1306532663316583
1 0.46384615384615385 0.0364321608040201 0.05076923076923077 0.0728643216080402
1 0.4969230769230769 0.3015075376884422 0.09076923076923077 0.1658291457286432
1 0.1853846153846154 0.28391959798994976 0.08615384615384615 0.135678391959799
1 0.44769230769230767 0.75 0.09692307692307692 0.16834170854271358
1 0.48538461538461536 0.8869346733668342 0.0876923076923077 0.15577889447236182
1 0.5161538461538462 0.9773869346733668 0.08153846153846153 0.04522613065326633