0 0.17133956386292834 0.26121076233183854 0.08255451713395638 0.1210762331838565
0 0.3987538940809969 0.7118834080717489 0.09034267912772585 0.13901345291479822
0 0.46105919003115264 0.875560538116592 0.08255451713395638 0.11883408071748879
0 0.5716510903426791 0.11995515695067265 0.06853582554517133 0.07623318385650224
0 0.6339563862928349 0.10089686098654709 0.06230529595015576 0.07847533632286996
0 0.7601246105919003 0.013452914798206279 0.06542056074766354 0.026905829596412557
0 0.985202492211838 0.4439461883408072 0.029595015576323987 0.06726457399103139
1 0.02102803738317757 0.40582959641255606 0.04205607476635514 0.10762331838565023
1 0.21728971962616822 0.8856502242152466 0.0763239875389408 0.11210762331838565
1 0.1394080996884735 0.9069506726457399 0.08099688473520249 0.09865470852017937
1 0.6510903426791277 0.8576233183856502 0.08722741433021806 0.10986547085201794
1 0.6705607476635514 0.3094170403587444 0.0778816199376947 0.10538116591928251
1 0.7624610591900312 0.23430493273542602 0.08099688473520249 0.11210762331838565
1 0.8613707165109035 0.1031390134529148 0.06230529595015576 0.08744394618834081