0 0.652027027027027 0.28448275862068967 0.09966216216216216 0.11822660098522167
0 0.558277027027027 0.21428571428571427 0.10472972972972973 0.10591133004926108
0 0.47550675675675674 0.31403940886699505 0.08783783783783784 0.15270935960591134
0 0.9290540540540541 0.8103448275862069 0.09628378378378379 0.07881773399014778
0 0.7432432432432432 0.8928571428571429 0.06925675675675676 0.0665024630541872
0 0.5405405405405406 0.9396551724137931 0.11486486486486487 0.1206896551724138
0 0.4248310810810811 0.9667487684729064 0.12331081081081081 0.0665024630541872
1 0.30067567567567566 0.41625615763546797 0.0929054054054054 0.1477832512315271
1 0.6081081081081081 0.7352216748768473 0.10304054054054054 0.15270935960591134
1 0.6984797297297297 0.770935960591133 0.06756756756756757 0.10837438423645321
1 0.9206081081081081 0.5689655172413793 0.07432432432432433 0.09113300492610837
1 0.8158783783783784 0.5911330049261084 0.09121621621621621 0.11330049261083744
1 0.5988175675675675 0.49137931034482757 0.0945945945945946 0.10098522167487685