0 0.2515974440894569 0.14069767441860465 0.05591054313099041 0.07674418604651163
0 0.22284345047923323 0.22674418604651161 0.051118210862619806 0.10930232558139535
0 0.24920127795527156 0.34186046511627904 0.06230031948881789 0.12325581395348838
0 0.3354632587859425 0.8627906976744186 0.11980830670926518 0.17674418604651163
0 0.6222044728434505 0.5441860465116279 0.12140575079872204 0.14418604651162792
0 0.7332268370607029 0.48604651162790696 0.11182108626198083 0.1372093023255814
1 0.3698083067092652 0.14534883720930233 0.06230031948881789 0.09534883720930233
1 0.46246006389776356 0.20465116279069767 0.07507987220447285 0.1511627906976744
1 0.5814696485623003 0.16046511627906976 0.08945686900958466 0.13488372093023257
1 0.6869009584664537 0.21511627906976744 0.08306709265175719 0.11395348837209303
1 0.5654952076677316 0.6511627906976745 0.08146964856230032 0.14651162790697675
1 0.6725239616613419 0.9034883720930232 0.10862619808306709 0.11395348837209303
1 0.7803514376996805 0.8488372093023255 0.07507987220447285 0.07674418604651163
1 0.8314696485623003 0.5395348837209303 0.08945686900958466 0.10465116279069768