0 0.425414364640884 0.813 0.04696132596685083 0.066
0 0.47790055248618785 0.821 0.06353591160220995 0.062
0 0.5566298342541437 0.771 0.04696132596685083 0.082
0 0.5069060773480663 0.463 0.04696132596685083 0.092
0 0.28591160220994477 0.553 0.06906077348066299 0.07
0 0.31353591160220995 0.37 0.07044198895027624 0.074
0 0.2948895027624309 0.041 0.0856353591160221 0.058
1 0.31767955801104975 0.633 0.08149171270718232 0.088
1 0.2078729281767956 0.285 0.07596685082872928 0.08
1 0.231353591160221 0.06 0.08701657458563536 0.086
1 0.6843922651933702 0.626 0.06629834254143646 0.092
1 0.47651933701657456 0.605 0.08149171270718232 0.08
1 0.35290055248618785 0.229 0.08701657458563536 0.086