0 0.09615384615384616 0.5486842105263158 0.11923076923076924 0.12894736842105264
0 0.3817307692307692 0.3157894736842105 0.10384615384615385 0.14736842105263157
0 0.33557692307692305 0.22105263157894736 0.10192307692307692 0.15789473684210525
0 0.4173076923076923 0.14605263157894738 0.075 0.1631578947368421
0 0.7461538461538462 0.15394736842105264 0.09615384615384616 0.06315789473684211
0 0.8375 0.1763157894736842 0.075 0.07105263157894737
0 0.8201923076923077 0.5171052631578947 0.07884615384615384 0.13421052631578947
0 0.9144230769230769 0.9118421052631579 0.06346153846153846 0.0868421052631579
1 0.035576923076923075 0.6828947368421052 0.057692307692307696 0.1
1 0.07788461538461539 0.9328947368421052 0.1076923076923077 0.09473684210526316
1 0.041346153846153845 0.4355263157894737 0.08269230769230769 0.0868421052631579
1 0.14711538461538462 0.1118421052631579 0.06923076923076923 0.12894736842105264
1 0.18076923076923077 0.0868421052631579 0.06538461538461539 0.10789473684210527
1 0.07788461538461539 0.2894736842105263 0.06153846153846154 0.14736842105263157
1 0.13653846153846153 0.39473684210526316 0.07307692307692308 0.14210526315789473
1 0.7576923076923077 0.7947368421052632 0.08846153846153847 0.1
1 0.7288461538461538 0.925 0.06538461538461539 0.10526315789473684
1 0.7057692307692308 0.3092105263157895 0.08269230769230769 0.10263157894736842
1 0.8605769230769231 0.3671052631578947 0.075 0.09210526315789473