0 0.75 0.9203539823008849 0.09090909090909091 0.13274336283185842
0 0.6834415584415584 0.8252212389380531 0.07792207792207792 0.11946902654867257
0 0.7467532467532467 0.5619469026548672 0.09253246753246754 0.14380530973451328
0 0.2483766233766234 0.20907079646017698 0.09090909090909091 0.1261061946902655
0 0.29707792207792205 0.01991150442477876 0.06168831168831169 0.03982300884955752
0 0.7613636363636364 0.23119469026548672 0.05194805194805195 0.10619469026548672
0 0.7646103896103896 0.12168141592920353 0.05032467532467533 0.10619469026548672
1 0.573051948051948 0.5851769911504425 0.060064935064935064 0.07079646017699115
1 0.788961038961039 0.34513274336283184 0.0633116883116883 0.06415929203539823
1 0.6298701298701299 0.17809734513274336 0.06168831168831169 0.09070796460176991
1 0.6241883116883117 0.0420353982300885 0.05357142857142857 0.048672566371681415
1 0.35633116883116883 0.16482300884955753 0.05844155844155844 0.09070796460176991
1 0.28165584415584416 0.18141592920353983 0.0633116883116883 0.08628318584070796
1 0.2435064935064935 0.461283185840708 0.08766233766233766 0.08628318584070796