0 0.9324534161490683 0.09192825112107623 0.06366459627329192 0.06950672645739911
0 0.9409937888198758 0.672645739910314 0.06055900621118013 0.0515695067264574
0 0.8850931677018633 0.6917040358744395 0.06832298136645963 0.05829596412556054
0 0.8198757763975155 0.7062780269058296 0.06677018633540373 0.06278026905829596
0 0.8858695652173914 0.1468609865470852 0.043478260869565216 0.09865470852017937
0 0.8408385093167702 0.08408071748878924 0.04192546583850932 0.08744394618834081
0 0.5124223602484472 0.22869955156950672 0.09782608695652174 0.12556053811659193
1 0.6894409937888198 0.09865470852017937 0.06521739130434782 0.11659192825112108
1 0.29347826086956524 0.10762331838565023 0.06987577639751552 0.14349775784753363
1 0.7600931677018633 0.20291479820627803 0.06055900621118013 0.11434977578475336
1 0.9743788819875776 0.34417040358744394 0.03571428571428571 0.06950672645739911
1 0.9580745341614907 0.257847533632287 0.04813664596273292 0.07399103139013453
1 0.9425465838509317 0.48318385650224216 0.07142857142857142 0.09417040358744394
1 0.8346273291925466 0.4428251121076233 0.08540372670807453 0.1031390134529148
1 0.7414596273291926 0.4618834080717489 0.08695652173913043 0.1031390134529148