0 0.03134328358208955 0.463265306122449 0.0626865671641791 0.09387755102040816
0 0.04328358208955224 0.32448979591836735 0.04626865671641791 0.12040816326530612
0 0.016417910447761194 0.3 0.025373134328358207 0.14081632653061224
0 0.21343283582089553 0.2357142857142857 0.04776119402985075 0.12653061224489795
0 0.3835820895522388 0.08775510204081632 0.07761194029850746 0.0653061224489796
0 0.5373134328358209 0.20510204081632652 0.05223880597014925 0.1
0 0.564179104477612 0.14285714285714285 0.07164179104477612 0.08163265306122448
0 0.7380597014925373 0.2540816326530612 0.06417910447761194 0.05102040816326531
0 0.6917910447761194 0.8387755102040816 0.05970149253731343 0.08571428571428572
0 0.744776119402985 0.8367346938775511 0.04626865671641791 0.07551020408163266
0 0.7895522388059701 0.8387755102040816 0.058208955223880594 0.07142857142857142
1 0.15522388059701492 0.31326530612244896 0.06119402985074627 0.0673469387755102
1 0.13208955223880597 0.09693877551020408 0.07313432835820896 0.07959183673469387
1 0.21044776119402986 0.11938775510204082 0.04626865671641791 0.09591836734693877
1 0.43283582089552236 0.15612244897959185 0.06865671641791045 0.09387755102040816
1 0.6111940298507462 0.4204081632653061 0.0791044776119403 0.0836734693877551
1 0.6582089552238806 0.3479591836734694 0.056716417910447764 0.08979591836734693
1 0.7276119402985075 0.4061224489795918 0.050746268656716415 0.07346938775510205
1 0.7 0.6551020408163265 0.07761194029850746 0.07959183673469387
1 0.6686567164179105 0.713265306122449 0.07611940298507462 0.07755102040816327
1 0.5544776119402985 0.8030612244897959 0.056716417910447764 0.09183673469387756
1 0.05149253731343283 0.07346938775510205 0.056716417910447764 0.10204081632653061