0 0.3931818181818182 0.9328193832599119 0.07727272727272727 0.10572687224669604
0 0.475 0.7973568281938326 0.10757575757575757 0.1343612334801762
0 0.37575757575757573 0.7588105726872246 0.09393939393939393 0.13656387665198239
0 0.1946969696969697 0.8733480176211453 0.08636363636363636 0.10792951541850221
0 0.2015151515151515 0.7301762114537445 0.07575757575757576 0.0881057268722467
0 0.24772727272727274 0.32158590308370044 0.09848484848484848 0.13876651982378854
0 0.346969696969697 0.19383259911894274 0.09242424242424242 0.1343612334801762
0 0.4340909090909091 0.2026431718061674 0.09848484848484848 0.14096916299559473
0 0.7393939393939394 0.24118942731277532 0.10151515151515152 0.15418502202643172
0 0.7962121212121213 0.30726872246696035 0.11060606060606061 0.15859030837004406
1 0.2689393939393939 0.9129955947136564 0.06666666666666667 0.07048458149779736
1 0.3143939393939394 0.6916299559471366 0.08787878787878788 0.1145374449339207
1 0.25833333333333336 0.4592511013215859 0.10151515151515152 0.1299559471365639