0 0.07536231884057971 0.6969339622641509 0.06811594202898551 0.07783018867924528
0 0.3181159420289855 0.8231132075471698 0.08840579710144927 0.14386792452830188
0 0.4746376811594203 0.9209905660377359 0.08260869565217391 0.1179245283018868
0 0.5362318840579711 0.9327830188679245 0.08985507246376812 0.12264150943396226
0 0.5166666666666667 0.972877358490566 0.06521739130434782 0.054245283018867926
0 0.6485507246376812 0.9469339622641509 0.08260869565217391 0.10613207547169812
0 0.8007246376811594 0.6816037735849056 0.06666666666666667 0.12028301886792453
0 0.6463768115942029 0.5117924528301887 0.08985507246376812 0.14622641509433962
0 0.6601449275362319 0.4068396226415094 0.06811594202898551 0.15330188679245282
0 0.6536231884057971 0.1474056603773585 0.06521739130434782 0.09905660377358491
0 0.9717391304347827 0.5247641509433962 0.05652173913043478 0.15330188679245282
0 0.9304347826086956 0.5035377358490566 0.07681159420289856 0.12971698113207547
1 0.17391304347826086 0.28537735849056606 0.04492753623188406 0.08962264150943396
1 0.21594202898550724 0.3278301886792453 0.07246376811594203 0.09669811320754718
1 0.28043478260869564 0.34787735849056606 0.07391304347826087 0.11556603773584906
1 0.18043478260869567 0.7181603773584906 0.07101449275362319 0.125
1 0.07681159420289856 0.42806603773584906 0.06811594202898551 0.10377358490566038
1 0.008695652173913044 0.6061320754716981 0.017391304347826087 0.08490566037735849
1 0.5833333333333334 0.7405660377358491 0.08695652173913043 0.1179245283018868
1 0.6768115942028986 0.7806603773584906 0.08405797101449275 0.125
1 0.8963768115942029 0.20636792452830188 0.07536231884057971 0.12971698113207547
1 0.9659420289855073 0.23820754716981132 0.06811594202898551 0.11320754716981132
1 0.8681159420289855 0.37028301886792453 0.07246376811594203 0.11556603773584906
1 0.8557971014492753 0.5495283018867925 0.06956521739130435 0.1320754716981132
1 0.8108695652173913 0.9516509433962265 0.08260869565217391 0.09669811320754718
1 0.881159420289855 0.8867924528301887 0.09420289855072464 0.1320754716981132