0 0.9652255639097744 0.31891891891891894 0.06954887218045112 0.10270270270270271
0 0.9135338345864662 0.2810810810810811 0.08082706766917293 0.10540540540540541
0 0.9163533834586466 0.37567567567567567 0.09586466165413533 0.12162162162162163
0 0.2951127819548872 0.8094594594594594 0.07706766917293233 0.12702702702702703
0 0.3815789473684211 0.03918918918918919 0.08270676691729323 0.07837837837837838
0 0.28477443609022557 0.013513513513513514 0.06954887218045112 0.02702702702702703
1 0.44360902255639095 0.9527027027027027 0.09022556390977443 0.0945945945945946
1 0.7208646616541353 0.4810810810810811 0.10150375939849623 0.13783783783783785
1 0.7086466165413534 0.17297297297297298 0.10714285714285714 0.17297297297297298
1 0.2349624060150376 0.1472972972972973 0.07142857142857142 0.0945945945945946
1 0.18045112781954886 0.14324324324324325 0.05827067669172932 0.08378378378378379