0 0.5316455696202531 0.09415584415584416 0.11075949367088607 0.1341991341991342
0 0.620253164556962 0.4880952380952381 0.10284810126582279 0.12121212121212122
0 0.7721518987341772 0.6893939393939394 0.04746835443037975 0.1038961038961039
0 0.7863924050632911 0.7943722943722944 0.04272151898734177 0.09740259740259741
0 0.7761075949367089 0.3593073593073593 0.06962025316455696 0.09307359307359307
0 0.7484177215189873 0.3430735930735931 0.09177215189873418 0.10822510822510822
0 0.7223101265822784 0.09632034632034632 0.09177215189873418 0.12987012987012986
0 0.5110759493670886 0.01406926406926407 0.06962025316455696 0.02813852813852814
1 0.629746835443038 0.048701298701298704 0.0759493670886076 0.09740259740259741
1 0.30063291139240506 0.09307359307359307 0.060126582278481014 0.07142857142857142
1 0.6068037974683544 0.21103896103896103 0.07120253164556962 0.09307359307359307
1 0.6629746835443038 0.1038961038961039 0.061708860759493674 0.07142857142857142
1 0.7705696202531646 0.5952380952380952 0.07436708860759493 0.0735930735930736
1 0.6550632911392406 0.7002164502164502 0.0680379746835443 0.10606060606060606
1 0.6819620253164557 0.9199134199134199 0.058544303797468354 0.06277056277056277