0 0.3409090909090909 0.9402654867256637 0.09090909090909091 0.11946902654867257
0 0.42803030303030304 0.8639380530973452 0.08787878787878788 0.13274336283185842
0 0.23333333333333334 0.47345132743362833 0.07424242424242425 0.10398230088495575
0 0.2431818181818182 0.4225663716814159 0.07424242424242425 0.11061946902654868
0 0.6143939393939394 0.20353982300884957 0.08636363636363636 0.13053097345132744
0 0.7742424242424243 0.5619469026548672 0.09545454545454546 0.14380530973451328
1 0.556060606060606 0.9867256637168141 0.05454545454545454 0.02654867256637168
1 0.6393939393939394 0.9026548672566371 0.0803030303030303 0.1261061946902655
1 0.6962121212121212 0.8672566371681416 0.07878787878787878 0.12389380530973451
1 0.5227272727272727 0.046460176991150445 0.08484848484848485 0.09292035398230089
1 0.22272727272727272 0.23119469026548672 0.06818181818181818 0.09513274336283185
1 0.29393939393939394 0.7345132743362832 0.08333333333333333 0.13274336283185842