0 0.01076158940397351 0.7367149758454107 0.02152317880794702 0.0966183574879227
0 0.19205298013245034 0.3780193236714976 0.11920529801324503 0.1497584541062802
0 0.23013245033112584 0.14492753623188406 0.08443708609271523 0.10144927536231885
0 0.30711920529801323 0.12198067632850242 0.10099337748344371 0.08695652173913043
0 0.8501655629139073 0.20531400966183574 0.09933774834437085 0.1497584541062802
0 0.25579470198675497 0.7415458937198067 0.10927152317880795 0.1280193236714976
0 0.3211920529801324 0.7439613526570048 0.08774834437086093 0.13526570048309178
0 0.16225165562913907 0.822463768115942 0.07947019867549669 0.12560386473429952
0 0.43956953642384106 0.7608695652173914 0.09768211920529801 0.14251207729468598
0 0.7193708609271523 0.8502415458937198 0.10099337748344371 0.15217391304347827
0 0.7375827814569537 0.9528985507246377 0.10099337748344371 0.09420289855072464
1 0.08609271523178808 0.6086956521739131 0.076158940397351 0.0893719806763285
1 0.2947019867549669 0.4359903381642512 0.07947019867549669 0.0748792270531401
1 0.3741721854304636 0.40942028985507245 0.10430463576158941 0.10869565217391304
1 0.34933774834437087 0.46618357487922707 0.10099337748344371 0.0821256038647343
1 0.44288079470198677 0.47946859903381644 0.06788079470198675 0.07971014492753623
1 0.3932119205298013 0.8864734299516909 0.052980132450331126 0.11352657004830918
1 0.6854304635761589 0.9299516908212561 0.076158940397351 0.14009661835748793