0 0.3210862619808307 0.14790575916230367 0.07188498402555911 0.14136125654450263
0 0.4472843450479233 0.20287958115183247 0.10543130990415335 0.17015706806282724
0 0.38338658146964855 0.5091623036649214 0.08146964856230032 0.1544502617801047
0 0.4097444089456869 0.6269633507853403 0.07667731629392971 0.13089005235602094
0 0.2955271565495208 0.8534031413612565 0.07827476038338659 0.13612565445026178
0 0.3426517571884984 0.9201570680628273 0.07987220447284345 0.12827225130890052
0 0.36421725239616615 0.9554973821989529 0.051118210862619806 0.08900523560209424
0 0.6517571884984026 0.9227748691099477 0.05750798722044728 0.060209424083769635
0 0.8833865814696485 0.3324607329842932 0.06070287539936102 0.0968586387434555
0 0.6988817891373802 0.03926701570680628 0.05910543130990415 0.07853403141361257
0 0.4233226837060703 0.7015706806282722 0.0670926517571885 0.12827225130890052
1 0.5415335463258786 0.06675392670157068 0.07987220447284345 0.13350785340314136
1 0.8825878594249201 0.1099476439790576 0.08945686900958466 0.14136125654450263
1 0.9624600638977636 0.418848167539267 0.07507987220447285 0.1256544502617801
1 0.9616613418530351 0.7094240837696335 0.07667731629392971 0.09947643979057591
1 0.854632587859425 0.7879581151832461 0.05750798722044728 0.07068062827225131
1 0.8194888178913738 0.6007853403141361 0.08466453674121406 0.13350785340314136
1 0.6269968051118211 0.6308900523560209 0.0878594249201278 0.1518324607329843
1 0.5942492012779552 0.4397905759162304 0.08626198083067092 0.14921465968586387
1 0.518370607028754 0.18848167539267016 0.09744408945686901 0.14921465968586387
1 0.3146964856230032 0.43848167539267013 0.07987220447284345 0.12303664921465969
1 0.45686900958466453 0.7892670157068062 0.08626198083067092 0.11780104712041885
1 0.5103833865814696 0.8612565445026178 0.0926517571884984 0.14921465968586387
1 0.18610223642172524 0.9829842931937173 0.06869009584664537 0.034031413612565446
1 0.30431309904153353 0.9607329842931938 0.07188498402555911 0.07853403141361257
1 0.43929712460063897 0.8691099476439791 0.06070287539936102 0.08900523560209424