0 0.6217741935483871 0.9823788546255506 0.07580645161290323 0.03524229074889868
0 0.7379032258064516 0.9757709251101322 0.10483870967741936 0.048458149779735685
0 0.5838709677419355 0.8061674008810573 0.0967741935483871 0.1145374449339207
0 0.728225806451613 0.32158590308370044 0.07258064516129033 0.12555066079295155
0 0.6967741935483871 0.23237885462555066 0.07580645161290323 0.10352422907488987
0 0.6983870967741935 0.17731277533039647 0.05 0.08370044052863436
0 0.40483870967741936 0.13876651982378854 0.08225806451612903 0.1145374449339207
0 0.24838709677419354 0.04185022026431718 0.06774193548387097 0.08370044052863436
0 0.24193548387096775 0.14977973568281938 0.06451612903225806 0.08370044052863436
1 0.7548387096774194 0.737885462555066 0.07419354838709677 0.06828193832599119
1 0.8161290322580645 0.5638766519823789 0.07258064516129033 0.0881057268722467
1 0.557258064516129 0.3843612334801762 0.07741935483870968 0.08149779735682819
1 0.5879032258064516 0.1685022026431718 0.0532258064516129 0.06607929515418502
1 0.38064516129032255 0.08480176211453745 0.05806451612903226 0.08149779735682819
1 0.2306451612903226 0.3579295154185022 0.05967741935483871 0.06167400881057269
1 0.28225806451612906 0.1685022026431718 0.03387096774193549 0.09251101321585903