0 0.8834876543209876 0.7732067510548524 0.044753086419753084 0.0759493670886076
0 0.8564814814814815 0.640295358649789 0.06327160493827161 0.09915611814345991
0 0.7121913580246914 0.7858649789029536 0.08796296296296297 0.12658227848101267
0 0.7970679012345679 0.6149789029535865 0.08487654320987655 0.09915611814345991
0 0.6959876543209876 0.14345991561181434 0.035493827160493825 0.10548523206751055
0 0.26003086419753085 0.27848101265822783 0.07098765432098765 0.07172995780590717
0 0.2646604938271605 0.2310126582278481 0.06944444444444445 0.07172995780590717
1 0.8016975308641975 0.8238396624472574 0.08024691358024691 0.07383966244725738
1 0.7746913580246914 0.33755274261603374 0.0787037037037037 0.06540084388185655
1 0.5509259259259259 0.1350210970464135 0.06018518518518518 0.0970464135021097
1 0.2839506172839506 0.5052742616033755 0.06790123456790123 0.08227848101265822
1 0.2692901234567901 0.07278481012658228 0.05864197530864197 0.06751054852320675