0 0.02246376811594203 0.3634453781512605 0.04492753623188406 0.14285714285714285
0 0.6956521739130435 0.08823529411764706 0.0536231884057971 0.09873949579831932
0 0.913768115942029 0.1134453781512605 0.05652173913043478 0.08823529411764706
0 0.8724637681159421 0.0546218487394958 0.06521739130434782 0.1092436974789916
0 0.9739130434782609 0.4275210084033613 0.05217391304347826 0.09453781512605042
0 0.9231884057971015 0.5798319327731093 0.07101449275362319 0.09873949579831932
0 0.8333333333333334 0.6060924369747899 0.08985507246376812 0.0861344537815126
1 0.9579710144927536 0.2689075630252101 0.043478260869565216 0.07773109243697479
1 0.9746376811594203 0.32563025210084034 0.03333333333333333 0.05042016806722689
1 0.8789855072463768 0.21323529411764705 0.06956521739130435 0.07352941176470588
1 0.8384057971014492 0.17016806722689076 0.07391304347826087 0.10504201680672269
1 0.5362318840579711 0.13550420168067226 0.07246376811594203 0.1134453781512605
1 0.23623188405797102 0.19222689075630253 0.07536231884057971 0.11764705882352941
1 0.8217391304347826 0.38865546218487396 0.07246376811594203 0.1134453781512605
1 0.8818840579710145 0.34138655462184875 0.06376811594202898 0.0819327731092437
1 0.9934782608695653 0.5210084033613446 0.013043478260869565 0.09663865546218488