0 0.9223880597014925 0.10918367346938776 0.09104477611940298 0.10612244897959183
0 0.926865671641791 0.47653061224489796 0.09402985074626866 0.07142857142857142
0 0.8955223880597015 0.21836734693877552 0.0791044776119403 0.07551020408163266
0 0.8119402985074626 0.18571428571428572 0.08358208955223881 0.08163265306122448
0 0.6313432835820896 0.09387755102040816 0.07313432835820896 0.10204081632653061
0 0.41492537313432837 0.11224489795918367 0.06119402985074627 0.11020408163265306
0 0.16492537313432837 0.7602040816326531 0.058208955223880594 0.10612244897959183
0 0.09402985074626866 0.7214285714285714 0.04029850746268657 0.09795918367346938
0 0.12686567164179105 0.7234693877551021 0.05223880597014925 0.0836734693877551
0 0.017164179104477612 0.286734693877551 0.019402985074626865 0.08571428571428572
1 0.9589552238805971 0.20510204081632652 0.07313432835820896 0.08163265306122448
1 0.8597014925373134 0.4673469387755102 0.08358208955223881 0.10612244897959183
1 0.7194029850746269 0.4387755102040816 0.09402985074626866 0.07346938775510205
1 0.7305970149253731 0.10510204081632653 0.06865671641791045 0.0836734693877551
1 0.7171641791044776 0.2673469387755102 0.07611940298507462 0.09183673469387756
1 0.5955223880597015 0.11836734693877551 0.06119402985074627 0.10408163265306122
1 0.04402985074626865 0.5255102040816326 0.050746268656716415 0.05714285714285714
1 0.1708955223880597 0.5520408163265306 0.05373134328358209 0.0653061224489796
1 0.2298507462686567 0.6979591836734694 0.05373134328358209 0.07959183673469387