0 0.3219584569732938 0.03056768558951965 0.08011869436201781 0.0611353711790393
0 0.20400593471810088 0.8755458515283843 0.05489614243323442 0.048034934497816595
0 0.7151335311572701 0.618995633187773 0.10089020771513353 0.13100436681222707
0 0.6936201780415431 0.2423580786026201 0.08011869436201781 0.12008733624454149
0 0.841246290801187 0.22489082969432314 0.07566765578635015 0.12663755458515283
0 0.8308605341246291 0.35262008733624456 0.07566765578635015 0.1331877729257642
0 0.8672106824925816 0.22707423580786026 0.06824925816023739 0.1331877729257642
1 0.5133531157270029 0.019650655021834062 0.06231454005934718 0.039301310043668124
1 0.41839762611275966 0.2336244541484716 0.09050445103857567 0.12663755458515283
1 0.23219584569732937 0.6713973799126638 0.09050445103857567 0.10480349344978165
1 0.47403560830860536 0.9868995633187773 0.057863501483679525 0.026200873362445413
1 0.5356083086053413 0.8253275109170306 0.07566765578635015 0.1222707423580786
1 0.5586053412462908 0.5305676855895196 0.09495548961424333 0.13755458515283842
1 0.7307121661721068 0.3318777292576419 0.08456973293768547 0.1331877729257642
1 0.7091988130563798 0.10043668122270742 0.07418397626112759 0.08078602620087336