0 0.24375 0.17560975609756097 0.06607142857142857 0.0975609756097561
0 0.28660714285714284 0.1902439024390244 0.07857142857142857 0.1024390243902439
0 0.16875 0.27682926829268295 0.05 0.14390243902439023
0 0.15357142857142858 0.5280487804878049 0.055357142857142855 0.12926829268292683
0 0.24017857142857144 0.7804878048780488 0.07857142857142857 0.08048780487804878
0 0.3196428571428571 0.7536585365853659 0.0875 0.1073170731707317
0 0.19017857142857142 0.8890243902439025 0.048214285714285716 0.12195121951219512
1 0.19285714285714287 0.09268292682926829 0.055357142857142855 0.1048780487804878
1 0.36964285714285716 0.27926829268292686 0.06964285714285715 0.13658536585365855
1 0.3535714285714286 0.42073170731707316 0.09464285714285714 0.09268292682926829
1 0.23839285714285716 0.4609756097560976 0.08392857142857142 0.1
1 0.17142857142857143 0.7829268292682927 0.06428571428571428 0.06341463414634146
1 0.34375 0.9365853658536586 0.05892857142857143 0.0951219512195122
1 0.7258928571428571 0.9573170731707317 0.08035714285714286 0.08536585365853659