0 0.14907407407407408 0.3155080213903743 0.07777777777777778 0.12834224598930483
0 0.028703703703703703 0.7794117647058824 0.05740740740740741 0.08288770053475936
0 0.225 0.5628342245989305 0.09814814814814815 0.15240641711229946
0 0.3824074074074074 0.20989304812834225 0.07407407407407407 0.1497326203208556
0 0.8666666666666667 0.36363636363636365 0.09444444444444444 0.10427807486631016
0 0.7462962962962963 0.5454545454545454 0.05555555555555555 0.12032085561497326
0 0.6722222222222223 0.34358288770053474 0.05740740740740741 0.0748663101604278
1 0.12777777777777777 0.47058823529411764 0.12037037037037036 0.12566844919786097
1 0.5120370370370371 0.4090909090909091 0.08888888888888889 0.17914438502673796
1 0.6759259259259259 0.20053475935828877 0.08333333333333333 0.17379679144385027
1 0.6407407407407407 0.06818181818181818 0.09444444444444444 0.09358288770053476
1 0.9685185185185186 0.47593582887700536 0.06296296296296296 0.18181818181818182
1 0.6259259259259259 0.6925133689839572 0.07037037037037037 0.10695187165775401