0 0.4291044776119403 0.03877551020408163 0.058208955223880594 0.07142857142857142
0 0.7746268656716417 0.33979591836734696 0.07164179104477612 0.12653061224489795
0 0.7261194029850746 0.7255102040816327 0.03283582089552239 0.09591836734693877
0 0.7216417910447761 0.8214285714285714 0.04029850746268657 0.07959183673469387
0 0.6 0.9663265306122449 0.07761194029850746 0.05714285714285714
1 0.6059701492537314 0.025510204081632654 0.05373134328358209 0.05102040816326531
1 0.6895522388059702 0.1836734693877551 0.06716417910447761 0.07551020408163266
1 0.7694029850746269 0.15816326530612246 0.0791044776119403 0.07755102040816327
1 0.6955223880597015 0.5836734693877551 0.07164179104477612 0.0673469387755102
1 0.6029850746268657 0.7642857142857142 0.04626865671641791 0.08163265306122448
1 0.6276119402985074 0.9 0.049253731343283584 0.0673469387755102
1 0.5671641791044776 0.7561224489795918 0.058208955223880594 0.0836734693877551