0 0.40210843373493976 0.2276595744680851 0.07530120481927711 0.14680851063829786
0 0.5218373493975904 0.33404255319148934 0.09186746987951808 0.09787234042553192
0 0.6566265060240963 0.41808510638297874 0.08734939759036145 0.1
0 0.8448795180722891 0.12446808510638298 0.04969879518072289 0.09787234042553192
0 0.7921686746987951 0.030851063829787233 0.06927710843373494 0.023404255319148935
0 0.8501506024096386 0.06489361702127659 0.043674698795180725 0.08085106382978724
1 0.641566265060241 0.08404255319148936 0.061746987951807226 0.08936170212765958
1 0.7274096385542169 0.06702127659574468 0.06927710843373494 0.10212765957446808
1 0.7695783132530121 0.28829787234042553 0.061746987951807226 0.07872340425531915
1 0.8125 0.4106382978723404 0.06626506024096386 0.0851063829787234
1 0.6061746987951807 0.02872340425531915 0.05271084337349398 0.04680851063829787
1 0.5700301204819277 0.030851063829787233 0.05271084337349398 0.0574468085106383