0 0.3728448275862069 0.9587155963302753 0.06752873563218391 0.08256880733944955
0 0.2650862068965517 0.7603211009174312 0.08620689655172414 0.1444954128440367
0 0.22557471264367815 0.6708715596330275 0.07758620689655173 0.12614678899082568
0 0.26939655172413796 0.6834862385321101 0.08620689655172414 0.1353211009174312
0 0.6120689655172413 0.9575688073394495 0.06896551724137931 0.08486238532110092
0 0.7593390804597702 0.8107798165137615 0.04885057471264368 0.05963302752293578
0 0.7701149425287356 0.6961009174311926 0.06321839080459771 0.11697247706422019
0 0.5890804597701149 0.37729357798165136 0.07614942528735633 0.12155963302752294
0 0.09554597701149425 0.38990825688073394 0.05603448275862069 0.0963302752293578
0 0.6099137931034483 0.05045871559633028 0.08189655172413793 0.10091743119266056
0 0.632183908045977 0.16628440366972477 0.07902298850574713 0.13302752293577982
1 0.5229885057471264 0.8268348623853211 0.08477011494252873 0.13073394495412843
1 0.6142241379310345 0.7293577981651376 0.07902298850574713 0.12844036697247707
1 0.4511494252873563 0.15022935779816513 0.10632183908045977 0.1628440366972477
1 0.4317528735632184 0.02522935779816514 0.05890804597701149 0.05045871559633028
1 0.33979885057471265 0.10665137614678899 0.07471264367816093 0.10779816513761468
1 0.2988505747126437 0.14908256880733944 0.06321839080459771 0.09403669724770643
1 0.27011494252873564 0.3268348623853211 0.07902298850574713 0.11467889908256881
1 0.22557471264367815 0.42775229357798167 0.09482758620689655 0.14220183486238533
1 0.38146551724137934 0.9128440366972477 0.08764367816091954 0.1353211009174312