0 0.2986322188449848 0.6742738589211619 0.08206686930091185 0.07468879668049792
0 0.27279635258358664 0.6286307053941909 0.0790273556231003 0.09336099585062241
0 0.28799392097264437 0.3278008298755187 0.06534954407294832 0.1037344398340249
0 0.2689969604863222 0.28112033195020747 0.034954407294832825 0.07676348547717843
0 0.2674772036474164 0.19605809128630705 0.037993920972644375 0.11410788381742738
0 0.7066869300911854 0.09647302904564316 0.06534954407294832 0.07468879668049792
1 0.4734042553191489 0.991701244813278 0.04711246200607903 0.016597510373443983
1 0.39285714285714285 0.9906639004149378 0.05319148936170213 0.01867219917012448
1 0.35790273556231 0.8827800829875518 0.05927051671732523 0.09336099585062241
1 0.23328267477203649 0.40352697095435686 0.06838905775075987 0.08298755186721991
1 0.47720364741641336 0.3278008298755187 0.06382978723404255 0.0912863070539419
1 0.3966565349544073 0.24688796680497926 0.06231003039513678 0.0975103734439834
1 0.4270516717325228 0.13900414937759337 0.06990881458966565 0.08506224066390042
1 0.7180851063829787 0.2894190871369295 0.060790273556231005 0.07883817427385892