0 0.2686781609195402 0.027522935779816515 0.04741379310344827 0.04357798165137615
0 0.625 0.006880733944954129 0.04310344827586207 0.013761467889908258
0 0.6443965517241379 0.10550458715596331 0.05028735632183908 0.052752293577981654
0 0.7456896551724138 0.5860091743119266 0.05459770114942529 0.11467889908256881
0 0.7485632183908046 0.6915137614678899 0.05459770114942529 0.10550458715596331
0 0.7737068965517241 0.7981651376146789 0.08189655172413793 0.12385321100917432
0 0.21264367816091953 0.7327981651376146 0.04597701149425287 0.09862385321100918
0 0.21767241379310345 0.6146788990825688 0.05459770114942529 0.12844036697247707
0 0.3484195402298851 0.5504587155963303 0.05890804597701149 0.09862385321100918
1 0.28735632183908044 0.2190366972477064 0.08189655172413793 0.08944954128440367
1 0.3735632183908046 0.12155963302752294 0.05028735632183908 0.10550458715596331
1 0.6386494252873564 0.33256880733944955 0.07327586206896551 0.09174311926605505
1 0.584051724137931 0.7993119266055045 0.06465517241379311 0.11467889908256881
1 0.646551724137931 0.9518348623853211 0.07327586206896551 0.03669724770642202
1 0.4331896551724138 0.8509174311926605 0.06609195402298851 0.05733944954128441
1 0.41163793103448276 0.8268348623853211 0.09626436781609195 0.09174311926605505
1 0.29238505747126436 0.838302752293578 0.06896551724137931 0.05733944954128441
1 0.22844827586206898 0.981651376146789 0.05459770114942529 0.03669724770642202
1 0.38721264367816094 0.9655963302752294 0.05603448275862069 0.06880733944954129