0 0.163 0.06284153005464481 0.102 0.09836065573770492
0 0.441 0.8524590163934426 0.104 0.14754098360655737
0 0.628 0.03278688524590164 0.076 0.06557377049180328
0 0.673 0.14207650273224043 0.088 0.13387978142076504
0 0.984 0.15710382513661203 0.02 0.12568306010928962
0 0.871 0.8852459016393442 0.058 0.12568306010928962
0 0.931 0.8975409836065574 0.088 0.09016393442622951
1 0.384 0.030054644808743168 0.066 0.05191256830601093
1 0.673 0.9221311475409836 0.066 0.1092896174863388
1 0.708 0.9043715846994536 0.054 0.1092896174863388
1 0.921 0.6161202185792349 0.074 0.08469945355191257
1 0.859 0.2691256830601093 0.076 0.10655737704918032
1 0.965 0.3319672131147541 0.056 0.12021857923497267
1 0.861 0.17759562841530055 0.052 0.08196721311475409