0 0.32407407407407407 0.20611702127659576 0.04814814814814815 0.09042553191489362
0 0.3574074074074074 0.2845744680851064 0.06666666666666667 0.08776595744680851
0 0.7194444444444444 0.7726063829787234 0.06851851851851852 0.10372340425531915
0 0.2074074074074074 0.9162234042553191 0.08333333333333333 0.10904255319148937
0 0.6805555555555556 0.4242021276595745 0.07962962962962963 0.1356382978723404
0 0.7296296296296296 0.6542553191489362 0.08148148148148149 0.11436170212765957
0 0.8166666666666667 0.5066489361702128 0.07037037037037037 0.11170212765957446
0 0.31851851851851853 0.047872340425531915 0.04814814814814815 0.09042553191489362
1 0.40925925925925927 0.48271276595744683 0.07777777777777778 0.11436170212765957
1 0.5203703703703704 0.5372340425531915 0.08518518518518518 0.14095744680851063
1 0.8203703703703704 0.8058510638297872 0.027777777777777776 0.11170212765957446
1 0.8379629629629629 0.42819148936170215 0.03888888888888889 0.125
1 0.8212962962962963 0.324468085106383 0.053703703703703705 0.11170212765957446
1 0.5055555555555555 0.1196808510638298 0.09259259259259259 0.11436170212765957
1 0.45185185185185184 0.014627659574468085 0.05555555555555555 0.02925531914893617