0 0.7055214723926381 0.13766519823788545 0.0843558282208589 0.1145374449339207
0 0.7415644171779141 0.776431718061674 0.07975460122699386 0.12555066079295155
0 0.3236196319018405 0.7918502202643172 0.06595092024539877 0.1013215859030837
0 0.37423312883435583 0.8964757709251101 0.046012269938650305 0.07929515418502203
0 0.3075153374233129 0.29295154185022027 0.07208588957055215 0.07048458149779736
0 0.25076687116564417 0.3248898678414097 0.06288343558282208 0.08149779735682819
0 0.15644171779141106 0.34140969162995594 0.05674846625766871 0.07268722466960352
0 0.03374233128834356 0.460352422907489 0.05828220858895705 0.07709251101321586
1 0.8964723926380368 0.21255506607929514 0.08282208588957055 0.11894273127753303
1 0.933282208588957 0.6795154185022027 0.08895705521472393 0.1343612334801762
1 0.3496932515337423 0.4878854625550661 0.07515337423312883 0.0947136563876652
1 0.29984662576687116 0.525330396475771 0.06441717791411043 0.0947136563876652
1 0.2085889570552147 0.5088105726872246 0.0736196319018405 0.0947136563876652
1 0.026840490797546013 0.6387665198237885 0.05368098159509203 0.07048458149779736
1 0.48006134969325154 0.751101321585903 0.09355828220858896 0.1299559471365639
1 0.5345092024539877 0.8370044052863436 0.07668711656441718 0.1013215859030837