0 0.836996336996337 0.72875 0.07509157509157509 0.1175
0 0.5952380952380952 0.0625 0.08608058608058608 0.0675
0 0.6886446886446886 0.06 0.07509157509157509 0.0675
0 0.08699633699633699 0.415 0.10073260073260074 0.12
0 0.014652014652014652 0.17625 0.029304029304029304 0.0775
1 0.03021978021978022 0.45625 0.06043956043956044 0.0975
1 0.06593406593406594 0.15 0.08608058608058608 0.075
1 0.1446886446886447 0.33875 0.08791208791208792 0.1075
1 0.6327838827838828 0.77375 0.07692307692307693 0.13
1 0.673992673992674 0.27375 0.07875457875457875 0.085
1 0.7371794871794872 0.24625 0.07509157509157509 0.1025