0 0.04472843450479233 0.8604651162790697 0.025559105431309903 0.07674418604651163
0 0.2388178913738019 0.9174418604651163 0.05910543130990415 0.10697674418604651
0 0.06629392971246006 0.6872093023255814 0.0463258785942492 0.09534883720930233
0 0.03274760383386582 0.43372093023255814 0.06549520766773163 0.10930232558139535
0 0.10463258785942492 0.23604651162790696 0.06389776357827476 0.10232558139534884
0 0.18370607028753994 0.6441860465116279 0.07987220447284345 0.09767441860465116
0 0.19968051118210864 0.2569767441860465 0.06869009584664537 0.06976744186046512
0 0.2723642172523962 0.22209302325581395 0.07188498402555911 0.08372093023255814
0 0.36501597444089456 0.37790697674418605 0.06549520766773163 0.14418604651162792
0 0.5654952076677316 0.7046511627906977 0.07667731629392971 0.12558139534883722
1 0.00718849840255591 0.4790697674418605 0.01437699680511182 0.05581395348837209
1 0.027156549520766772 0.6883720930232559 0.03194888178913738 0.07209302325581396
1 0.05670926517571885 0.5267441860465116 0.08466453674121406 0.07906976744186046
1 0.19728434504792333 0.7627906976744186 0.07028753993610223 0.10930232558139535
1 0.43610223642172524 0.9046511627906977 0.08626198083067092 0.12558139534883722
1 0.2244408945686901 0.5186046511627908 0.06070287539936102 0.08604651162790698
1 0.2779552715654952 0.4697674418604651 0.07507987220447285 0.1
1 0.5886581469648562 0.3802325581395349 0.06869009584664537 0.1558139534883721
1 0.8298722044728435 0.7418604651162791 0.09904153354632587 0.14651162790697675