0 0.085 0.3261363636363636 0.095 0.1318181818181818
0 0.16416666666666666 0.42159090909090907 0.12166666666666667 0.15
0 0.12166666666666667 0.4772727272727273 0.08166666666666667 0.12727272727272726
0 0.23083333333333333 0.6409090909090909 0.115 0.15
0 0.17666666666666667 0.6954545454545454 0.056666666666666664 0.11136363636363636
0 0.37083333333333335 0.9522727272727273 0.105 0.09545454545454546
0 0.525 0.7954545454545454 0.115 0.16590909090909092
0 0.8183333333333334 0.821590909090909 0.09333333333333334 0.1
1 0.3458333333333333 0.5352272727272728 0.06666666666666667 0.12954545454545455
1 0.2975 0.8738636363636364 0.08 0.10227272727272728
1 0.39 0.8443181818181819 0.07333333333333333 0.09545454545454546
1 0.7225 0.8113636363636364 0.065 0.10681818181818181
1 0.5683333333333334 0.9602272727272727 0.06 0.07954545454545454
1 0.7583333333333333 0.6193181818181818 0.08 0.10227272727272728