0 0.5801282051282052 0.17139737991266377 0.10096153846153846 0.13755458515283842
0 0.359775641025641 0.4672489082969432 0.10897435897435898 0.1572052401746725
0 0.16826923076923078 0.4814410480349345 0.10737179487179487 0.15065502183406113
0 0.12740384615384615 0.3646288209606987 0.06570512820512821 0.10043668122270742
0 0.36378205128205127 0.03820960698689956 0.0641025641025641 0.06986899563318777
1 0.6065705128205128 0.9301310043668122 0.10096153846153846 0.13973799126637554
1 0.8918269230769231 0.7074235807860262 0.07371794871794872 0.09388646288209607
1 0.4735576923076923 0.06222707423580786 0.09775641025641026 0.12445414847161572
1 0.5136217948717948 0.015283842794759825 0.052884615384615384 0.03056768558951965
1 0.21955128205128205 0.27838427947598254 0.08173076923076923 0.11572052401746726
1 0.30288461538461536 0.2903930131004367 0.08012820512820513 0.11353711790393013
1 0.1530448717948718 0.5818777292576419 0.09294871794871795 0.13755458515283842