0 0.21153846153846154 0.26345291479820626 0.07076923076923076 0.12331838565022421
0 0.5053846153846154 0.9248878923766816 0.1 0.15022421524663676
0 0.5607692307692308 0.7320627802690582 0.08307692307692308 0.1367713004484305
0 0.6630769230769231 0.827354260089686 0.08923076923076922 0.13004484304932734
0 0.9684615384615385 0.5022421524663677 0.06307692307692307 0.13452914798206278
0 0.9746153846153847 0.37331838565022424 0.05076923076923077 0.1367713004484305
0 0.7123076923076923 0.18497757847533633 0.09384615384615384 0.1367713004484305
0 0.7761538461538462 0.14798206278026907 0.07076923076923076 0.07623318385650224
1 0.10538461538461538 0.17600896860986548 0.03538461538461538 0.10538116591928251
1 0.28846153846153844 0.8621076233183856 0.05384615384615385 0.1031390134529148
1 0.7084615384615385 0.9652466367713004 0.06307692307692307 0.06950672645739911
1 0.7638461538461538 0.9719730941704036 0.06307692307692307 0.05605381165919283
1 0.9030769230769231 0.8811659192825112 0.06 0.13452914798206278
1 0.9353846153846154 0.8352017937219731 0.07538461538461538 0.09641255605381166
1 0.7707692307692308 0.6659192825112108 0.06307692307692307 0.13004484304932734
1 0.7992307692307692 0.46524663677130046 0.07076923076923076 0.15246636771300448
1 0.9761538461538461 0.3116591928251121 0.047692307692307694 0.12556053811659193