0 0.39171511627906974 0.06969026548672566 0.07703488372093023 0.12168141592920353
0 0.057412790697674417 0.4103982300884956 0.061046511627906974 0.08849557522123894
0 0.2928779069767442 0.5320796460176991 0.07848837209302326 0.11504424778761062
0 0.4883720930232558 0.7787610619469026 0.08430232558139535 0.11946902654867257
0 0.5559593023255814 0.9734513274336283 0.1002906976744186 0.05309734513274336
0 0.6976744186046512 0.6460176991150443 0.09011627906976744 0.13274336283185842
0 0.46584302325581395 0.02765486725663717 0.08284883720930232 0.05530973451327434
0 0.6090116279069767 0.11283185840707964 0.07412790697674419 0.11504424778761062
0 0.6344476744186046 0.29535398230088494 0.08866279069767442 0.14380530973451328
0 0.8488372093023255 0.26216814159292035 0.09883720930232558 0.12389380530973451
0 0.7725290697674418 0.9535398230088495 0.07994186046511628 0.09292035398230089
1 0.9040697674418605 0.9203539823008849 0.050872093023255814 0.09734513274336283
1 0.7129360465116279 0.8119469026548672 0.1002906976744186 0.15486725663716813
1 0.7928779069767442 0.6283185840707964 0.09593023255813954 0.14601769911504425
1 0.8175872093023255 0.5199115044247787 0.09156976744186046 0.13938053097345132
1 0.8626453488372093 0.4446902654867257 0.08575581395348837 0.12831858407079647
1 0.8015988372093024 0.28761061946902655 0.09738372093023256 0.14823008849557523
1 0.5734011627906976 0.18252212389380532 0.09011627906976744 0.13716814159292035
1 0.5734011627906976 0.41150442477876104 0.1002906976744186 0.15486725663716813
1 0.19549418604651161 0.35176991150442477 0.08575581395348837 0.11946902654867257
1 0.2747093023255814 0.017699115044247787 0.07267441860465117 0.035398230088495575
1 0.08430232558139535 0.22234513274336284 0.06831395348837209 0.08849557522123894
1 0.02616279069767442 0.29535398230088494 0.05232558139534884 0.09070796460176991
1 0.873546511627907 0.6426991150442478 0.07267441860465117 0.10398230088495575