0 0.8183962264150944 0.592274678111588 0.06761006289308176 0.09012875536480687
0 0.2460691823899371 0.27253218884120173 0.07075471698113207 0.07081545064377683
0 0.7421383647798742 0.7478540772532188 0.08018867924528301 0.10944206008583691
0 0.46855345911949686 0.8175965665236051 0.08176100628930817 0.10944206008583691
0 0.6973270440251572 0.9474248927038627 0.07861635220125786 0.07081545064377683
0 0.7193396226415094 0.8755364806866953 0.06446540880503145 0.15450643776824036
1 0.47877358490566035 0.9699570815450643 0.07389937106918239 0.060085836909871244
1 0.5078616352201258 0.8905579399141631 0.05817610062893082 0.0944206008583691
1 0.6682389937106918 0.7424892703862661 0.06761006289308176 0.10515021459227468
1 0.8411949685534591 0.8444206008583691 0.04874213836477988 0.07296137339055794
1 0.2539308176100629 0.48283261802575106 0.06446540880503145 0.0815450643776824