0 0.9331306990881459 0.3058139534883721 0.09270516717325228 0.12325581395348838
0 0.7720364741641338 0.7604651162790698 0.08054711246200608 0.12325581395348838
0 0.9916413373860182 0.5325581395348837 0.016717325227963525 0.11627906976744186
0 0.48556231003039513 0.8383720930232558 0.08358662613981763 0.11162790697674418
0 0.38677811550151975 0.7406976744186047 0.06382978723404255 0.10930232558139535
0 0.4148936170212766 0.7965116279069767 0.08206686930091185 0.09534883720930233
1 0.14969604863221886 0.053488372093023255 0.07142857142857142 0.10697674418604651
1 0.3123100303951368 0.28604651162790695 0.06838905775075987 0.09069767441860466
1 0.8389057750759878 0.6383720930232558 0.0851063829787234 0.1
1 0.9399696048632219 0.6197674418604651 0.07598784194528875 0.11162790697674418
1 0.8556231003039514 0.977906976744186 0.0729483282674772 0.044186046511627906
1 0.9179331306990881 0.8546511627906976 0.05167173252279635 0.09302325581395349
1 0.5995440729483282 0.7127906976744186 0.11398176291793313 0.16744186046511628