0 0.04776119402985075 0.7088744588744589 0.07761194029850746 0.10606060606060606
0 0.09850746268656717 0.6536796536796536 0.08358208955223881 0.12337662337662338
0 0.14477611940298507 0.5497835497835498 0.08955223880597014 0.1341991341991342
0 0.291044776119403 0.2564935064935065 0.0880597014925373 0.11688311688311688
0 0.37089552238805973 0.21212121212121213 0.08208955223880597 0.11471861471861472
0 0.15074626865671642 0.8257575757575758 0.07164179104477612 0.10606060606060606
0 0.15970149253731344 0.922077922077922 0.06865671641791045 0.10822510822510822
0 0.20149253731343283 0.9415584415584416 0.06865671641791045 0.11255411255411256
0 0.3753731343283582 0.9188311688311688 0.09850746268656717 0.14502164502164502
1 0.12611940298507462 0.8982683982683982 0.07313432835820896 0.09956709956709957
1 0.16417910447761194 0.7813852813852814 0.07761194029850746 0.10606060606060606
1 0.28432835820895525 0.9155844155844156 0.08059701492537313 0.11471861471861472
1 0.30149253731343284 0.9675324675324676 0.07761194029850746 0.06493506493506493
1 0.14029850746268657 0.9577922077922078 0.056716417910447764 0.08441558441558442
1 0.40373134328358207 0.48268398268398266 0.11044776119402985 0.1341991341991342
1 0.5552238805970149 0.1645021645021645 0.10149253731343283 0.14502164502164502
1 0.746268656716418 0.03463203463203463 0.09253731343283582 0.06926406926406926