0 0.33860759493670883 0.38078703703703703 0.10126582278481013 0.11805555555555555
0 0.29430379746835444 0.0625 0.060126582278481014 0.125
0 0.47151898734177217 0.3599537037037037 0.09018987341772151 0.13657407407407407
0 0.6194620253164557 0.48148148148148145 0.07753164556962025 0.10416666666666667
0 0.6669303797468354 0.5532407407407407 0.07911392405063292 0.09027777777777778
0 0.7958860759493671 0.3611111111111111 0.07753164556962025 0.11342592592592593
0 0.8488924050632911 0.30324074074074076 0.04746835443037975 0.1111111111111111
0 0.7721518987341772 0.7754629629629629 0.05063291139240506 0.09490740740740741
0 0.5609177215189873 0.6701388888888888 0.07436708860759493 0.1388888888888889
0 0.7357594936708861 0.8946759259259259 0.06329113924050633 0.09953703703703703
0 0.7420886075949367 0.9513888888888888 0.05221518987341772 0.08101851851851852
0 0.5245253164556962 0.9664351851851852 0.07120253164556962 0.06712962962962964
1 0.6218354430379747 0.8275462962962963 0.06645569620253164 0.10648148148148148
1 0.6550632911392406 0.7349537037037037 0.058544303797468354 0.10648148148148148
1 0.8093354430379747 0.5092592592592593 0.061708860759493674 0.10648148148148148
1 0.740506329113924 0.5752314814814815 0.0680379746835443 0.11574074074074074
1 0.7650316455696202 0.07291666666666667 0.09651898734177215 0.05555555555555555
1 0.7215189873417721 0.19328703703703703 0.07278481012658228 0.09722222222222222
1 0.6503164556962026 0.07291666666666667 0.07753164556962025 0.10185185185185185
1 0.5498417721518988 0.3298611111111111 0.06962025316455696 0.09490740740740741
1 0.4675632911392405 0.02662037037037037 0.09651898734177215 0.05324074074074074
1 0.35205696202531644 0.06481481481481481 0.08069620253164557 0.12962962962962962
1 0.43591772151898733 0.6736111111111112 0.06645569620253164 0.09722222222222222
1 0.435126582278481 0.8090277777777778 0.08386075949367089 0.12037037037037036
1 0.4319620253164557 0.8946759259259259 0.058544303797468354 0.08564814814814815