0 0.09913793103448276 0.06868131868131869 0.0603448275862069 0.10714285714285714
0 0.04913793103448276 0.2541208791208791 0.0706896551724138 0.11813186813186813
0 0.06637931034482758 0.29120879120879123 0.06551724137931035 0.11263736263736264
0 0.16120689655172413 0.3447802197802198 0.07931034482758621 0.11263736263736264
0 0.12586206896551724 0.11538461538461539 0.056896551724137934 0.0989010989010989
0 0.1456896551724138 0.042582417582417584 0.06724137931034482 0.08516483516483517
0 0.8568965517241379 0.46153846153846156 0.09310344827586207 0.14560439560439561
0 0.5310344827586206 0.7335164835164835 0.08620689655172414 0.1346153846153846
0 0.34655172413793106 0.4065934065934066 0.08793103448275862 0.14560439560439561
0 0.23879310344827587 0.5302197802197802 0.08620689655172414 0.1510989010989011
1 0.8887931034482759 0.9285714285714286 0.08103448275862069 0.13186813186813187
1 0.75 0.9052197802197802 0.0706896551724138 0.11813186813186813
1 0.475 0.7568681318681318 0.08620689655172414 0.1401098901098901
1 0.38017241379310346 0.7651098901098901 0.07413793103448275 0.11538461538461539
1 0.175 0.4574175824175824 0.08793103448275862 0.14285714285714285
1 0.2293103448275862 0.2032967032967033 0.07931034482758621 0.12362637362637363
1 0.2189655172413793 0.32005494505494503 0.06724137931034482 0.10714285714285714
1 0.09741379310344828 0.1813186813186813 0.05344827586206897 0.08516483516483517
1 0.06551724137931035 0.1510989010989011 0.05517241379310345 0.09615384615384616
1 0.3448275862068966 0.07692307692307693 0.08448275862068966 0.12912087912087913