0 0.9738805970149254 0.24865591397849462 0.033582089552238806 0.11559139784946236
0 0.5270522388059702 0.08870967741935484 0.09328358208955224 0.12903225806451613
0 0.2593283582089552 0.0456989247311828 0.054104477611940295 0.04032258064516129
0 0.18470149253731344 0.06586021505376344 0.08768656716417911 0.06720430107526881
0 0.06996268656716417 0.39919354838709675 0.048507462686567165 0.11559139784946236
0 0.38152985074626866 0.842741935483871 0.07835820895522388 0.11290322580645161
0 0.3880597014925373 0.7661290322580645 0.08208955223880597 0.10752688172043011
0 0.8041044776119403 0.521505376344086 0.08395522388059702 0.0913978494623656
1 0.7602611940298507 0.11693548387096774 0.08582089552238806 0.12365591397849462
1 0.3843283582089552 0.22446236559139784 0.0914179104477612 0.11021505376344086
1 0.16417910447761194 0.3185483870967742 0.0914179104477612 0.0913978494623656
1 0.2126865671641791 0.46908602150537637 0.06343283582089553 0.09946236559139784
1 0.21361940298507462 0.7916666666666666 0.06529850746268656 0.12365591397849462
1 0.5951492537313433 0.8333333333333334 0.08955223880597014 0.12903225806451613
1 0.808768656716418 0.8817204301075269 0.08022388059701492 0.08870967741935484