0 0.15580985915492956 0.5540865384615384 0.08098591549295775 0.08653846153846154
0 0.1681338028169014 0.7355769230769231 0.0897887323943662 0.15144230769230768
0 0.7561619718309859 0.46274038461538464 0.11619718309859155 0.1346153846153846
0 0.6575704225352113 0.9519230769230769 0.08626760563380281 0.09615384615384616
0 0.6047535211267606 0.9098557692307693 0.08274647887323944 0.11298076923076923
0 0.6426056338028169 0.9879807692307693 0.06690140845070422 0.02403846153846154
1 0.18838028169014084 0.19110576923076922 0.045774647887323945 0.09615384615384616
1 0.17693661971830985 0.2548076923076923 0.040492957746478875 0.0889423076923077
1 0.26848591549295775 0.9014423076923077 0.06866197183098592 0.10336538461538461
1 0.5096830985915493 0.9831730769230769 0.061619718309859156 0.03365384615384615
1 0.6355633802816901 0.6778846153846154 0.07746478873239436 0.0889423076923077
1 0.6954225352112676 0.7752403846153846 0.06514084507042253 0.0625
1 0.7068661971830986 0.7283653846153846 0.0721830985915493 0.07932692307692307