0 0.31390449438202245 0.22357723577235772 0.07584269662921349 0.0975609756097561
0 0.2422752808988764 0.4176829268292683 0.060393258426966294 0.08333333333333333
0 0.5323033707865169 0.4959349593495935 0.09550561797752809 0.12804878048780488
0 0.7331460674157303 0.366869918699187 0.06460674157303371 0.09959349593495935
0 0.5948033707865169 0.05386178861788618 0.0449438202247191 0.09146341463414634
1 0.23525280898876405 0.16869918699186992 0.06460674157303371 0.07723577235772358
1 0.2872191011235955 0.07723577235772358 0.05196629213483146 0.042682926829268296
1 0.4023876404494382 0.19715447154471544 0.08286516853932584 0.08739837398373984
1 0.43890449438202245 0.08943089430894309 0.06601123595505617 0.10772357723577236
1 0.6004213483146067 0.17784552845528456 0.05898876404494382 0.0975609756097561
1 0.5976123595505618 0.9339430894308943 0.07584269662921349 0.10975609756097561