0 0.823051948051948 0.9170353982300885 0.06168831168831169 0.07300884955752213
0 0.8636363636363636 0.9070796460176991 0.06493506493506493 0.07964601769911504
0 0.7946428571428571 0.8871681415929203 0.08279220779220779 0.1084070796460177
0 0.6907467532467533 0.26327433628318586 0.045454545454545456 0.10619469026548672
0 0.6680194805194806 0.1592920353982301 0.045454545454545456 0.09513274336283185
0 0.19967532467532467 0.17035398230088494 0.07142857142857142 0.09955752212389381
1 0.7061688311688312 0.9292035398230089 0.0698051948051948 0.08849557522123894
1 0.5746753246753247 0.9004424778761062 0.08116883116883117 0.11283185840707964
1 0.6103896103896104 0.7256637168141593 0.08603896103896104 0.1084070796460177
1 0.7564935064935064 0.6338495575221239 0.09090909090909091 0.06858407079646017
1 0.5584415584415584 0.28982300884955753 0.05844155844155844 0.09513274336283185
1 0.5211038961038961 0.13606194690265486 0.0698051948051948 0.09955752212389381