0 0.6290087463556852 0.09243697478991597 0.06997084548104957 0.10504201680672269
0 0.26895043731778423 0.6712184873949579 0.09183673469387756 0.1323529411764706
0 0.7332361516034985 0.5021008403361344 0.052478134110787174 0.08403361344537816
0 0.7463556851311953 0.601890756302521 0.0641399416909621 0.09873949579831932
0 0.7791545189504373 0.6743697478991597 0.06559766763848396 0.09873949579831932
1 0.7558309037900874 0.8466386554621849 0.04081632653061224 0.04831932773109244
1 0.8301749271137027 0.7762605042016807 0.05393586005830904 0.06302521008403361
1 0.5969387755102041 0.5220588235294118 0.08309037900874636 0.12394957983193278
1 0.3848396501457726 0.8350840336134454 0.09475218658892129 0.12394957983193278
1 0.44752186588921283 0.04831932773109244 0.10204081632653061 0.09663865546218488
1 0.40816326530612246 0.09558823529411764 0.08600583090379009 0.1134453781512605
1 0.6690962099125365 0.7867647058823529 0.05830903790087463 0.09033613445378151