0 0.7143939393939394 0.06768558951965066 0.10454545454545454 0.13537117903930132
0 0.46136363636363636 0.2794759825327511 0.09393939393939393 0.13537117903930132
0 0.3303030303030303 0.2652838427947598 0.06515151515151515 0.09388646288209607
0 0.3053030303030303 0.4737991266375546 0.06666666666666667 0.1222707423580786
0 0.24242424242424243 0.3635371179039301 0.07878787878787878 0.09388646288209607
0 0.4825757575757576 0.8111353711790393 0.07424242424242425 0.10698689956331878
0 0.7371212121212121 0.16266375545851527 0.08787878787878788 0.12882096069868995
0 0.8128787878787879 0.24781659388646288 0.09242424242424242 0.13755458515283842
0 0.9484848484848485 0.5131004366812227 0.09545454545454546 0.1331877729257642
0 0.9181818181818182 0.665938864628821 0.09393939393939393 0.12882096069868995
1 0.9212121212121213 0.18777292576419213 0.07424242424242425 0.11135371179039301
1 0.4984848484848485 0.12554585152838427 0.08484848484848485 0.13537117903930132
1 0.33560606060606063 0.17576419213973798 0.08333333333333333 0.11790393013100436
1 0.46136363636363636 0.35262008733624456 0.06818181818181818 0.08951965065502183
1 0.42272727272727273 0.5513100436681223 0.07575757575757576 0.10698689956331878
1 0.271969696969697 0.6037117903930131 0.07878787878787878 0.09388646288209607
1 0.6121212121212121 0.8417030567685589 0.07727272727272727 0.11353711790393013