0 0.5129969418960245 0.42035398230088494 0.11162079510703364 0.16150442477876106
0 0.790519877675841 0.6073008849557522 0.08256880733944955 0.1261061946902655
0 0.6804281345565749 0.7400442477876106 0.0856269113149847 0.11946902654867257
0 0.8386850152905199 0.4502212389380531 0.06269113149847094 0.1172566371681416
0 0.7989296636085627 0.252212389380531 0.08103975535168195 0.14823008849557523
0 0.5344036697247706 0.04535398230088496 0.09327217125382263 0.09070796460176991
1 0.35932721712538224 0.125 0.10091743119266056 0.13053097345132744
1 0.2561162079510703 0.4646017699115044 0.1162079510703364 0.15265486725663716
1 0.6024464831804281 0.7245575221238938 0.0856269113149847 0.11946902654867257
1 0.6712538226299695 0.42920353982300885 0.09021406727828746 0.1261061946902655
1 0.6376146788990825 0.1592920353982301 0.08256880733944955 0.1261061946902655