0 0.48870481927710846 0.34415584415584416 0.09337349397590361 0.12554112554112554
0 0.5399096385542169 0.12337662337662338 0.07228915662650602 0.09090909090909091
0 0.7221385542168675 0.5281385281385281 0.06626506024096386 0.09090909090909091
0 0.4314759036144578 0.525974025974026 0.06927710843373494 0.11471861471861472
0 0.509789156626506 0.8733766233766234 0.061746987951807226 0.08874458874458875
0 0.6814759036144579 0.9686147186147186 0.046686746987951805 0.06277056277056277
0 0.19653614457831325 0.6179653679653679 0.07530120481927711 0.09740259740259741
0 0.1566265060240964 0.23593073593073594 0.07078313253012049 0.09523809523809523
0 0.19653614457831325 0.07683982683982683 0.06927710843373494 0.10606060606060606
1 0.35542168674698793 0.19913419913419914 0.07530120481927711 0.11038961038961038
1 0.4292168674698795 0.07142857142857142 0.10240963855421686 0.1406926406926407
1 0.5609939759036144 0.39935064935064934 0.07228915662650602 0.09956709956709957
1 0.6762048192771084 0.3365800865800866 0.07530120481927711 0.10822510822510822
1 0.6106927710843374 0.9318181818181818 0.058734939759036146 0.09090909090909091
1 0.34487951807228917 0.7813852813852814 0.09789156626506024 0.13852813852813853
1 0.2733433734939759 0.38961038961038963 0.08885542168674698 0.13852813852813853
1 0.09262048192771084 0.36904761904761907 0.09186746987951808 0.13203463203463203