0 0.7235915492957746 0.2512019230769231 0.0880281690140845 0.14903846153846154
0 0.3908450704225352 0.3137019230769231 0.07922535211267606 0.13942307692307693
0 0.17165492957746478 0.20072115384615385 0.08274647887323944 0.04567307692307692
0 0.0880281690140845 0.22956730769230768 0.07746478873239436 0.040865384615384616
0 0.4137323943661972 0.04447115384615385 0.061619718309859156 0.07932692307692307
0 0.43838028169014087 0.06971153846153846 0.06866197183098592 0.125
0 0.6320422535211268 0.02283653846153846 0.0880281690140845 0.04567307692307692
0 0.8899647887323944 0.21995192307692307 0.10387323943661972 0.1466346153846154
0 0.8186619718309859 0.23076923076923078 0.06514084507042253 0.0985576923076923
0 0.9401408450704225 0.34375 0.08450704225352113 0.14423076923076922
1 0.8908450704225352 0.057692307692307696 0.0528169014084507 0.057692307692307696
1 0.7112676056338029 0.09495192307692307 0.06514084507042253 0.10096153846153846
1 0.8741197183098591 0.027644230769230768 0.05457746478873239 0.055288461538461536
1 0.9313380281690141 0.5288461538461539 0.07042253521126761 0.07211538461538461
1 0.846830985915493 0.5673076923076923 0.07570422535211267 0.08413461538461539
1 0.602112676056338 0.203125 0.06338028169014084 0.09375
1 0.6540492957746479 0.07451923076923077 0.045774647887323945 0.08413461538461539
1 0.24119718309859156 0.15865384615384615 0.04225352112676056 0.10817307692307693
1 0.21830985915492956 0.36538461538461536 0.07746478873239436 0.08173076923076923
1 0.03169014084507042 0.4338942307692308 0.06338028169014084 0.08413461538461539