0 0.4354575163398693 0.017857142857142856 0.09967320261437909 0.03571428571428571
0 0.5049019607843137 0.05476190476190476 0.10784313725490197 0.10952380952380952
0 0.7802287581699346 0.3976190476190476 0.07352941176470588 0.12142857142857143
0 0.7565359477124183 0.5023809523809524 0.07516339869281045 0.11904761904761904
0 0.6674836601307189 0.9392857142857143 0.10947712418300654 0.12142857142857143
1 0.6299019607843137 0.34285714285714286 0.08169934640522876 0.14047619047619048
1 0.6029411764705882 0.46904761904761905 0.08823529411764706 0.14523809523809525
1 0.3831699346405229 0.2654761904761905 0.09803921568627451 0.1523809523809524
1 0.27124183006535946 0.305952380952381 0.09640522875816994 0.12380952380952381
1 0.1650326797385621 0.5880952380952381 0.11437908496732026 0.13333333333333333
1 0.40441176470588236 0.8273809523809523 0.11274509803921569 0.19523809523809524