0 0.7053571428571429 0.42890995260663506 0.08116883116883117 0.14691943127962084
0 0.2987012987012987 0.08886255924170616 0.1038961038961039 0.14691943127962084
0 0.20373376623376624 0.3909952606635071 0.10227272727272728 0.14691943127962084
0 0.08603896103896104 0.7334123222748815 0.0633116883116883 0.12559241706161137
0 0.461038961038961 0.9016587677725119 0.12824675324675325 0.18246445497630331
0 0.5438311688311688 0.9028436018957346 0.10714285714285714 0.17061611374407584
0 0.6469155844155844 0.9372037914691943 0.137987012987013 0.12559241706161137
1 0.5113636363636364 0.42417061611374407 0.08603896103896104 0.17061611374407584
1 0.22483766233766234 0.3234597156398104 0.1038961038961039 0.13507109004739337
1 0.11038961038961038 0.7109004739336493 0.09577922077922078 0.14691943127962084
1 0.3555194805194805 0.7049763033175356 0.125 0.14928909952606634