0 0.13386524822695037 0.7621359223300971 0.10106382978723404 0.14805825242718446
0 0.2695035460992908 0.39684466019417475 0.09574468085106383 0.10679611650485436
0 0.37145390070921985 0.36529126213592233 0.10106382978723404 0.1553398058252427
0 0.4441489361702128 0.41262135922330095 0.11170212765957446 0.14320388349514562
0 0.9131205673758865 0.38106796116504854 0.051418439716312055 0.09466019417475728
0 0.8617021276595744 0.5024271844660194 0.0726950354609929 0.08980582524271845
0 0.849290780141844 0.5825242718446602 0.05319148936170213 0.08009708737864078
1 0.30230496453900707 0.5643203883495146 0.08687943262411348 0.09466019417475728
1 0.17287234042553193 0.6177184466019418 0.06382978723404255 0.07766990291262135
1 0.49113475177304966 0.15776699029126215 0.08865248226950355 0.0970873786407767
1 0.5664893617021277 0.20024271844660194 0.0673758865248227 0.07766990291262135
1 0.7801418439716312 0.3592233009708738 0.05319148936170213 0.0825242718446602
1 0.7384751773049646 0.6844660194174758 0.07801418439716312 0.08737864077669903
1 0.7659574468085106 0.8106796116504854 0.0797872340425532 0.09466019417475728