0 0.7535714285714286 0.8256097560975609 0.08571428571428572 0.15609756097560976
0 0.63125 0.32195121951219513 0.09107142857142857 0.13414634146341464
0 0.6321428571428571 0.23902439024390243 0.07678571428571429 0.12682926829268293
0 0.9205357142857142 0.20365853658536584 0.09107142857142857 0.11707317073170732
0 0.2883928571428571 0.8987804878048781 0.05892857142857143 0.1024390243902439
0 0.5169642857142858 0.46219512195121953 0.11071428571428571 0.15121951219512195
0 0.46339285714285716 0.1975609756097561 0.08928571428571429 0.06341463414634146
0 0.3848214285714286 0.20609756097560974 0.08392857142857142 0.07317073170731707
1 0.95625 0.6878048780487804 0.06428571428571428 0.11463414634146342
1 0.88125 0.47317073170731705 0.0875 0.17073170731707318
1 0.8446428571428571 0.2048780487804878 0.06607142857142857 0.11707317073170732
1 0.4919642857142857 0.37926829268292683 0.07142857142857142 0.08292682926829269
1 0.3982142857142857 0.4060975609756098 0.07857142857142857 0.0951219512195122
1 0.31339285714285714 0.5682926829268292 0.09107142857142857 0.12682926829268293
1 0.45625 0.9365853658536586 0.09107142857142857 0.12682926829268293