0 0.2672672672672673 0.8535242290748899 0.05105105105105105 0.07268722466960352
0 0.3858858858858859 0.9658590308370044 0.05405405405405406 0.05726872246696035
0 0.4617117117117117 0.960352422907489 0.06756756756756757 0.07929515418502203
0 0.5097597597597597 0.5110132158590308 0.08708708708708708 0.13215859030837004
0 0.40465465465465467 0.41519823788546256 0.09759759759759759 0.14096916299559473
0 0.3521021021021021 0.40859030837004406 0.1111111111111111 0.15418502202643172
0 0.19594594594594594 0.5220264317180616 0.06756756756756757 0.10352422907488987
0 0.3160660660660661 0.09911894273127753 0.08858858858858859 0.13656387665198239
0 0.6328828828828829 0.06277533039647577 0.0915915915915916 0.1013215859030837
0 0.5593093093093093 0.44823788546255505 0.11411411411411411 0.14757709251101322
0 0.6306306306306306 0.5594713656387665 0.10960960960960961 0.14757709251101322
0 0.8415915915915916 0.3755506607929515 0.07357357357357357 0.10792951541850221
0 0.8078078078078078 0.4647577092511013 0.09309309309309309 0.1277533039647577
1 0.18093093093093093 0.6795154185022027 0.06606606606606606 0.0881057268722467
1 0.27927927927927926 0.2841409691629956 0.07657657657657657 0.11674008810572688
1 0.43243243243243246 0.09251101321585903 0.08558558558558559 0.12555066079295155
1 0.5157657657657657 0.12444933920704845 0.10510510510510511 0.14757709251101322
1 0.53003003003003 0.3381057268722467 0.07507507507507508 0.10572687224669604
1 0.7034534534534534 0.1685022026431718 0.0960960960960961 0.1343612334801762
1 0.7852852852852853 0.33590308370044053 0.08858858858858859 0.1299559471365639
1 0.683933933933934 0.6519823788546255 0.09009009009009009 0.1299559471365639
1 0.49624624624624625 0.6343612334801763 0.08108108108108109 0.12555066079295155
1 0.3911411411411411 0.8237885462555066 0.07207207207207207 0.11894273127753303
1 0.3686186186186186 0.7720264317180616 0.06756756756756757 0.1145374449339207
1 0.3355855855855856 0.6046255506607929 0.0915915915915916 0.13656387665198239