0 0.7644230769230769 0.15930232558139534 0.06891025641025642 0.11627906976744186
0 0.7916666666666666 0.13372093023255813 0.06570512820512821 0.053488372093023255
0 0.46073717948717946 0.12209302325581395 0.07692307692307693 0.12093023255813953
0 0.26282051282051283 0.5174418604651163 0.08012820512820513 0.10930232558139535
0 0.30128205128205127 0.012790697674418604 0.07692307692307693 0.02558139534883721
0 0.25080128205128205 0.022093023255813953 0.06891025641025642 0.044186046511627906
1 0.12900641025641027 0.1697674418604651 0.07211538461538461 0.08837209302325581
1 0.297275641025641 0.2779069767441861 0.08974358974358974 0.11395348837209303
1 0.5240384615384616 0.4232558139534884 0.1233974358974359 0.13023255813953488
1 0.5120192307692307 0.05581395348837209 0.09455128205128205 0.11162790697674418
1 0.9190705128205128 0.45 0.09455128205128205 0.13023255813953488
1 0.33653846153846156 0.8162790697674419 0.08814102564102565 0.12790697674418605
1 0.02403846153846154 0.3767441860465116 0.04807692307692308 0.06511627906976744
1 0.007211538461538462 0.4418604651162791 0.014423076923076924 0.06976744186046512