0 0.2150974025974026 0.3185840707964602 0.08279220779220779 0.08628318584070796
0 0.2159090909090909 0.40486725663716816 0.06655844155844155 0.09955752212389381
0 0.2930194805194805 0.9811946902654868 0.0698051948051948 0.03761061946902655
0 0.9618506493506493 0.46792035398230086 0.0762987012987013 0.13053097345132744
0 0.976461038961039 0.415929203539823 0.04707792207792208 0.12389380530973451
1 0.6793831168831169 0.049778761061946904 0.08279220779220779 0.09955752212389381
1 0.5568181818181818 0.10951327433628319 0.08603896103896104 0.09734513274336283
1 0.7564935064935064 0.17588495575221239 0.10064935064935066 0.12168141592920353
1 0.8482142857142857 0.1415929203539823 0.09577922077922078 0.09955752212389381
1 0.875 0.17146017699115043 0.09415584415584416 0.10176991150442478
1 0.8060064935064936 0.2997787610619469 0.09090909090909091 0.1084070796460177
1 0.22483766233766234 0.8141592920353983 0.07305194805194805 0.09734513274336283
1 0.1241883116883117 0.5176991150442478 0.06655844155844155 0.09955752212389381
1 0.29464285714285715 0.43694690265486724 0.07305194805194805 0.08628318584070796