0 0.19144144144144143 0.3975409836065574 0.07807807807807808 0.11270491803278689
0 0.3858858858858859 0.1567622950819672 0.06606606606606606 0.10655737704918032
0 0.44144144144144143 0.07274590163934426 0.06906906906906907 0.11065573770491803
0 0.48873873873873874 0.2182377049180328 0.07507507507507508 0.10040983606557377
0 0.8130630630630631 0.32479508196721313 0.07657657657657657 0.11475409836065574
1 0.23273273273273273 0.8258196721311475 0.08258258258258258 0.10450819672131148
1 0.15615615615615616 0.7694672131147541 0.07807807807807808 0.0942622950819672
1 0.16666666666666666 0.6034836065573771 0.06906906906906907 0.09836065573770492
1 0.32432432432432434 0.2151639344262295 0.07957957957957958 0.09836065573770492
1 0.4594594594594595 0.2694672131147541 0.07507507507507508 0.10860655737704918
1 0.6486486486486487 0.14856557377049182 0.06756756756756757 0.09016393442622951
1 0.5728228228228228 0.10348360655737705 0.08408408408408409 0.1168032786885246
1 0.6929429429429429 0.2489754098360656 0.09009009009009009 0.11270491803278689