0 0.03373015873015873 0.2891891891891892 0.041666666666666664 0.12432432432432433
0 0.8472222222222222 0.17432432432432432 0.1130952380952381 0.15405405405405406
0 0.9454365079365079 0.1581081081081081 0.07341269841269842 0.04864864864864865
0 0.9890873015873016 0.19864864864864865 0.021825396825396824 0.07837837837837838
0 0.8819444444444444 0.9391891891891891 0.08928571428571429 0.12162162162162163
1 0.16865079365079366 0.03918918918918919 0.12698412698412698 0.07837837837837838
1 0.3462301587301587 0.19324324324324324 0.1349206349206349 0.12432432432432433
1 0.5128968253968254 0.07027027027027027 0.10119047619047619 0.14054054054054055
1 0.7113095238095238 0.21486486486486486 0.12896825396825398 0.13513513513513514
1 0.9156746031746031 0.3945945945945946 0.10317460317460317 0.12972972972972974
1 0.9890873015873016 0.4527027027027027 0.021825396825396824 0.12162162162162163
1 0.6994047619047619 0.8810810810810811 0.0992063492063492 0.13243243243243244