0 0.8310104529616724 0.07620320855614973 0.06794425087108014 0.10695187165775401
0 0.8083623693379791 0.29812834224598933 0.06445993031358885 0.14705882352941177
0 0.7212543554006968 0.40106951871657753 0.07317073170731707 0.12032085561497326
0 0.9198606271777003 0.9344919786096256 0.0627177700348432 0.13101604278074866
0 0.436411149825784 0.7540106951871658 0.050522648083623695 0.08823529411764706
1 0.9590592334494773 0.6377005347593583 0.06794425087108014 0.16844919786096257
1 0.9782229965156795 0.29010695187165775 0.04355400696864112 0.13636363636363635
1 0.7726480836236934 0.5828877005347594 0.07665505226480836 0.12299465240641712
1 0.6088850174216028 0.8729946524064172 0.07317073170731707 0.13903743315508021
1 0.4538327526132404 0.6417112299465241 0.06097560975609756 0.09893048128342247
1 0.2804878048780488 0.4799465240641711 0.06968641114982578 0.09090909090909091