0 0.7878086419753086 0.10784313725490197 0.038580246913580245 0.10784313725490197
0 0.7646604938271605 0.23651960784313725 0.06790123456790123 0.11764705882352941
0 0.5910493827160493 0.11151960784313726 0.06944444444444445 0.11764705882352941
0 0.6952160493827161 0.014705882352941176 0.06944444444444445 0.029411764705882353
0 0.26003086419753085 0.15318627450980393 0.06172839506172839 0.07598039215686274
1 0.3757716049382716 0.9901960784313726 0.041666666666666664 0.0196078431372549
1 0.29552469135802467 0.883578431372549 0.05709876543209876 0.09068627450980392
1 0.5555555555555556 0.9203431372549019 0.038580246913580245 0.08823529411764706
1 0.6095679012345679 0.7328431372549019 0.043209876543209874 0.08823529411764706
1 0.720679012345679 0.5796568627450981 0.08487654320987655 0.09558823529411764
1 0.21373456790123457 0.1090686274509804 0.05092592592592592 0.09068627450980392
1 0.2492283950617284 0.48161764705882354 0.047839506172839504 0.08088235294117647