0 0.27040816326530615 0.30462184873949577 0.05393586005830904 0.06722689075630252
0 0.47594752186588923 0.39810924369747897 0.0641399416909621 0.06932773109243698
0 0.60932944606414 0.27941176470588236 0.04518950437317784 0.06512605042016807
0 0.706268221574344 0.7815126050420168 0.048104956268221574 0.06722689075630252
0 0.597667638483965 0.6995798319327731 0.052478134110787174 0.09033613445378151
0 0.607871720116618 0.967436974789916 0.03498542274052478 0.052521008403361345
0 0.3629737609329446 0.9863445378151261 0.052478134110787174 0.0273109243697479
1 0.33163265306122447 0.059873949579831935 0.0597667638483965 0.09033613445378151
1 0.7135568513119533 0.05672268907563025 0.07434402332361516 0.09453781512605042
1 0.4139941690962099 0.6397058823529411 0.04227405247813411 0.06722689075630252
1 0.4139941690962099 0.8371848739495799 0.05393586005830904 0.10084033613445378
1 0.6749271137026239 0.976890756302521 0.03206997084548105 0.023109243697478993
1 0.6370262390670554 0.8403361344537815 0.0597667638483965 0.06932773109243698
1 0.7120991253644315 0.5598739495798319 0.05830903790087463 0.08823529411764706