0 0.17313664596273293 0.16704035874439463 0.06987577639751552 0.06950672645739911
0 0.23990683229813664 0.5538116591928252 0.09161490683229814 0.11434977578475336
0 0.49301242236024845 0.5437219730941704 0.13819875776397517 0.23094170403587444
0 0.44332298136645965 0.602017937219731 0.12111801242236025 0.17937219730941703
0 0.483695652173913 0.4047085201793722 0.13509316770186336 0.19730941704035873
0 0.8982919254658385 0.7858744394618834 0.08229813664596274 0.08968609865470852
1 0.22437888198757763 0.4013452914798206 0.09627329192546584 0.1367713004484305
1 0.26242236024844723 0.8542600896860987 0.09627329192546584 0.14349775784753363
1 0.44565217391304346 0.8934977578475336 0.12577639751552794 0.13228699551569506
1 0.41847826086956524 0.24775784753363228 0.09782608695652174 0.11210762331838565
1 0.7111801242236024 0.2858744394618834 0.07608695652173914 0.13004484304932734