0 0.6810064935064936 0.07464454976303317 0.09090909090909091 0.12085308056872038
0 0.6112012987012987 0.08412322274881516 0.06493506493506493 0.0995260663507109
0 0.32954545454545453 0.09834123222748815 0.09253246753246754 0.11137440758293839
0 0.7938311688311688 0.5627962085308057 0.10227272727272728 0.13507109004739337
0 0.8206168831168831 0.7322274881516587 0.08766233766233766 0.13744075829383887
0 0.5998376623376623 0.9087677725118484 0.10064935064935066 0.15639810426540285
0 0.3693181818181818 0.7369668246445498 0.11201298701298701 0.16113744075829384
0 0.2897727272727273 0.9277251184834123 0.10227272727272728 0.14454976303317535
0 0.010551948051948052 0.6291469194312796 0.021103896103896104 0.11137440758293839
0 0.3474025974025974 0.9798578199052133 0.11038961038961038 0.04028436018957346
1 0.5941558441558441 0.32701421800947866 0.11688311688311688 0.15165876777251186
1 0.6631493506493507 0.33175355450236965 0.10551948051948051 0.12322274881516587
1 0.5917207792207793 0.44549763033175355 0.09577922077922078 0.14928909952606634
1 0.5762987012987013 0.11374407582938388 0.05844155844155844 0.12796208530805686
1 0.6152597402597403 0.8116113744075829 0.07142857142857142 0.13033175355450238
1 0.11363636363636363 0.6149289099526066 0.10227272727272728 0.16587677725118483
1 0.06737012987012987 0.8459715639810427 0.05357142857142857 0.13270142180094788
1 0.3425324675324675 0.8992890995260664 0.06168831168831169 0.12559241706161137