0 0.7288519637462235 0.8497536945812808 0.08308157099697885 0.12315270935960591
0 0.6170694864048338 0.9384236453201971 0.08459214501510574 0.08620689655172414
0 0.5422960725075529 0.9741379310344828 0.06042296072507553 0.05172413793103448
0 0.4871601208459215 0.9950738916256158 0.061933534743202415 0.009852216748768473
0 0.4788519637462236 0.9458128078817734 0.09365558912386707 0.10837438423645321
0 0.3580060422960725 0.9716748768472906 0.07250755287009064 0.05665024630541872
0 0.10498489425981873 0.7019704433497537 0.0755287009063444 0.12807881773399016
0 0.030966767371601207 0.6120689655172413 0.061933534743202415 0.13054187192118227
0 0.04078549848942598 0.5529556650246306 0.07250755287009064 0.11083743842364532
0 0.338368580060423 0.6440886699507389 0.08610271903323263 0.15763546798029557
0 0.29682779456193353 0.5 0.07854984894259819 0.14532019704433496
0 0.4093655589123867 0.3472906403940887 0.09516616314199396 0.15024630541871922
0 0.30513595166163143 0.16502463054187191 0.09516616314199396 0.13793103448275862
1 0.7590634441087614 0.3374384236453202 0.07854984894259819 0.10344827586206896
1 0.8716012084592145 0.7056650246305419 0.07401812688821752 0.12315270935960591
1 0.5105740181268882 0.7142857142857143 0.09365558912386707 0.13793103448275862
1 0.42900302114803623 0.7770935960591133 0.08610271903323263 0.11822660098522167
1 0.3285498489425982 0.8608374384236454 0.0770392749244713 0.1477832512315271
1 0.23187311178247735 0.9137931034482759 0.08157099697885196 0.13054187192118227
1 0.12613293051359517 0.9704433497536946 0.09818731117824774 0.059113300492610835
1 0.02190332326283988 0.29433497536945813 0.04380664652567976 0.12561576354679804
1 0.06042296072507553 0.26354679802955666 0.07854984894259819 0.1354679802955665
1 0.17749244712990936 0.33866995073891626 0.09365558912386707 0.1354679802955665
1 0.08308157099697885 0.4458128078817734 0.07854984894259819 0.16995073891625614
1 0.11555891238670694 0.5972906403940886 0.0755287009063444 0.15024630541871922