0 0.6817507418397626 0.05042918454935622 0.057863501483679525 0.10085836909871244
0 0.8538575667655787 0.19098712446351931 0.06676557863501484 0.09656652360515021
0 0.7670623145400594 0.04184549356223176 0.07418397626112759 0.08369098712446352
0 0.9013353115727003 0.07510729613733906 0.04896142433234421 0.10300429184549356
0 0.8686943620178041 0.043991416309012876 0.057863501483679525 0.08798283261802575
0 0.9777448071216617 0.2843347639484979 0.03857566765578635 0.09227467811158799
0 0.9688427299703264 0.48497854077253216 0.06231454005934718 0.0944206008583691
0 0.8264094955489614 0.5504291845493562 0.08753709198813056 0.1072961373390558
1 0.5118694362017804 0.1148068669527897 0.09940652818991098 0.14377682403433475
1 0.7900593471810089 0.3272532188841202 0.07863501483679525 0.1072961373390558
1 0.7722551928783383 0.27467811158798283 0.07418397626112759 0.10515021459227468
1 0.7136498516320475 0.048283261802575105 0.06824925816023739 0.09656652360515021
1 0.8501483679525222 0.016094420600858368 0.050445103857566766 0.032188841201716736
1 0.9910979228486647 0.463519313304721 0.017804154302670624 0.0944206008583691
1 0.8738872403560831 0.33905579399141633 0.07566765578635015 0.08369098712446352
1 0.956973293768546 0.23927038626609443 0.04451038575667656 0.08798283261802575