0 0.7846283783783784 0.5414634146341464 0.06925675675675676 0.11219512195121951
0 0.7846283783783784 0.9829268292682927 0.07939189189189189 0.03414634146341464
0 0.856418918918919 0.9829268292682927 0.06418918918918919 0.03414634146341464
0 0.660472972972973 0.7109756097560975 0.08614864864864864 0.13658536585365855
0 0.6157094594594594 0.3329268292682927 0.0625 0.13414634146341464
0 0.17060810810810811 0.21341463414634146 0.08445945945945946 0.09024390243902439
0 0.22719594594594594 0.4268292682926829 0.0472972972972973 0.1073170731707317
0 0.33868243243243246 0.2951219512195122 0.05067567567567568 0.06341463414634146
1 0.9239864864864865 0.9841463414634146 0.05067567567567568 0.03170731707317073
1 0.9442567567567568 0.7646341463414634 0.06925675675675676 0.09268292682926829
1 0.8614864864864865 0.874390243902439 0.05912162162162162 0.07073170731707316
1 0.7652027027027027 0.6829268292682927 0.10810810810810811 0.10975609756097561
1 0.4577702702702703 0.4329268292682927 0.07601351351351351 0.16097560975609757
1 0.37077702702702703 0.17317073170731706 0.07263513513513513 0.15609756097560976
1 0.4375 0.05975609756097561 0.0945945945945946 0.11951219512195121
1 0.04983108108108108 0.2475609756097561 0.06925675675675676 0.15853658536585366
1 0.29138513513513514 0.6134146341463415 0.060810810810810814 0.0951219512195122