0 0.9754746835443038 0.5279126213592233 0.0490506329113924 0.08009708737864078
0 0.502373417721519 0.9114077669902912 0.10917721518987342 0.14563106796116504
0 0.6289556962025317 0.3919902912621359 0.07911392405063292 0.14563106796116504
0 0.7927215189873418 0.32402912621359226 0.08227848101265822 0.16019417475728157
0 0.6700949367088608 0.08737864077669903 0.0759493670886076 0.08009708737864078
0 0.5166139240506329 0.3604368932038835 0.09968354430379747 0.1262135922330097
0 0.43908227848101267 0.03398058252427184 0.10284810126582279 0.06796116504854369
1 0.30300632911392406 0.010922330097087379 0.058544303797468354 0.021844660194174758
1 0.2088607594936709 0.35436893203883496 0.0680379746835443 0.08980582524271845
1 0.5632911392405063 0.6019417475728155 0.0981012658227848 0.13592233009708737
1 0.632120253164557 0.11529126213592233 0.08386075949367089 0.10436893203883495
1 0.8386075949367089 0.21601941747572814 0.06962025316455696 0.11893203883495146
1 0.8330696202531646 0.5461165048543689 0.08069620253164557 0.1650485436893204
1 0.9754746835443038 0.6953883495145631 0.03639240506329114 0.07766990291262135
1 0.9754746835443038 0.3713592233009709 0.0490506329113924 0.08737864077669903