0 0.8173076923076923 0.18777292576419213 0.08012820512820513 0.1091703056768559
0 0.9671474358974359 0.33624454148471616 0.06570512820512821 0.1222707423580786
0 0.7588141025641025 0.462882096069869 0.09775641025641026 0.12663755458515283
0 0.5024038461538461 0.14737991266375547 0.06891025641025642 0.0982532751091703
0 0.33653846153846156 0.16812227074235808 0.08493589743589744 0.06986899563318777
0 0.2764423076923077 0.16921397379912664 0.0641025641025641 0.06768558951965066
0 0.18509615384615385 0.1222707423580786 0.06891025641025642 0.06986899563318777
0 0.10256410256410256 0.39192139737991266 0.08012820512820513 0.11135371179039301
0 0.1362179487179487 0.7434497816593887 0.06570512820512821 0.12445414847161572
0 0.07612179487179487 0.7259825327510917 0.05448717948717949 0.0851528384279476
1 0.9719551282051282 0.6582969432314411 0.038461538461538464 0.07641921397379912
1 0.9623397435897436 0.4432314410480349 0.05929487179487179 0.10698689956331878
1 0.7532051282051282 0.2903930131004367 0.07852564102564102 0.12445414847161572
1 0.7363782051282052 0.19868995633187772 0.08012820512820513 0.12445414847161572
1 0.27884615384615385 0.8362445414847162 0.0625 0.09606986899563319
1 0.03685897435897436 0.24672489082969432 0.02564102564102564 0.08296943231441048
1 0.16506410256410256 0.2631004366812227 0.06891025641025642 0.07641921397379912
1 0.26121794871794873 0.324235807860262 0.07371794871794872 0.08078602620087336
1 0.33092948717948717 0.3351528384279476 0.08814102564102565 0.1091703056768559