0 0.6153225806451613 0.3722466960352423 0.06612903225806452 0.10352422907488987
0 0.707258064516129 0.8722466960352423 0.04516129032258064 0.08590308370044053
0 0.771774193548387 0.8898678414096917 0.056451612903225805 0.07488986784140969
0 0.025806451612903226 0.6013215859030837 0.05161290322580645 0.13215859030837004
0 0.037096774193548385 0.2720264317180617 0.0467741935483871 0.08370044052863436
0 0.3241935483870968 0.17841409691629956 0.08870967741935484 0.10792951541850221
0 0.3895161290322581 0.04185022026431718 0.07580645161290323 0.08370044052863436
0 0.3185483870967742 0.02753303964757709 0.08870967741935484 0.05506607929515418
0 0.05725806451612903 0.03634361233480176 0.043548387096774194 0.07268722466960352
1 0.07661290322580645 0.22246696035242292 0.07741935483870968 0.08590308370044053
1 0.14516129032258066 0.15969162995594713 0.1032258064516129 0.1013215859030837
1 0.16451612903225807 0.025330396475770924 0.06129032258064516 0.05066079295154185
1 0.11129032258064517 0.2511013215859031 0.05161290322580645 0.11233480176211454
1 0.4282258064516129 0.4966960352422907 0.09193548387096774 0.1013215859030837
1 0.5330645161290323 0.8138766519823789 0.05806451612903226 0.09911894273127753
1 0.8443548387096774 0.6993392070484582 0.07580645161290323 0.07268722466960352
1 0.2120967741935484 0.13215859030837004 0.04516129032258064 0.1013215859030837