0 0.25783699059561127 0.037162162162162164 0.06426332288401254 0.07432432432432433
0 0.8260188087774295 0.23986486486486486 0.08150470219435736 0.1036036036036036
0 0.3730407523510972 0.19369369369369369 0.0877742946708464 0.11261261261261261
0 0.17633228840125392 0.8569819819819819 0.034482758620689655 0.06306306306306306
1 0.22100313479623823 0.42117117117117114 0.0768025078369906 0.10135135135135136
1 0.8032915360501567 0.15427927927927929 0.0768025078369906 0.11486486486486487
1 0.8730407523510971 0.14527027027027026 0.045454545454545456 0.038288288288288286
1 0.7609717868338558 0.527027027027027 0.08620689655172414 0.11711711711711711
1 0.5987460815047022 0.9673423423423423 0.06269592476489028 0.06531531531531531
1 0.43495297805642635 0.9617117117117117 0.07053291536050156 0.07657657657657657
1 0.28683385579937304 0.8569819819819819 0.06583072100313479 0.0945945945945946