0 0.319364161849711 0.8734439834024896 0.057803468208092484 0.08506224066390042
0 0.2666184971098266 0.42531120331950206 0.05202312138728324 0.08921161825726141
0 0.2543352601156069 0.3630705394190871 0.0476878612716763 0.08506224066390042
0 0.22976878612716764 0.2697095435684647 0.0476878612716763 0.08506224066390042
0 0.7254335260115607 0.4211618257261411 0.0708092485549133 0.10995850622406639
1 0.7998554913294798 0.741701244813278 0.07658959537572255 0.11825726141078838
1 0.8562138728323699 0.6908713692946058 0.07658959537572255 0.1078838174273859
1 0.4703757225433526 0.9657676348547718 0.06502890173410404 0.06846473029045644
1 0.6640173410404624 0.20850622406639005 0.08092485549132948 0.10580912863070539
1 0.40173410404624277 0.4678423236514523 0.07369942196531792 0.11825726141078838
1 0.3627167630057804 0.20643153526970953 0.06213872832369942 0.0995850622406639
1 0.34465317919075145 0.14107883817427386 0.06069364161849711 0.08298755186721991