0 0.27096273291925466 0.08183856502242152 0.09937888198757763 0.15246636771300448
0 0.17546583850931677 0.2802690582959641 0.08385093167701864 0.12780269058295965
0 0.15838509316770186 0.515695067264574 0.10093167701863354 0.13004484304932734
0 0.23136645962732919 0.5896860986547086 0.08850931677018634 0.11883408071748879
0 0.046583850931677016 0.5134529147982063 0.08229813664596274 0.12556053811659193
0 0.02717391304347826 0.3654708520179372 0.05434782608695652 0.10762331838565023
1 0.06521739130434782 0.16031390134529147 0.026397515527950312 0.05605381165919283
1 0.12111801242236025 0.042600896860986545 0.055900621118012424 0.08520179372197309
1 0.1498447204968944 0.07062780269058296 0.06987577639751552 0.10986547085201794
1 0.28959627329192544 0.24439461883408073 0.10403726708074534 0.12331838565022421
1 0.3563664596273292 0.4551569506726457 0.10403726708074534 0.1367713004484305
1 0.07841614906832298 0.24887892376681614 0.06521739130434782 0.08968609865470852
1 0.11568322981366459 0.30829596412556054 0.06832298136645963 0.1031390134529148