0 0.6353846153846154 0.08928571428571429 0.06923076923076923 0.09663865546218488
0 0.2776923076923077 0.7552521008403361 0.05384615384615385 0.09873949579831932
0 0.7261538461538461 0.22478991596638656 0.08307692307692308 0.1134453781512605
0 0.7092307692307692 0.5966386554621849 0.08307692307692308 0.11554621848739496
0 0.8553846153846154 0.32983193277310924 0.05846153846153846 0.1092436974789916
0 0.8915384615384615 0.6008403361344538 0.08615384615384615 0.1092436974789916
0 0.96 0.31512605042016806 0.08 0.1134453781512605
0 0.8092307692307692 0.2846638655462185 0.11384615384615385 0.09453781512605042
1 0.9892307692307692 0.5756302521008403 0.021538461538461538 0.08823529411764706
1 0.9507692307692308 0.6428571428571429 0.05692307692307692 0.10294117647058823
1 0.916923076923077 0.3004201680672269 0.07846153846153846 0.08403361344537816
1 0.8215384615384616 0.6197478991596639 0.055384615384615386 0.10294117647058823
1 0.7692307692307693 0.5619747899159664 0.07076923076923076 0.08403361344537816
1 0.7046153846153846 0.32037815126050423 0.08 0.09663865546218488
1 0.9407692307692308 0.17331932773109243 0.06461538461538462 0.1092436974789916
1 0.816923076923077 0.11974789915966387 0.055384615384615386 0.06932773109243698
1 0.42615384615384616 0.7941176470588235 0.06307692307692307 0.09033613445378151