0 0.5591666666666667 0.31363636363636366 0.13166666666666665 0.18181818181818182
0 0.5233333333333333 0.23636363636363636 0.10833333333333334 0.14545454545454545
0 0.3858333333333333 0.06704545454545455 0.105 0.12727272727272726
0 0.4058333333333333 0.10454545454545454 0.008333333333333333 0.015909090909090907
0 0.45916666666666667 0.035227272727272725 0.07166666666666667 0.07045454545454545
0 0.8066666666666666 0.053409090909090906 0.09666666666666666 0.10681818181818181
0 0.9858333333333333 0.39090909090909093 0.028333333333333332 0.13636363636363635
1 0.7408333333333333 0.053409090909090906 0.10166666666666667 0.10681818181818181
1 0.6425 0.0625 0.10833333333333334 0.125
1 0.7183333333333334 0.1 0.09 0.12727272727272726
1 0.5275 0.1590909090909091 0.09833333333333333 0.12727272727272726
1 0.49916666666666665 0.6193181818181818 0.09 0.12272727272727273
1 0.2225 0.9488636363636364 0.09166666666666666 0.10227272727272728
1 0.5258333333333334 0.9204545454545454 0.07166666666666667 0.10454545454545454
1 0.9283333333333333 0.1965909090909091 0.06666666666666667 0.09318181818181819