0 0.8154362416107382 0.714975845410628 0.06879194630872483 0.09903381642512077
0 0.8003355704697986 0.5048309178743962 0.06879194630872483 0.12318840579710146
0 0.3598993288590604 0.39855072463768115 0.07046979865771812 0.10144927536231885
0 0.23573825503355705 0.6111111111111112 0.05704697986577181 0.10144927536231885
0 0.24916107382550334 0.24879227053140096 0.06208053691275168 0.12077294685990338
0 0.18120805369127516 0.35144927536231885 0.06879194630872483 0.10628019323671498
1 0.7248322147651006 0.8731884057971014 0.08389261744966443 0.10628019323671498
1 0.6904362416107382 0.23309178743961353 0.09228187919463088 0.12560386473429952
1 0.337248322147651 0.07367149758454106 0.08557046979865772 0.0966183574879227
1 0.2785234899328859 0.3309178743961353 0.06543624161073826 0.11352657004830918
1 0.1820469798657718 0.6485507246376812 0.04194630872483222 0.10144927536231885