0 0.9840225563909775 0.8183060109289617 0.03195488721804511 0.10109289617486339
0 0.818609022556391 0.0860655737704918 0.09210526315789473 0.07923497267759563
0 0.724624060150376 0.09289617486338798 0.09022556390977443 0.10382513661202186
0 0.6672932330827067 0.10245901639344263 0.09022556390977443 0.15300546448087432
0 0.5714285714285714 0.12704918032786885 0.10902255639097744 0.13387978142076504
0 0.6691729323308271 0.8989071038251366 0.09962406015037593 0.15846994535519127
0 0.581766917293233 0.9330601092896175 0.08458646616541353 0.12295081967213115
0 0.20018796992481203 0.6133879781420765 0.11466165413533834 0.21311475409836064
0 0.13063909774436092 0.10655737704918032 0.09774436090225563 0.09016393442622951
1 0.8928571428571429 0.36885245901639346 0.08082706766917293 0.09289617486338798
1 0.818609022556391 0.3442622950819672 0.06390977443609022 0.09836065573770492
1 0.825187969924812 0.51775956284153 0.09962406015037593 0.09836065573770492
1 0.6541353383458647 0.5587431693989071 0.10526315789473684 0.11475409836065574
1 0.9097744360902256 0.8292349726775956 0.05263157894736842 0.16120218579234974
1 0.5300751879699248 0.7581967213114754 0.10150375939849623 0.15300546448087432