0 0.09615384615384616 0.4949748743718593 0.07230769230769231 0.09547738693467336
0 0.2 0.4434673366834171 0.06615384615384616 0.09547738693467336
0 0.4346153846153846 0.949748743718593 0.07538461538461538 0.10050251256281408
0 0.5615384615384615 0.9597989949748744 0.08615384615384615 0.08040201005025126
0 0.6861538461538461 0.9208542713567839 0.07384615384615385 0.0829145728643216
0 0.6938461538461539 0.9346733668341709 0.07692307692307693 0.05527638190954774
0 0.5153846153846153 0.12437185929648241 0.07846153846153846 0.135678391959799
0 0.6453846153846153 0.0364321608040201 0.08461538461538462 0.0728643216080402
0 0.75 0.41457286432160806 0.0876923076923077 0.15577889447236182
0 0.7953846153846154 0.5942211055276382 0.07692307692307693 0.12562814070351758
0 0.9769230769230769 0.7989949748743719 0.046153846153846156 0.09045226130653267
1 0.06846153846153846 0.3241206030150754 0.08307692307692308 0.11306532663316583
1 0.20461538461538462 0.6608040201005025 0.07230769230769231 0.10050251256281408
1 0.29846153846153844 0.507537688442211 0.07846153846153846 0.08542713567839195
1 0.26 0.9434673366834171 0.06153846153846154 0.11306532663316583
1 0.6715384615384615 0.7663316582914573 0.09384615384615384 0.12311557788944724
1 0.7976923076923077 0.699748743718593 0.07846153846153846 0.11306532663316583
1 0.69 0.3542713567839196 0.09692307692307692 0.1507537688442211
1 0.8407692307692308 0.09296482412060302 0.05384615384615385 0.11055276381909548
1 0.9723076923076923 0.6771356783919598 0.055384615384615386 0.13819095477386933
1 0.8892307692307693 0.714824120603015 0.06153846153846154 0.18090452261306533
1 0.8830769230769231 0.21105527638190955 0.09846153846153846 0.14824120603015076