0 0.026182432432432432 0.5841013824884793 0.052364864864864864 0.16820276497695852
0 0.17483108108108109 0.06221198156682028 0.10641891891891891 0.12442396313364056
0 0.5033783783783784 0.01728110599078341 0.0945945945945946 0.03456221198156682
0 0.6148648648648649 0.0576036866359447 0.08783783783783784 0.10368663594470046
0 0.8462837837837838 0.3191244239631336 0.09628378378378379 0.10599078341013825
0 0.9121621621621622 0.37442396313364057 0.07432432432432433 0.07373271889400922
0 0.7195945945945946 0.9688940092165899 0.0777027027027027 0.06221198156682028
1 0.033783783783783786 0.3064516129032258 0.060810810810810814 0.09907834101382489
1 0.059966216216216214 0.23963133640552994 0.0625 0.0944700460829493
1 0.3108108108108108 0.027649769585253458 0.10135135135135136 0.055299539170506916
1 0.7989864864864865 0.22811059907834103 0.08108108108108109 0.1313364055299539
1 0.7339527027027027 0.4009216589861751 0.08614864864864864 0.1152073732718894
1 0.8555743243243243 0.5910138248847926 0.0929054054054054 0.1336405529953917
1 0.59375 0.9009216589861752 0.0625 0.10599078341013825
1 0.7449324324324325 0.8882488479262672 0.06756756756756757 0.09907834101382489
1 0.8597972972972973 0.9642857142857143 0.060810810810810814 0.07142857142857142