0 0.6648773006134969 0.9263392857142857 0.04754601226993865 0.09151785714285714
0 0.5529141104294478 0.9196428571428571 0.08128834355828221 0.09151785714285714
0 0.6503067484662577 0.8214285714285714 0.05828220858895705 0.11830357142857142
0 0.6771472392638037 0.7154017857142857 0.05521472392638037 0.13616071428571427
0 0.2085889570552147 0.7756696428571429 0.06748466257668712 0.05580357142857143
0 0.4217791411042945 0.10379464285714286 0.08128834355828221 0.125
0 0.6004601226993865 0.24776785714285715 0.09355828220858896 0.11607142857142858
0 0.7576687116564417 0.19196428571428573 0.06901840490797546 0.10044642857142858
1 0.5153374233128835 0.9899553571428571 0.046012269938650305 0.020089285714285716
1 0.3619631901840491 0.9709821428571429 0.05061349693251534 0.04241071428571429
1 0.23849693251533743 0.47544642857142855 0.07975460122699386 0.07366071428571429
1 0.495398773006135 0.8426339285714286 0.046012269938650305 0.10267857142857142
1 0.4601226993865031 0.7209821428571429 0.05368098159509203 0.13839285714285715
1 0.5237730061349694 0.23772321428571427 0.07822085889570553 0.078125
1 0.7001533742331288 0.09263392857142858 0.0705521472392638 0.08928571428571429