0 0.9689542483660131 0.6004464285714286 0.06045751633986928 0.10491071428571429
0 0.8586601307189542 0.04799107142857143 0.07516339869281045 0.06696428571428571
0 0.7818627450980392 0.07142857142857142 0.08986928104575163 0.10714285714285714
0 0.4485294117647059 0.19084821428571427 0.06045751633986928 0.10267857142857142
0 0.45669934640522875 0.06361607142857142 0.05392156862745098 0.10267857142857142
0 0.3602941176470588 0.14955357142857142 0.08006535947712418 0.04017857142857143
0 0.28513071895424835 0.17633928571428573 0.06862745098039216 0.049107142857142856
0 0.2042483660130719 0.15178571428571427 0.049019607843137254 0.05803571428571429
0 0.20261437908496732 0.7957589285714286 0.06209150326797386 0.05580357142857143
0 0.25980392156862747 0.8236607142857143 0.07026143790849673 0.060267857142857144
0 0.2957516339869281 0.8314732142857143 0.06209150326797386 0.07366071428571429
1 0.9673202614379085 0.22209821428571427 0.05555555555555555 0.09375
1 0.6625816993464052 0.19084821428571427 0.05392156862745098 0.109375
1 0.6478758169934641 0.06361607142857142 0.05228758169934641 0.09375
1 0.4125816993464052 0.3091517857142857 0.06209150326797386 0.07589285714285714
1 0.2622549019607843 0.34151785714285715 0.06372549019607843 0.08258928571428571
1 0.12254901960784313 0.24553571428571427 0.05065359477124183 0.08258928571428571
1 0.255718954248366 0.65625 0.05718954248366013 0.08705357142857142
1 0.34967320261437906 0.7008928571428571 0.07352941176470588 0.06696428571428571
1 0.4673202614379085 0.8158482142857143 0.05718954248366013 0.09151785714285714