0 0.9138461538461539 0.3855042016806723 0.08461538461538462 0.11764705882352941
0 0.8523076923076923 0.4254201680672269 0.1076923076923077 0.16176470588235295
0 0.8123076923076923 0.5714285714285714 0.09384615384615384 0.13445378151260504
0 0.5453846153846154 0.7006302521008403 0.11076923076923077 0.13655462184873948
0 0.6338461538461538 0.8445378151260504 0.06769230769230769 0.11974789915966387
0 0.5846153846153846 0.9327731092436975 0.06461538461538462 0.1092436974789916
0 0.2023076923076923 0.726890756302521 0.08461538461538462 0.1092436974789916
0 0.1823076923076923 0.6617647058823529 0.06615384615384616 0.08823529411764706
1 0.6823076923076923 0.5010504201680672 0.09846153846153846 0.15126050420168066
1 0.7215384615384616 0.7457983193277311 0.09692307692307692 0.12605042016806722
1 0.5507692307692308 0.7689075630252101 0.08615384615384615 0.11134453781512606
1 0.44461538461538463 0.8792016806722689 0.08615384615384615 0.1092436974789916
1 0.5153846153846153 0.9569327731092437 0.06153846153846154 0.0861344537815126
1 0.24846153846153846 0.5210084033613446 0.08153846153846153 0.09873949579831932
1 0.30846153846153845 0.5861344537815126 0.10153846153846154 0.14495798319327732