0 0.4576923076923077 0.03811659192825112 0.06923076923076923 0.07623318385650224
0 0.41 0.09753363228699552 0.08153846153846153 0.13452914798206278
0 0.8461538461538461 0.3060538116591928 0.1 0.13452914798206278
0 0.3523076923076923 0.4461883408071749 0.1076923076923077 0.14798206278026907
0 0.44846153846153847 0.5650224215246636 0.11692307692307692 0.16591928251121077
0 0.23307692307692307 0.547085201793722 0.08615384615384615 0.11883408071748879
0 0.23846153846153847 0.4226457399103139 0.11076923076923077 0.1547085201793722
0 0.26076923076923075 0.8497757847533632 0.08307692307692308 0.09417040358744394
1 0.6246153846153846 0.11883408071748879 0.08 0.13901345291479822
1 0.5061538461538462 0.2937219730941704 0.08153846153846153 0.14573991031390135
1 0.48923076923076925 0.9585201793721974 0.07692307692307693 0.08295964125560538
1 0.6307692307692307 0.9652466367713004 0.08615384615384615 0.06950672645739911
1 0.20153846153846153 0.7982062780269058 0.07692307692307693 0.08968609865470852
1 0.7715384615384615 0.554932735426009 0.08307692307692308 0.11210762331838565