0 0.8544520547945206 0.08333333333333333 0.05650684931506849 0.07777777777777778
0 0.759417808219178 0.24861111111111112 0.06506849315068493 0.08055555555555556
0 0.773972602739726 0.3472222222222222 0.04280821917808219 0.07777777777777778
0 0.5488013698630136 0.1763888888888889 0.08561643835616438 0.11388888888888889
0 0.9726027397260274 0.8458333333333333 0.05136986301369863 0.05277777777777778
0 0.7457191780821918 0.8458333333333333 0.0547945205479452 0.13333333333333333
0 0.4032534246575342 0.9416666666666667 0.04965753424657534 0.11666666666666667
0 0.2808219178082192 0.8944444444444445 0.10445205479452055 0.09166666666666666
0 0.3210616438356164 0.19166666666666668 0.08732876712328767 0.13055555555555556
0 0.0958904109589041 0.06805555555555555 0.09931506849315068 0.09722222222222222
1 0.946917808219178 0.24861111111111112 0.05650684931506849 0.09444444444444444
1 0.9922945205479452 0.6472222222222223 0.015410958904109588 0.09444444444444444
1 0.625 0.44027777777777777 0.07191780821917808 0.11388888888888889
1 0.7157534246575342 0.18472222222222223 0.07363013698630137 0.11388888888888889
1 0.8467465753424658 0.21805555555555556 0.059931506849315065 0.11666666666666667
1 0.5488013698630136 0.8416666666666667 0.07876712328767123 0.1388888888888889
1 0.5941780821917808 0.9638888888888889 0.06678082191780822 0.06388888888888888
1 0.1172945205479452 0.5194444444444445 0.0976027397260274 0.15
1 0.08561643835616438 0.6583333333333333 0.07363013698630137 0.1111111111111111
1 0.06934931506849315 0.41805555555555557 0.0702054794520548 0.16111111111111112
1 0.1541095890410959 0.2625 0.0839041095890411 0.125
1 0.13184931506849315 0.1125 0.07876712328767123 0.14444444444444443
1 0.4597602739726027 0.0125 0.07363013698630137 0.025