0 0.4314159292035398 0.6566523605150214 0.06342182890855458 0.09656652360515021
0 0.35914454277286134 0.8390557939914163 0.06784660766961652 0.08583690987124463
0 0.32374631268436577 0.9216738197424893 0.051622418879056046 0.0815450643776824
0 0.31784660766961653 0.2929184549356223 0.09882005899705015 0.10300429184549356
0 0.24705014749262535 0.19313304721030042 0.0752212389380531 0.11373390557939914
0 0.7028023598820059 0.37339055793991416 0.0855457227138643 0.12446351931330472
0 0.7817109144542773 0.35085836909871243 0.07227138643067847 0.10944206008583691
0 0.7507374631268436 0.8100858369098712 0.06784660766961652 0.06866952789699571
1 0.4144542772861357 0.9130901287553648 0.06637168141592921 0.060085836909871244
1 0.362094395280236 0.5783261802575107 0.08112094395280237 0.10085836909871244
1 0.7706489675516224 0.5493562231759657 0.05752212389380531 0.07939914163090128
1 0.8053097345132744 0.016094420600858368 0.061946902654867256 0.019313304721030045
1 0.6969026548672567 0.022532188841201718 0.08997050147492626 0.03648068669527897