0 0.17243975903614459 0.0670995670995671 0.05572289156626506 0.049783549783549784
0 0.7710843373493976 0.1764069264069264 0.07078313253012049 0.09956709956709957
0 0.723644578313253 0.5357142857142857 0.06927710843373494 0.09090909090909091
0 0.3132530120481928 0.31277056277056275 0.07228915662650602 0.07142857142857142
0 0.31400602409638556 0.7023809523809523 0.04066265060240964 0.09090909090909091
0 0.33509036144578314 0.7824675324675324 0.03614457831325301 0.07142857142857142
0 0.75 0.8571428571428571 0.046686746987951805 0.06926406926406926
1 0.39006024096385544 0.0854978354978355 0.058734939759036146 0.08441558441558442
1 0.46009036144578314 0.6287878787878788 0.04969879518072289 0.09523809523809523
1 0.473644578313253 0.7012987012987013 0.043674698795180725 0.07792207792207792
1 0.7567771084337349 0.7413419913419913 0.07379518072289157 0.08225108225108226
1 0.6875 0.95995670995671 0.05120481927710843 0.03463203463203463