0 0.20381231671554254 0.2955508474576271 0.05571847507331378 0.1016949152542373
0 0.18621700879765396 0.600635593220339 0.08944281524926687 0.09533898305084745
0 0.30718475073313783 0.7203389830508474 0.08504398826979472 0.13347457627118645
0 0.025659824046920823 0.5667372881355932 0.051319648093841645 0.1038135593220339
0 0.08357771260997067 0.336864406779661 0.0747800586510264 0.07627118644067797
0 0.08870967741935484 0.7913135593220338 0.07771260997067449 0.09957627118644068
0 0.17082111436950145 0.8834745762711864 0.0689149560117302 0.11228813559322035
1 0.36363636363636365 0.2055084745762712 0.07038123167155426 0.1059322033898305
1 0.19941348973607037 0.836864406779661 0.04105571847507331 0.1038135593220339
1 0.07771260997067449 0.5858050847457628 0.06158357771260997 0.09110169491525423
1 0.03519061583577713 0.3686440677966102 0.05571847507331378 0.05296610169491525
1 0.1312316715542522 0.375 0.0747800586510264 0.08898305084745763
1 0.03519061583577713 0.621822033898305 0.04838709677419355 0.07627118644067797
1 0.06964809384164222 0.8622881355932204 0.04838709677419355 0.09745762711864407