0 0.287751677852349 0.8902439024390244 0.03523489932885906 0.13658536585365855
0 0.3028523489932886 0.9829268292682927 0.03523489932885906 0.03414634146341464
0 0.5973154362416108 0.8365853658536585 0.10234899328859061 0.08536585365853659
0 0.6845637583892618 0.8560975609756097 0.07718120805369127 0.07317073170731707
0 0.7919463087248322 0.8317073170731707 0.08557046979865772 0.08780487804878048
0 0.15268456375838926 0.2597560975609756 0.04697986577181208 0.11219512195121951
0 0.19546979865771813 0.18414634146341463 0.07046979865771812 0.15853658536585366
1 0.49580536912751677 0.9463414634146341 0.04194630872483222 0.1073170731707317
1 0.49077181208053694 0.85 0.04697986577181208 0.1
1 0.7802013422818792 0.45365853658536587 0.087248322147651 0.10975609756097561
1 0.6719798657718121 0.48902439024390243 0.09060402684563758 0.08780487804878048
1 0.5780201342281879 0.47317073170731705 0.06879194630872483 0.1048780487804878
1 0.4974832214765101 0.10365853658536585 0.050335570469798654 0.11707317073170732