0 0.7411242603550295 0.2909090909090909 0.0621301775147929 0.10227272727272728
0 0.6109467455621301 0.07386363636363637 0.06656804733727811 0.10454545454545454
0 0.4238165680473373 0.0625 0.060650887573964495 0.11136363636363636
0 0.386094674556213 0.05113636363636364 0.05325443786982249 0.08863636363636364
0 0.5909763313609467 0.44431818181818183 0.060650887573964495 0.11136363636363636
0 0.7951183431952663 0.3534090909090909 0.0621301775147929 0.10681818181818181
0 0.9534023668639053 0.75 0.0621301775147929 0.1409090909090909
0 0.6050295857988166 0.9522727272727273 0.05917159763313609 0.09545454545454546
0 0.5303254437869822 0.8988636363636363 0.09171597633136094 0.09318181818181819
1 0.9637573964497042 0.5590909090909091 0.06656804733727811 0.09545454545454546
1 0.9563609467455622 0.21931818181818183 0.0650887573964497 0.0659090909090909
1 0.7744082840236687 0.13977272727272727 0.07100591715976332 0.09772727272727273
1 0.5739644970414202 0.10340909090909091 0.060650887573964495 0.10454545454545454
1 0.2492603550295858 0.06818181818181818 0.05029585798816568 0.1
1 0.1989644970414201 0.44545454545454544 0.0650887573964497 0.08636363636363636
1 0.8010355029585798 0.48522727272727273 0.05917159763313609 0.1409090909090909
1 0.7877218934911243 0.9875 0.03994082840236687 0.025
1 0.5784023668639053 0.5761363636363637 0.08727810650887574 0.10681818181818181
1 0.5 0.5 1 1