0 0.9634328358208956 0.42934782608695654 0.07313432835820896 0.07608695652173914
0 0.7746268656716417 0.3652173913043478 0.09701492537313433 0.11304347826086956
0 0.7097014925373134 0.28804347826086957 0.06865671641791045 0.06304347826086956
0 0.6716417910447762 0.9391304347826087 0.06865671641791045 0.12173913043478261
0 0.5014925373134328 0.12608695652173912 0.09253731343283582 0.13260869565217392
0 0.43507462686567167 0.07065217391304347 0.08507462686567165 0.1282608695652174
0 0.3 0.02282608695652174 0.07164179104477612 0.04565217391304348
0 0.026119402985074626 0.716304347826087 0.05223880597014925 0.11521739130434783
0 0.04701492537313433 0.31630434782608696 0.07611940298507462 0.12391304347826088
1 0.9388059701492537 0.6184782608695653 0.07761194029850746 0.07608695652173914
1 0.48507462686567165 0.9010869565217391 0.07164179104477612 0.10869565217391304
1 0.7149253731343284 0.657608695652174 0.09104477611940298 0.11956521739130435
1 0.6179104477611941 0.4945652173913043 0.0955223880597015 0.10434782608695652
1 0.29253731343283584 0.30869565217391304 0.10298507462686567 0.12608695652173912
1 0.16716417910447762 0.11630434782608695 0.07611940298507462 0.13478260869565217
1 0.11865671641791045 0.3641304347826087 0.08656716417910448 0.10434782608695652