0 0.7704545454545455 0.25 0.07121212121212121 0.12334801762114538
0 0.48787878787878786 0.9085903083700441 0.1 0.15418502202643172
0 0.43257575757575756 0.7180616740088106 0.08333333333333333 0.1343612334801762
0 0.3325757575757576 0.8149779735682819 0.0893939393939394 0.1299559471365639
0 0.029545454545454545 0.5022026431718062 0.05909090909090909 0.13215859030837004
0 0.023484848484848483 0.3755506607929515 0.04696969696969697 0.1343612334801762
0 0.2765151515151515 0.18502202643171806 0.09242424242424242 0.1343612334801762
0 0.2128787878787879 0.15088105726872247 0.0696969696969697 0.07709251101321586
1 0.8742424242424243 0.1618942731277533 0.03636363636363636 0.10352422907488987
1 0.7022727272727273 0.8392070484581498 0.05454545454545454 0.1013215859030837
1 0.28939393939393937 0.9592511013215859 0.06363636363636363 0.08149779735682819
1 0.2356060606060606 0.9658590308370044 0.06515151515151515 0.06828193832599119
1 0.09696969696969697 0.8744493392070485 0.06060606060606061 0.1343612334801762
1 0.06515151515151515 0.829295154185022 0.07424242424242425 0.09691629955947137
1 0.225 0.6585903083700441 0.06363636363636363 0.1277533039647577
1 0.1946969696969697 0.46255506607929514 0.07121212121212121 0.14977973568281938
1 0.021212121212121213 0.31497797356828194 0.04242424242424243 0.12334801762114538