0 0.09161931818181818 0.5348360655737705 0.06392045454545454 0.10450819672131148
0 0.14985795454545456 0.7172131147540983 0.05539772727272727 0.08196721311475409
0 0.07741477272727272 0.8319672131147541 0.045454545454545456 0.06557377049180328
0 0.017045454545454544 0.6997950819672131 0.03409090909090909 0.06762295081967214
0 0.16548295454545456 0.826844262295082 0.06534090909090909 0.09836065573770492
0 0.3430397727272727 0.9631147540983607 0.07244318181818182 0.07377049180327869
0 0.30823863636363635 0.9764344262295082 0.04261363636363636 0.0471311475409836
0 0.7947443181818182 0.3411885245901639 0.08522727272727272 0.11270491803278689
0 0.9140625 0.5338114754098361 0.10085227272727272 0.15368852459016394
1 0.16477272727272727 0.3944672131147541 0.05823863636363636 0.09016393442622951
1 0.1875 0.5338114754098361 0.08238636363636363 0.125
1 0.048295454545454544 0.6629098360655737 0.0625 0.0860655737704918
1 0.1434659090909091 0.9211065573770492 0.056818181818181816 0.0778688524590164
1 0.2294034090909091 0.9641393442622951 0.07244318181818182 0.07172131147540983
1 0.2911931818181818 0.7489754098360656 0.07954545454545454 0.11270491803278689
1 0.2677556818181818 0.7858606557377049 0.04403409090909091 0.07172131147540983
1 0.6576704545454546 0.05225409836065574 0.11931818181818182 0.10450819672131148
1 0.8338068181818182 0.21311475409836064 0.10227272727272728 0.13524590163934427