0 0.35431654676258995 0.17364532019704434 0.13309352517985612 0.18226600985221675
0 0.4316546762589928 0.479064039408867 0.11870503597122302 0.15517241379310345
0 0.11241007194244604 0.4815270935960591 0.06294964028776978 0.11576354679802955
0 0.09802158273381295 0.5874384236453202 0.07733812949640288 0.12561576354679804
0 0.5242805755395683 0.9359605911330049 0.09712230215827339 0.1206896551724138
1 0.4244604316546763 0.07142857142857142 0.10071942446043165 0.14285714285714285
1 0.21402877697841727 0.3830049261083744 0.10071942446043165 0.1206896551724138
1 0.26348920863309355 0.5061576354679803 0.08633093525179857 0.12807881773399016
1 0.26258992805755393 0.6650246305418719 0.08453237410071943 0.10837438423645321
1 0.22122302158273383 0.6120689655172413 0.08992805755395683 0.14039408866995073
1 0.4316546762589928 0.9211822660098522 0.08273381294964029 0.11822660098522167
1 0.6339928057553957 0.708128078817734 0.09172661870503597 0.12315270935960591