0 0.3641304347826087 0.8760593220338984 0.09316770186335403 0.09957627118644068
0 0.38975155279503104 0.4735169491525424 0.08695652173913043 0.08898305084745763
0 0.3059006211180124 0.21504237288135594 0.026397515527950312 0.09745762711864407
0 0.32142857142857145 0.11334745762711865 0.021739130434782608 0.09110169491525423
0 0.2127329192546584 0.5127118644067796 0.055900621118012424 0.07203389830508475
0 0.23369565217391305 0.5413135593220338 0.07763975155279502 0.07838983050847458
0 0.19177018633540371 0.777542372881356 0.07142857142857142 0.1059322033898305
0 0.3555900621118012 0.9745762711864406 0.06055900621118013 0.04025423728813559
1 0.26319875776397517 0.8686440677966102 0.062111801242236024 0.07415254237288135
1 0.5737577639751553 0.9830508474576272 0.05124223602484472 0.03389830508474576
1 0.327639751552795 0.7319915254237288 0.05745341614906832 0.07203389830508475
1 0.24767080745341616 0.8008474576271186 0.052795031055900624 0.05084745762711865
1 0.28183229813664595 0.3008474576271186 0.06832298136645963 0.04449152542372881
1 0.41537267080745344 0.263771186440678 0.049689440993788817 0.08898305084745763
1 0.4495341614906832 0.036016949152542374 0.05124223602484472 0.07203389830508475