0 0.6493055555555556 0.03409090909090909 0.03819444444444445 0.06818181818181818
0 0.6354166666666666 0.15025252525252525 0.03993055555555555 0.16666666666666666
0 0.6440972222222222 0.7727272727272727 0.11805555555555555 0.11363636363636363
0 0.71875 0.8308080808080808 0.0798611111111111 0.13131313131313133
0 0.7916666666666666 0.9040404040404041 0.09375 0.13131313131313133
0 0.2916666666666667 0.7765151515151515 0.09027777777777778 0.11868686868686869
0 0.1857638888888889 0.8636363636363636 0.029513888888888888 0.09343434343434344
0 0.1623263888888889 0.14898989898989898 0.050347222222222224 0.07575757575757576
0 0.1623263888888889 0.05176767676767677 0.059027777777777776 0.04292929292929293
1 0.4574652777777778 0.03156565656565657 0.0625 0.06060606060606061
1 0.4348958333333333 0.18434343434343434 0.0642361111111111 0.15404040404040403
1 0.5633680555555556 0.41919191919191917 0.0798611111111111 0.10606060606060606
1 0.16927083333333334 0.41035353535353536 0.03993055555555555 0.08585858585858586
1 0.16666666666666666 0.4621212121212121 0.029513888888888888 0.08585858585858586