0 0.6242236024844721 0.05808080808080808 0.08695652173913043 0.11616161616161616
0 0.7259316770186336 0.20454545454545456 0.07608695652173914 0.14646464646464646
0 0.7631987577639752 0.30808080808080807 0.062111801242236024 0.10858585858585859
0 0.8066770186335404 0.40404040404040403 0.055900621118012424 0.12626262626262627
0 0.7911490683229814 0.3977272727272727 0.07298136645962733 0.1414141414141414
0 0.8043478260869565 0.6401515151515151 0.06987577639751552 0.10606060606060606
0 0.328416149068323 0.9330808080808081 0.08540372670807453 0.13383838383838384
0 0.36180124223602483 0.7436868686868687 0.07298136645962733 0.12878787878787878
0 0.5131987577639752 0.8383838383838383 0.08385093167701864 0.14393939393939395
1 0.32142857142857145 0.14267676767676768 0.06521739130434782 0.11616161616161616
1 0.36490683229813664 0.30303030303030304 0.09006211180124224 0.16666666666666666
1 0.6304347826086957 0.45707070707070707 0.09627329192546584 0.1691919191919192
1 0.6840062111801242 0.5795454545454546 0.08850931677018634 0.15656565656565657
1 0.7399068322981367 0.6931818181818182 0.08385093167701864 0.13131313131313133
1 0.8540372670807453 0.5959595959595959 0.06677018633540373 0.1111111111111111