0 0.37745098039215685 0.9497767857142857 0.0915032679738562 0.08258928571428571
0 0.1511437908496732 0.7790178571428571 0.08496732026143791 0.125
0 0.17892156862745098 0.7042410714285714 0.07026143790849673 0.08705357142857142
0 0.15522875816993464 0.5412946428571429 0.06045751633986928 0.11607142857142858
0 0.2696078431372549 0.19308035714285715 0.049019607843137254 0.10714285714285714
0 0.2949346405228758 0.09486607142857142 0.049019607843137254 0.09375
0 0.7655228758169934 0.052455357142857144 0.05228758169934641 0.04017857142857143
1 0.26143790849673204 0.4419642857142857 0.08169934640522876 0.09375
1 0.2295751633986928 0.27566964285714285 0.07679738562091504 0.08258928571428571
1 0.38643790849673204 0.2857142857142857 0.06045751633986928 0.078125
1 0.41094771241830064 0.09486607142857142 0.04084967320261438 0.08035714285714286
1 0.7434640522875817 0.16294642857142858 0.05228758169934641 0.07366071428571429