0 0.4147727272727273 0.06454918032786885 0.05539772727272727 0.10655737704918032
0 0.4034090909090909 0.025614754098360656 0.0625 0.05122950819672131
0 0.6541193181818182 0.24692622950819673 0.061079545454545456 0.10040983606557377
0 0.6754261363636364 0.6762295081967213 0.06676136363636363 0.08811475409836066
0 0.8210227272727273 0.24692622950819673 0.06392045454545454 0.07991803278688525
0 0.8515625 0.29610655737704916 0.056818181818181816 0.07581967213114754
0 0.9815340909090909 0.6372950819672131 0.024147727272727272 0.045081967213114756
0 0.9588068181818182 0.6270491803278688 0.036931818181818184 0.05122950819672131
0 0.9495738636363636 0.8575819672131147 0.024147727272727272 0.05737704918032787
0 0.9112215909090909 0.9057377049180327 0.04403409090909091 0.05737704918032787
1 0.8884943181818182 0.507172131147541 0.061079545454545456 0.06967213114754098
1 0.7265625 0.47438524590163933 0.07528409090909091 0.09016393442622951
1 0.5092329545454546 0.4293032786885246 0.10795454545454546 0.09836065573770492
1 0.6420454545454546 0.1526639344262295 0.07670454545454546 0.1168032786885246
1 0.203125 0.18135245901639344 0.078125 0.10655737704918032
1 0.5234375 0.8493852459016393 0.07244318181818182 0.10450819672131148
1 0.9879261363636364 0.41290983606557374 0.024147727272727272 0.055327868852459015
1 0.9055397727272727 0.735655737704918 0.052556818181818184 0.055327868852459015
1 0.9090909090909091 0.8032786885245902 0.048295454545454544 0.06352459016393443
1 0.96875 0.7008196721311475 0.032670454545454544 0.06147540983606557
1 0.9467329545454546 0.7438524590163934 0.032670454545454544 0.036885245901639344