0 0.2727272727272727 0.6335616438356164 0.07210031347962383 0.136986301369863
0 0.23197492163009403 0.4360730593607306 0.07053291536050156 0.091324200913242
0 0.256269592476489 0.8573059360730594 0.07210031347962383 0.1050228310502283
0 0.780564263322884 0.3333333333333333 0.08307210031347963 0.14840182648401826
0 0.8032915360501567 0.14383561643835616 0.06583072100313479 0.14840182648401826
0 0.7460815047021944 0.08789954337899543 0.04231974921630094 0.09360730593607305
0 0.2829153605015674 0.2682648401826484 0.08620689655172414 0.09817351598173515
1 0.3503134796238245 0.8995433789954338 0.05329153605015674 0.0502283105022831
1 0.21003134796238246 0.05365296803652968 0.07366771159874608 0.0821917808219178
1 0.542319749216301 0.2146118721461187 0.109717868338558 0.0821917808219178
1 0.6410658307210031 0.0136986301369863 0.0877742946708464 0.0273972602739726