0 0.29904632152588556 0.17333333333333334 0.0653950953678474 0.10888888888888888
0 0.27588555858310626 0.3977777777777778 0.05040871934604905 0.10444444444444445
0 0.6321525885558583 0.024444444444444446 0.05449591280653951 0.04888888888888889
0 0.4420980926430518 0.73 0.07356948228882834 0.14222222222222222
0 0.38351498637602177 0.6788888888888889 0.08991825613079019 0.14222222222222222
0 0.27588555858310626 0.68 0.06403269754768393 0.11333333333333333
0 0.4025885558583106 0.9522222222222222 0.07220708446866485 0.09555555555555556
0 0.5367847411444142 0.9566666666666667 0.11171662125340599 0.08666666666666667
0 0.7213896457765667 0.5166666666666667 0.08310626702997276 0.13555555555555557
0 0.7861035422343324 0.5355555555555556 0.08038147138964577 0.13111111111111112
1 0.34945504087193463 0.20444444444444446 0.04632152588555858 0.08222222222222222
1 0.69141689373297 0.21 0.0667574931880109 0.11777777777777777
1 0.25408719346049047 0.5388888888888889 0.05722070844686648 0.10888888888888888
1 0.39645776566757496 0.9055555555555556 0.0885558583106267 0.11555555555555555
1 0.32629427792915533 0.9611111111111111 0.06130790190735695 0.07777777777777778
1 0.46662125340599453 0.8666666666666667 0.06948228882833787 0.11555555555555555
1 0.6171662125340599 0.5855555555555556 0.07084468664850137 0.13555555555555557
1 0.5960490463215259 0.8222222222222222 0.08583106267029973 0.14
1 0.5912806539509536 0.8988888888888888 0.0776566757493188 0.13555555555555557
1 0.6825613079019074 0.83 0.08446866485013624 0.13777777777777778
1 0.8385558583106267 0.81 0.0776566757493188 0.07777777777777778