0 0.9857357357357357 0.43478260869565216 0.028528528528528527 0.06956521739130435
0 0.9692192192192193 0.5673913043478261 0.05555555555555555 0.06739130434782609
0 0.9512012012012012 0.6173913043478261 0.03453453453453453 0.05434782608695652
0 0.8678678678678678 0.6434782608695652 0.07057057057057058 0.08043478260869565
0 0.8055555555555556 0.6858695652173913 0.07057057057057058 0.08043478260869565
0 0.8656156156156156 0.15869565217391304 0.046546546546546545 0.06956521739130435
0 0.5345345345345346 0.23369565217391305 0.07957957957957958 0.12391304347826088
0 0.3213213213213213 0.37717391304347825 0.07957957957957958 0.14130434782608695
0 0.08858858858858859 0.8760869565217392 0.06456456456456457 0.11739130434782609
1 0.29954954954954954 0.26521739130434785 0.07957957957957958 0.14130434782608695
1 0.06681681681681682 0.4423913043478261 0.08558558558558559 0.15
1 0.7394894894894894 0.4380434782608696 0.1006006006006006 0.13478260869565217
1 0.8303303303303303 0.425 0.0960960960960961 0.11739130434782609
1 0.7597597597597597 0.11956521739130435 0.06456456456456457 0.1
1 0.9144144144144144 0.14673913043478262 0.05105105105105105 0.07608695652173914
1 0.9527027027027027 0.26521739130434785 0.04954954954954955 0.06521739130434782