0 0.9055755395683454 0.5989847715736041 0.050359712230215826 0.12690355329949238
0 0.6447841726618705 0.434010152284264 0.13848920863309352 0.1700507614213198
0 0.49640287769784175 0.6281725888324873 0.14568345323741008 0.18781725888324874
0 0.9181654676258992 0.7385786802030457 0.09352517985611511 0.1319796954314721
0 0.9244604316546763 0.6878172588832487 0.05575539568345324 0.10913705583756345
1 0.7284172661870504 0.233502538071066 0.10431654676258993 0.14720812182741116
1 0.783273381294964 0.2956852791878173 0.09532374100719425 0.1319796954314721
1 0.8066546762589928 0.7322335025380711 0.11330935251798561 0.1598984771573604
1 0.7724820143884892 0.44543147208121825 0.08992805755395683 0.14720812182741116
1 0.6618705035971223 0.8908629441624365 0.11870503597122302 0.14720812182741116
1 0.8615107913669064 0.7766497461928934 0.10971223021582734 0.13451776649746192