0 0.634765625 0.08707865168539326 0.107421875 0.12921348314606743
0 0.7265625 0.15589887640449437 0.080078125 0.10393258426966293
0 0.7841796875 0.24578651685393257 0.0859375 0.12078651685393259
0 0.55859375 0.8820224719101124 0.08984375 0.12078651685393259
0 0.7421875 0.976123595505618 0.0703125 0.047752808988764044
0 0.2939453125 0.7710674157303371 0.095703125 0.15168539325842698
1 0.1005859375 0.6095505617977528 0.1171875 0.17134831460674158
1 0.5830078125 0.4550561797752809 0.10546875 0.13764044943820225
1 0.70703125 0.3946629213483146 0.09375 0.12078651685393259
1 0.884765625 0.4452247191011236 0.08984375 0.12640449438202248
1 0.6826171875 0.6825842696629213 0.08984375 0.12078651685393259
1 0.869140625 0.8314606741573034 0.08203125 0.11797752808988764