0 0.3997005988023952 0.6124454148471615 0.07934131736526946 0.11790393013100436
0 0.29416167664670656 0.7609170305676856 0.08083832335329341 0.1091703056768559
0 0.2432634730538922 0.8275109170305677 0.06437125748502993 0.0982532751091703
0 0.35853293413173654 0.2096069868995633 0.11526946107784432 0.13973799126637554
0 0.3083832335329341 0.08406113537117904 0.09431137724550898 0.13973799126637554
0 0.718562874251497 0.44541484716157204 0.1062874251497006 0.15502183406113537
0 0.8001497005988024 0.45633187772925765 0.09131736526946108 0.13537117903930132
0 0.6811377245508982 0.8930131004366813 0.07784431137724551 0.09388646288209607
1 0.3338323353293413 0.8558951965065502 0.07634730538922156 0.0851528384279476
1 0.34655688622754494 0.5065502183406113 0.09730538922155689 0.13100436681222707
1 0.750748502994012 0.6462882096069869 0.07035928143712575 0.10043668122270742