0 0.4510233918128655 0.1074468085106383 0.06871345029239766 0.13404255319148936
0 0.8523391812865497 0.25851063829787235 0.07309941520467836 0.10212765957446808
0 0.8384502923976608 0.30851063829787234 0.07017543859649122 0.08723404255319149
0 0.6900584795321637 0.601063829787234 0.09502923976608187 0.1425531914893617
0 0.8062865497076024 0.5063829787234042 0.07602339181286549 0.1
0 0.13157894736842105 0.6595744680851063 0.12573099415204678 0.17872340425531916
1 0.5058479532163743 0.026595744680851064 0.07017543859649122 0.05319148936170213
1 0.6111111111111112 0.14574468085106382 0.07017543859649122 0.12340425531914893
1 0.7266081871345029 0.15851063829787235 0.07309941520467836 0.10851063829787234
1 0.6937134502923976 0.298936170212766 0.08625730994152046 0.14042553191489363
1 0.7828947368421053 0.3702127659574468 0.07894736842105263 0.08936170212765958
1 0.6995614035087719 0.752127659574468 0.09649122807017543 0.11702127659574468
1 0.29312865497076024 0.85 0.08333333333333333 0.125531914893617