0 0.025811209439528023 0.6094420600858369 0.051622418879056046 0.09871244635193133
0 0.16666666666666666 0.4667381974248927 0.07817109144542773 0.10515021459227468
0 0.2234513274336283 0.4216738197424893 0.06342182890855458 0.08583690987124463
0 0.275811209439528 0.3540772532188841 0.07964601769911504 0.09656652360515021
0 0.3834808259587021 0.9560085836909872 0.0855457227138643 0.08798283261802575
0 0.7912979351032449 0.7832618025751072 0.10619469026548672 0.11373390557939914
0 0.9557522123893806 0.6598712446351931 0.08849557522123894 0.13090128755364808
0 0.5907079646017699 0.03755364806866953 0.10766961651917405 0.07510729613733906
0 0.7433628318584071 0.08690987124463519 0.12684365781710916 0.17381974248927037
1 0.12094395280235988 0.8508583690987125 0.07669616519174041 0.1072961373390558
1 0.08185840707964602 0.5944206008583691 0.06637168141592921 0.10944206008583691
1 0.3148967551622419 0.6609442060085837 0.084070796460177 0.10300429184549356
1 0.3554572271386431 0.5879828326180258 0.08112094395280237 0.0944206008583691
1 0.5722713864306784 0.8873390557939914 0.0752212389380531 0.11158798283261803
1 0.6467551622418879 0.5032188841201717 0.09292035398230089 0.12660944206008584
1 0.672566371681416 0.4184549356223176 0.084070796460177 0.12017167381974249
1 0.9321533923303835 0.5418454935622318 0.0752212389380531 0.12017167381974249