0 0.7785087719298246 0.277 0.08771929824561403 0.122
0 0.7266081871345029 0.223 0.0804093567251462 0.092
0 0.5263157894736842 0.149 0.07894736842105263 0.126
0 0.6213450292397661 0.233 0.0847953216374269 0.112
0 0.42178362573099415 0.138 0.07456140350877193 0.068
0 0.36330409356725146 0.123 0.06432748538011696 0.066
0 0.8289473684210527 0.949 0.07894736842105263 0.102
0 0.9495614035087719 0.717 0.06286549707602339 0.12
0 0.9539473684210527 0.629 0.09210526315789473 0.138
1 0.9904970760233918 0.393 0.019005847953216373 0.094
1 0.956140350877193 0.39 0.08771929824561403 0.094
1 0.868421052631579 0.521 0.06578947368421052 0.114
1 0.8830409356725146 0.68 0.09210526315789473 0.092
1 0.6469298245614035 0.469 0.08187134502923976 0.092
1 0.6038011695906432 0.391 0.08187134502923976 0.098
1 0.533625730994152 0.466 0.08771929824561403 0.102
1 0.6717836257309941 0.186 0.06432748538011696 0.094
1 0.3888888888888889 0.289 0.07748538011695906 0.096
1 0.3077485380116959 0.266 0.06578947368421052 0.086