0 0.32857142857142857 0.06983240223463687 0.08979591836734693 0.13966480446927373
0 0.39693877551020407 0.03910614525139665 0.1 0.0782122905027933
0 0.6020408163265306 0.034916201117318434 0.07959183673469387 0.05307262569832402
0 0.8010204081632653 0.0670391061452514 0.10204081632653061 0.055865921787709494
0 0.8938775510204081 0.10335195530726257 0.08775510204081632 0.0782122905027933
0 0.9948979591836735 0.13268156424581007 0.01020408163265306 0.08659217877094973
0 0.636734693877551 0.8561452513966481 0.07346938775510205 0.15083798882681565
1 0.10510204081632653 0.036312849162011177 0.07551020408163266 0.07262569832402235
1 0.3051020408163265 0.3729050279329609 0.11428571428571428 0.13687150837988826
1 0.4336734693877551 0.24581005586592178 0.10612244897959183 0.12849162011173185
1 0.7224489795918367 0.20810055865921787 0.0836734693877551 0.11731843575418995
1 0.9 0.3254189944134078 0.07551020408163266 0.12849162011173185
1 0.960204081632653 0.35893854748603354 0.07346938775510205 0.1340782122905028
1 0.8622448979591837 0.776536312849162 0.07959183673469387 0.13128491620111732