0 0.5765845070422535 0.056490384615384616 0.11443661971830986 0.11298076923076923
0 0.7438380281690141 0.34134615384615385 0.0897887323943662 0.09615384615384616
0 0.8098591549295775 0.45913461538461536 0.09507042253521127 0.12259615384615384
0 0.8257042253521126 0.5036057692307693 0.06866197183098592 0.0985576923076923
0 0.9401408450704225 0.5024038461538461 0.0721830985915493 0.09375
0 0.9823943661971831 0.5528846153846154 0.035211267605633804 0.0673076923076923
1 0.11091549295774648 0.15745192307692307 0.09683098591549295 0.12740384615384615
1 0.6205985915492958 0.3233173076923077 0.10211267605633803 0.12740384615384615
1 0.647887323943662 0.49278846153846156 0.09154929577464789 0.13221153846153846
1 0.7024647887323944 0.6586538461538461 0.08626760563380281 0.1201923076923077
1 0.9322183098591549 0.5829326923076923 0.05985915492957746 0.0889423076923077
1 0.9735915492957746 0.6706730769230769 0.0528169014084507 0.09615384615384616
1 0.795774647887324 0.9555288461538461 0.07394366197183098 0.0889423076923077
1 0.4269366197183099 0.9242788461538461 0.09330985915492958 0.1346153846153846