0 0.145 0.578125 0.09333333333333334 0.13221153846153846
0 0.36916666666666664 0.44471153846153844 0.10166666666666667 0.1466346153846154
0 0.3725 0.6514423076923077 0.09666666666666666 0.1346153846153846
0 0.7025 0.4170673076923077 0.085 0.12980769230769232
0 0.44416666666666665 0.10216346153846154 0.07 0.08653846153846154
0 0.5141666666666667 0.06490384615384616 0.065 0.07932692307692307
1 0.18333333333333332 0.22355769230769232 0.10333333333333333 0.1201923076923077
1 0.4975 0.9158653846153846 0.10666666666666667 0.13701923076923078
1 0.5408333333333334 0.36658653846153844 0.07833333333333334 0.11538461538461539
1 0.5683333333333334 0.2848557692307692 0.08166666666666667 0.11057692307692307
1 0.6525 0.19831730769230768 0.085 0.11057692307692307
1 0.7416666666666667 0.08533653846153846 0.075 0.10336538461538461
1 0.8375 0.046875 0.07166666666666667 0.09375