0 0.44495412844036697 0.4625 0.10244648318042814 0.12291666666666666
0 0.21788990825688073 0.6989583333333333 0.09480122324159021 0.11458333333333333
0 0.21100917431192662 0.24375 0.05198776758409786 0.10833333333333334
0 0.5657492354740061 0.49375 0.09785932721712538 0.11875
0 0.555045871559633 0.09479166666666666 0.0856269113149847 0.10208333333333333
0 0.6238532110091743 0.04791666666666667 0.0856269113149847 0.09583333333333334
0 0.5703363914373089 0.18125 0.10703363914373089 0.11875
1 0.29357798165137616 0.9739583333333334 0.0764525993883792 0.052083333333333336
1 0.514525993883792 0.9520833333333333 0.06269113149847094 0.09583333333333334
1 0.37767584097859325 0.746875 0.08409785932721713 0.09791666666666667
1 0.29128440366972475 0.46979166666666666 0.06116207951070336 0.11458333333333333
1 0.3486238532110092 0.18333333333333332 0.06574923547400612 0.09583333333333334
1 0.4793577981651376 0.25625 0.06880733944954129 0.10416666666666667
1 0.7155963302752294 0.36770833333333336 0.08868501529051988 0.11041666666666666
1 0.6873088685015291 0.234375 0.06574923547400612 0.09166666666666666