0 0.037096774193548385 0.8621495327102804 0.041935483870967745 0.12850467289719625
0 0.7475806451612903 0.29789719626168226 0.08709677419354839 0.14485981308411214
0 0.7951612903225806 0.6799065420560748 0.09838709677419355 0.06074766355140187
0 0.9935483870967742 0.6869158878504673 0.012903225806451613 0.08411214953271028
0 0.9709677419354839 0.5455607476635514 0.0467741935483871 0.0794392523364486
0 0.9653225806451613 0.11565420560747663 0.03225806451612903 0.08411214953271028
0 0.8217741935483871 0.14953271028037382 0.07096774193548387 0.12383177570093458
1 0.7201612903225807 0.0969626168224299 0.09032258064516129 0.11214953271028037
1 0.9201612903225806 0.10397196261682243 0.043548387096774194 0.102803738317757
1 0.896774193548387 0.27686915887850466 0.05161290322580645 0.10046728971962617
1 0.9088709677419354 0.34345794392523366 0.054838709677419356 0.04205607476635514
1 0.9564516129032258 0.3598130841121495 0.04516129032258064 0.06074766355140187
1 0.9838709677419355 0.4322429906542056 0.03064516129032258 0.06542056074766354
1 0.9887096774193549 0.4649532710280374 0.02258064516129032 0.06074766355140187
1 0.8459677419354839 0.4614485981308411 0.09193548387096774 0.09579439252336448
1 0.8959677419354839 0.6950934579439252 0.04838709677419355 0.0911214953271028
1 0.01532258064516129 0.42757009345794394 0.03064516129032258 0.10747663551401869