0 0.04903846153846154 0.781578947368421 0.04230769230769231 0.04736842105263158
0 0.4971153846153846 0.9342105263157895 0.10192307692307692 0.13157894736842105
0 0.5442307692307692 0.9631578947368421 0.13076923076923078 0.07368421052631578
0 0.28557692307692306 0.3381578947368421 0.1326923076923077 0.18947368421052632
0 0.20961538461538462 0.30657894736842106 0.11153846153846154 0.15263157894736842
0 0.20288461538461539 0.21842105263157896 0.05 0.09473684210526316
1 0.4932692307692308 0.6921052631578948 0.08846153846153847 0.12105263157894737
1 0.4125 0.6355263157894737 0.10576923076923077 0.14473684210526316
1 0.21346153846153845 0.8578947368421053 0.07884615384615384 0.08157894736842106
1 0.22692307692307692 0.5986842105263158 0.10192307692307692 0.12105263157894737
1 0.23365384615384616 0.4263157894736842 0.07307692307692308 0.11578947368421053
1 0.3778846153846154 0.02631578947368421 0.08653846153846154 0.05263157894736842
1 0.875 0.2710526315789474 0.1076923076923077 0.13157894736842105