0 0.7477203647416414 0.36160714285714285 0.06231003039513678 0.08705357142857142
0 0.6694528875379939 0.2734375 0.0911854103343465 0.08035714285714286
0 0.6177811550151976 0.9575892857142857 0.05167173252279635 0.0625
0 0.2317629179331307 0.8270089285714286 0.037993920972644375 0.07366071428571429
0 0.18617021276595744 0.4341517857142857 0.05319148936170213 0.10044642857142858
0 0.1945288753799392 0.16294642857142858 0.060790273556231005 0.11160714285714286
0 0.19756838905775076 0.03794642857142857 0.0668693009118541 0.07589285714285714
0 0.5683890577507599 0.12388392857142858 0.07446808510638298 0.13839285714285715
0 0.30851063829787234 0.0546875 0.0790273556231003 0.109375
1 0.7553191489361702 0.03794642857142857 0.06838905775075987 0.06473214285714286
1 0.6276595744680851 0.5758928571428571 0.06990881458966565 0.09821428571428571
1 0.60790273556231 0.7165178571428571 0.057750759878419454 0.12053571428571429
1 0.6914893617021277 0.7991071428571429 0.06382978723404255 0.10044642857142858
1 0.5 0.14732142857142858 0.05319148936170213 0.10044642857142858
1 0.28191489361702127 0.1796875 0.06534954407294832 0.09598214285714286
1 0.3791793313069909 0.9084821428571429 0.05167173252279635 0.08928571428571429