0 0.8276515151515151 0.4896373056994819 0.08712121212121213 0.17357512953367876
0 0.7585227272727273 0.9093264248704663 0.03787878787878788 0.11398963730569948
0 0.8058712121212122 0.23056994818652848 0.07386363636363637 0.16580310880829016
0 0.6373106060606061 0.12694300518134716 0.07954545454545454 0.12176165803108809
0 0.4441287878787879 0.19170984455958548 0.09848484848484848 0.13989637305699482
0 0.553030303030303 0.14766839378238342 0.08901515151515152 0.13471502590673576
0 0.6941287878787878 0.011658031088082901 0.12310606060606061 0.023316062176165803
1 0.8200757575757576 0.046632124352331605 0.041666666666666664 0.09326424870466321
1 0.5350378787878788 0.3173575129533679 0.08333333333333333 0.15025906735751296
1 0.7670454545454546 0.783678756476684 0.09090909090909091 0.06994818652849741
1 0.6089015151515151 0.9119170984455959 0.07575757575757576 0.09326424870466321