0 0.78984375 0.4251269035532995 0.0921875 0.17766497461928935
0 0.778125 0.5571065989847716 0.071875 0.1319796954314721
0 0.290625 0.2703045685279188 0.084375 0.12944162436548223
0 0.2484375 0.33883248730964466 0.0859375 0.12944162436548223
0 0.50703125 0.8350253807106599 0.109375 0.1802030456852792
0 0.55546875 0.8134517766497462 0.09375 0.1548223350253807
0 0.61328125 0.9733502538071066 0.0890625 0.0532994923857868
0 0.20703125 0.7626903553299492 0.084375 0.1218274111675127
1 0.60625 0.3743654822335025 0.09375 0.17258883248730963
1 0.65 0.17385786802030456 0.0890625 0.16243654822335024
1 0.7078125 0.1446700507614213 0.0546875 0.08121827411167512
1 0.43125 0.05203045685279188 0.090625 0.10406091370558376
1 0.16015625 0.6218274111675127 0.1046875 0.15736040609137056
1 0.3703125 0.7373096446700508 0.1 0.15228426395939088