0 0.1737012987012987 0.12914691943127962 0.09902597402597403 0.12796208530805686
0 0.3027597402597403 0.14099526066350712 0.07467532467532467 0.06872037914691943
0 0.39285714285714285 0.14218009478672985 0.09902597402597403 0.08293838862559241
0 0.2694805194805195 0.8139810426540285 0.05519480519480519 0.11848341232227488
0 0.30762987012987014 0.6883886255924171 0.06818181818181818 0.15165876777251186
0 0.8327922077922078 0.17180094786729858 0.08441558441558442 0.17535545023696683
0 0.8936688311688312 0.26540284360189575 0.08928571428571429 0.12796208530805686
0 0.827922077922078 0.9715639810426541 0.11363636363636363 0.05687203791469194
1 0.07061688311688312 0.1386255924170616 0.05032467532467533 0.11848341232227488
1 0.5251623376623377 0.7855450236966824 0.09740259740259741 0.23933649289099526
1 0.4878246753246753 0.8791469194312796 0.0698051948051948 0.17061611374407584
1 0.8409090909090909 0.6374407582938388 0.10064935064935066 0.1066350710900474
1 0.9237012987012987 0.6611374407582938 0.13474025974025974 0.1018957345971564