0 0.8184713375796179 0.19021739130434784 0.08280254777070063 0.10869565217391304
0 0.9450636942675159 0.3239130434782609 0.050955414012738856 0.10217391304347827
0 0.8256369426751592 0.43478260869565216 0.10031847133757962 0.12608695652173912
0 0.8288216560509554 0.6097826086956522 0.08598726114649681 0.11304347826086956
0 0.6098726114649682 0.7326086956521739 0.08439490445859872 0.10869565217391304
0 0.6552547770700637 0.9021739130434783 0.06687898089171974 0.10869565217391304
0 0.6257961783439491 0.9695652173913043 0.050955414012738856 0.06086956521739131
0 0.18471337579617833 0.8336956521739131 0.04777070063694268 0.058695652173913045
0 0.17834394904458598 0.7913043478260869 0.06687898089171974 0.09565217391304348
0 0.2054140127388535 0.7054347826086956 0.07165605095541401 0.08695652173913043
1 0.9546178343949044 0.24130434782608695 0.05732484076433121 0.05
1 0.731687898089172 0.8402173913043478 0.07961783439490445 0.0891304347826087
1 0.7412420382165605 0.625 0.07484076433121019 0.1
1 0.5207006369426752 0.808695652173913 0.08439490445859872 0.12608695652173912
1 0.46735668789808915 0.9445652173913044 0.0875796178343949 0.1108695652173913
1 0.2945859872611465 0.8728260869565218 0.07006369426751592 0.09347826086956522
1 0.25796178343949044 0.7456521739130435 0.06687898089171974 0.10434782608695652
1 0.2714968152866242 0.4891304347826087 0.07802547770700637 0.10217391304347827