0 0.20487364620938628 0.06349206349206349 0.0703971119133574 0.11375661375661375
0 0.10288808664259928 0.17592592592592593 0.0740072202166065 0.12169312169312169
0 0.5875451263537906 0.04894179894179894 0.08664259927797834 0.0873015873015873
0 0.8276173285198556 0.17724867724867724 0.08483754512635379 0.11375661375661375
0 0.8935018050541517 0.15079365079365079 0.09566787003610108 0.10317460317460317
0 0.9846570397111913 0.44312169312169314 0.030685920577617327 0.1455026455026455
0 0.9584837545126353 0.4087301587301587 0.08303249097472924 0.1455026455026455
0 0.6543321299638989 0.9695767195767195 0.11010830324909747 0.06084656084656084
1 0.3944043321299639 0.11772486772486772 0.10288808664259928 0.12433862433862433
1 0.2283393501805054 0.3505291005291005 0.09927797833935018 0.12433862433862433
1 0.8925992779783394 0.9113756613756614 0.08664259927797834 0.12698412698412698
1 0.8140794223826715 0.5727513227513228 0.08844765342960288 0.12169312169312169
1 0.9296028880866426 0.5370370370370371 0.0776173285198556 0.10317460317460317
1 0.9404332129963899 0.10582010582010581 0.07581227436823104 0.05291005291005291
1 0.8005415162454874 0.09259259259259259 0.07581227436823104 0.08465608465608465