0 0.8383685800604229 0.1962809917355372 0.09365558912386707 0.1384297520661157
0 0.22054380664652568 0.8801652892561983 0.07250755287009064 0.07024793388429752
0 0.23716012084592145 0.515495867768595 0.06042296072507553 0.11363636363636363
0 0.24471299093655588 0.6942148760330579 0.07401812688821752 0.09917355371900827
0 0.23413897280966767 0.7696280991735537 0.05891238670694864 0.08264462809917356
1 0.6578549848942599 0.1353305785123967 0.0634441087613293 0.10950413223140495
1 0.7447129909365559 0.21797520661157024 0.0770392749244713 0.07851239669421488
1 0.8383685800604229 0.28512396694214875 0.07854984894259819 0.07851239669421488
1 0.37613293051359514 0.5475206611570248 0.07099697885196375 0.11363636363636363
1 0.3527190332326284 0.6570247933884298 0.054380664652567974 0.10330578512396695
1 0.3413897280966767 0.7727272727272727 0.052870090634441085 0.11363636363636363
1 0.2107250755287009 0.7396694214876033 0.0634441087613293 0.05785123966942149