0 0.6387931034482759 0.7487437185929648 0.13448275862068965 0.20603015075376885
0 0.4870689655172414 0.8605527638190955 0.09310344827586207 0.14321608040201006
0 0.4224137931034483 0.7864321608040201 0.09137931034482759 0.15829145728643215
0 0.7956896551724137 0.4321608040201005 0.11896551724137931 0.18592964824120603
0 0.7525862068965518 0.3542713567839196 0.11379310344827587 0.16331658291457288
0 0.8827586206896552 0.5037688442211056 0.06379310344827586 0.11306532663316583
0 0.6827586206896552 0.20477386934673367 0.1206896551724138 0.17839195979899497
1 0.8362068965517241 0.7185929648241206 0.08275862068965517 0.1306532663316583
1 0.6017241379310345 0.5904522613065326 0.07586206896551724 0.12814070351758794
1 0.5344827586206896 0.5163316582914573 0.10517241379310345 0.1708542713567839
1 0.5827586206896552 0.507537688442211 0.08793103448275862 0.15829145728643215
1 0.5267241379310345 0.38944723618090454 0.07413793103448275 0.11557788944723618
1 0.7603448275862069 0.19472361809045227 0.04310344827586207 0.0728643216080402