0 0.743161094224924 0.9470954356846473 0.08054711246200608 0.07883817427385892
0 0.7196048632218845 0.6566390041493776 0.0851063829787234 0.11825726141078838
0 0.7857142857142857 0.7759336099585062 0.08814589665653495 0.1078838174273859
0 0.776595744680851 0.558091286307054 0.09422492401215805 0.11618257261410789
0 0.7986322188449848 0.3350622406639004 0.0851063829787234 0.13900414937759337
0 0.6930091185410334 0.2437759336099585 0.04559270516717325 0.1037344398340249
0 0.6808510638297872 0.14937759336099585 0.04711246200607903 0.07883817427385892
1 0.5683890577507599 0.9574688796680498 0.08054711246200608 0.08298755186721991
1 0.7021276595744681 0.9180497925311203 0.0851063829787234 0.06846473029045644
1 0.6056231003039514 0.4211618257261411 0.07750759878419453 0.0912863070539419
1 0.5782674772036475 0.25103734439834025 0.06534954407294832 0.06639004149377593
1 0.5721884498480243 0.2012448132780083 0.09422492401215805 0.08298755186721991