0 0.47363636363636363 0.08168316831683169 0.11090909090909092 0.12376237623762376
0 0.46545454545454545 0.12871287128712872 0.11454545454545455 0.09405940594059406
0 0.08454545454545455 0.6621287128712872 0.08181818181818182 0.11386138613861387
0 0.04 0.754950495049505 0.04363636363636364 0.05693069306930693
0 0.5927272727272728 0.8836633663366337 0.056363636363636366 0.11138613861386139
0 0.5463636363636364 0.9554455445544554 0.06727272727272728 0.0891089108910891
1 0.5163636363636364 0.474009900990099 0.08363636363636363 0.10891089108910891
1 0.46545454545454545 0.7685643564356436 0.08545454545454545 0.12376237623762376
1 0.4263636363636364 0.8849009900990099 0.07818181818181819 0.12376237623762376
1 0.17545454545454545 0.8094059405940595 0.08 0.10891089108910891
1 0.13727272727272727 0.7116336633663366 0.07818181818181819 0.11386138613861387
1 0.17272727272727273 0.3613861386138614 0.07272727272727272 0.10396039603960396