0 0.7426470588235294 0.045990566037735846 0.06045751633986928 0.09198113207547169
0 0.2369281045751634 0.25943396226415094 0.08823529411764706 0.11320754716981132
0 0.18382352941176472 0.2971698113207547 0.07352941176470588 0.09198113207547169
0 0.2900326797385621 0.6981132075471698 0.08006535947712418 0.12264150943396226
0 0.6053921568627451 0.6238207547169812 0.06045751633986928 0.09433962264150944
0 0.7132352941176471 0.6898584905660378 0.04411764705882353 0.1179245283018868
0 0.7156862745098039 0.7806603773584906 0.049019607843137254 0.10141509433962265
1 0.75 0.30778301886792453 0.06535947712418301 0.09905660377358491
1 0.2181372549019608 0.5731132075471698 0.0718954248366013 0.09433962264150944
1 0.29983660130718953 0.9481132075471698 0.09640522875816994 0.10377358490566038
1 0.5122549019607843 0.8596698113207547 0.06535947712418301 0.08254716981132075
1 0.5735294117647058 0.8903301886792453 0.04411764705882353 0.09433962264150944
1 0.5841503267973857 0.7865566037735849 0.04411764705882353 0.09669811320754718