0 0.8434065934065934 0.33067729083665337 0.059065934065934064 0.11155378486055777
0 0.9725274725274725 0.44123505976095617 0.05357142857142857 0.07768924302788845
0 0.9423076923076923 0.42231075697211157 0.05357142857142857 0.08167330677290836
0 0.9278846153846154 0.6055776892430279 0.04395604395604396 0.06374501992031872
0 0.9127747252747253 0.7121513944223108 0.07280219780219781 0.10159362549800798
0 0.9217032967032966 0.8914342629482072 0.05631868131868132 0.07171314741035857
0 0.8166208791208791 0.795816733067729 0.059065934065934064 0.08565737051792828
0 0.7307692307692307 0.8256972111553785 0.07967032967032966 0.0796812749003984
0 0.6696428571428571 0.7908366533864541 0.06868131868131869 0.09760956175298804
1 0.698489010989011 0.2778884462151394 0.07005494505494506 0.11553784860557768
1 0.6298076923076923 0.598605577689243 0.0782967032967033 0.10756972111553785
1 0.7774725274725275 0.6065737051792829 0.09065934065934066 0.10956175298804781
1 0.8571428571428571 0.6175298804780877 0.07005494505494506 0.11155378486055777
1 0.8138736263736264 0.8914342629482072 0.0673076923076923 0.10358565737051793
1 0.9127747252747253 0.8117529880478087 0.04120879120879121 0.08764940239043825
1 0.9457417582417582 0.6962151394422311 0.05631868131868132 0.055776892430278883
1 0.9546703296703297 0.6444223107569721 0.05631868131868132 0.0697211155378486
1 0.9107142857142857 0.43326693227091634 0.05357142857142857 0.061752988047808766
1 0.8846153846153846 0.5089641434262948 0.06318681318681318 0.07768924302788845