0 0.5131944444444444 0.4899598393574297 0.10277777777777777 0.14859437751004015
0 0.39166666666666666 0.8514056224899599 0.08055555555555556 0.11044176706827309
0 0.30972222222222223 0.7048192771084337 0.075 0.1144578313253012
0 0.4888888888888889 0.9176706827309237 0.07361111111111111 0.08433734939759036
0 0.6138888888888889 0.8684738955823293 0.09305555555555556 0.10642570281124498
0 0.8423611111111111 0.9869477911646586 0.07361111111111111 0.02610441767068273
0 0.9027777777777778 0.8182730923694779 0.06388888888888888 0.08835341365461848
0 0.9166666666666666 0.607429718875502 0.06666666666666667 0.09036144578313253
0 0.8208333333333333 0.5110441767068273 0.09027777777777778 0.142570281124498
0 0.7611111111111111 0.5240963855421686 0.08472222222222223 0.12449799196787148
1 0.9625 0.5983935742971888 0.05555555555555555 0.07228915662650602
1 0.8472222222222222 0.8132530120481928 0.06944444444444445 0.08835341365461848
1 0.8798611111111111 0.6214859437751004 0.06527777777777778 0.12650602409638553
1 0.7013888888888888 0.2931726907630522 0.08333333333333333 0.13253012048192772
1 0.4895833333333333 0.15160642570281124 0.09722222222222222 0.15261044176706828
1 0.10486111111111111 0.5261044176706827 0.08333333333333333 0.15060240963855423
1 0.32013888888888886 0.6024096385542169 0.0763888888888889 0.11244979919678715
1 0.5048611111111111 0.6977911646586346 0.07916666666666666 0.11847389558232932
1 0.675 0.6576305220883534 0.08055555555555556 0.11044176706827309
1 0.7395833333333334 0.9628514056224899 0.07083333333333333 0.07429718875502007
1 0.90625 0.8453815261044176 0.06111111111111111 0.0823293172690763