0 0.8846774193548387 0.29405286343612336 0.09838709677419355 0.1343612334801762
0 0.8362903225806452 0.3843612334801762 0.09838709677419355 0.1211453744493392
0 0.8451612903225807 0.486784140969163 0.08709677419354839 0.1299559471365639
0 0.18306451612903227 0.6068281938325991 0.08225806451612903 0.1211453744493392
0 0.475 0.08700440528634361 0.07419354838709677 0.08149779735682819
0 0.39919354838709675 0.04955947136563876 0.06774193548387097 0.07709251101321586
0 0.08064516129032258 0.36123348017621143 0.07258064516129033 0.10572687224669604
0 0.06612903225806452 0.4658590308370044 0.08225806451612903 0.1013215859030837
0 0.10241935483870968 0.552863436123348 0.07580645161290323 0.09251101321585903
1 0.6725806451612903 0.5066079295154186 0.11129032258064517 0.13215859030837004
1 0.40241935483870966 0.2852422907488987 0.1 0.13215859030837004
1 0.325 0.16409691629955947 0.08709677419354839 0.1145374449339207
1 0.11129032258064517 0.14647577092511013 0.07096774193548387 0.09030837004405286
1 0.17661290322580644 0.32158590308370044 0.06774193548387097 0.09030837004405286
1 0.175 0.43942731277533037 0.07580645161290323 0.1013215859030837
1 0.3362903225806452 0.7301762114537445 0.08548387096774193 0.11233480176211454