0 0.7951070336391437 0.47604166666666664 0.1162079510703364 0.15625
0 0.7308868501529052 0.04479166666666667 0.09174311926605505 0.08958333333333333
0 0.7048929663608563 0.03333333333333333 0.10091743119266056 0.06666666666666667
0 0.7079510703363915 0.11666666666666667 0.07951070336391437 0.13958333333333334
0 0.4801223241590214 0.13645833333333332 0.09327217125382263 0.15
0 0.42201834862385323 0.09479166666666666 0.10550458715596331 0.11458333333333333
0 0.24388379204892965 0.32395833333333335 0.07492354740061162 0.075
0 0.17966360856269112 0.3802083333333333 0.07033639143730887 0.07708333333333334
0 0.19801223241590213 0.9833333333333333 0.05963302752293578 0.03333333333333333
0 0.34021406727828746 0.940625 0.07033639143730887 0.10208333333333333
1 0.9258409785932722 0.21770833333333334 0.06574923547400612 0.08125
1 0.9373088685015291 0.30520833333333336 0.0779816513761468 0.12708333333333333
1 0.7836391437308868 0.2947916666666667 0.09327217125382263 0.10416666666666667
1 0.5443425076452599 0.3020833333333333 0.08103975535168195 0.10416666666666667
1 0.5328746177370031 0.18020833333333333 0.06269113149847094 0.0875
1 0.36926605504587157 0.34479166666666666 0.0779816513761468 0.11458333333333333
1 0.2805810397553517 0.24583333333333332 0.06422018348623854 0.10833333333333334
1 0.3058103975535168 0.446875 0.0779816513761468 0.1
1 0.20412844036697247 0.559375 0.0764525993883792 0.0875
1 0.47477064220183485 0.865625 0.06880733944954129 0.11041666666666666
1 0.21406727828746178 0.9010416666666666 0.05963302752293578 0.08541666666666667