0 0.26343283582089555 0.822961373390558 0.08208955223880597 0.07510729613733906
0 0.2947761194029851 0.7532188841201717 0.08656716417910448 0.08369098712446352
0 0.27238805970149255 0.2778969957081545 0.04776119402985075 0.09871244635193133
0 0.23059701492537313 0.0890557939914163 0.04477611940298507 0.03862660944206009
0 0.6208955223880597 0.08583690987124463 0.08208955223880597 0.07081545064377683
0 0.6746268656716418 0.12446351931330472 0.041791044776119404 0.045064377682403435
0 0.8492537313432836 0.8680257510729614 0.0626865671641791 0.07296137339055794
1 0.2462686567164179 0.4978540772532189 0.08358208955223881 0.08369098712446352
1 0.41119402985074627 0.14914163090128754 0.05223880597014925 0.10300429184549356
1 0.6440298507462686 0.2843347639484979 0.07164179104477612 0.09012875536480687
1 0.7104477611940299 0.30793991416309013 0.07014925373134329 0.08798283261802575