0 0.6146616541353384 0.3858974358974359 0.11842105263157894 0.10512820512820513
0 0.8157894736842105 0.39487179487179486 0.09774436090225563 0.1282051282051282
0 0.7415413533834586 0.6243589743589744 0.07894736842105263 0.13846153846153847
0 0.7810150375939849 0.7256410256410256 0.10150375939849623 0.1282051282051282
0 0.6531954887218046 0.9551282051282052 0.11278195488721804 0.06153846153846154
1 0.5695488721804511 0.908974358974359 0.08834586466165413 0.16153846153846155
1 0.8618421052631579 0.6435897435897436 0.05263157894736842 0.08717948717948718
1 0.668233082706767 0.7 0.10338345864661654 0.08205128205128205
1 0.7941729323308271 0.08076923076923077 0.07142857142857142 0.07435897435897436
1 0.8392857142857143 0.8846153846153846 0.07894736842105263 0.09230769230769231
1 0.8336466165413534 0.7653846153846153 0.07518796992481203 0.11025641025641025