0 0.43587896253602304 0.9822834645669292 0.10230547550432277 0.03937007874015748
0 0.33645533141210376 0.8937007874015748 0.056195965417867436 0.08858267716535433
0 0.24927953890489912 0.6545275590551181 0.07060518731988473 0.09251968503937008
0 0.2334293948126801 0.452755905511811 0.05763688760806916 0.09645669291338582
0 0.207492795389049 0.3661417322834646 0.056195965417867436 0.08661417322834646
0 0.5576368876080692 0.06692913385826772 0.07636887608069164 0.09448818897637795
1 0.5936599423631124 0.9330708661417323 0.09798270893371758 0.1377952755905512
1 0.4085014409221902 0.8474409448818898 0.09221902017291066 0.11220472440944881
1 0.3659942363112392 0.8572834645669292 0.10518731988472622 0.13385826771653545
1 0.6325648414985591 0.21653543307086615 0.07636887608069164 0.10039370078740158
1 0.32204610951008644 0.3110236220472441 0.06772334293948126 0.10039370078740158
1 0.2665706051873199 0.21456692913385828 0.07492795389048991 0.10826771653543307