0 0.7731884057971015 0.9212184873949579 0.07391304347826087 0.15756302521008403
0 0.35579710144927534 0.16281512605042017 0.050724637681159424 0.14495798319327732
0 0.3673913043478261 0.06197478991596639 0.04492753623188406 0.11134453781512606
0 0.5362318840579711 0.1334033613445378 0.08115942028985507 0.10084033613445378
0 0.6985507246376812 0.12710084033613445 0.04492753623188406 0.0819327731092437
0 0.7442028985507246 0.1334033613445378 0.06521739130434782 0.06302521008403361
0 0.65 0.20378151260504201 0.057971014492753624 0.12815126050420167
0 0.6811594202898551 0.05777310924369748 0.06956521739130435 0.06932773109243698
0 0.7420289855072464 0.07457983193277311 0.0463768115942029 0.07563025210084033
1 0.4985507246376812 0.031512605042016806 0.05217391304347826 0.06302521008403361
1 0.5166666666666667 0.22794117647058823 0.06231884057971015 0.11764705882352941
1 0.5760869565217391 0.2111344537815126 0.08550724637681159 0.11764705882352941
1 0.7123188405797102 0.45903361344537813 0.08260869565217391 0.13445378151260504
1 0.7644927536231884 0.37289915966386555 0.0463768115942029 0.10084033613445378