0 0.9518348623853211 0.2676991150442478 0.053516819571865444 0.06637168141592921
0 0.8631498470948012 0.3196902654867257 0.06574923547400612 0.07743362831858407
0 0.9564220183486238 0.4944690265486726 0.045871559633027525 0.06858407079646017
0 0.9770642201834863 0.7422566371681416 0.045871559633027525 0.06858407079646017
0 0.9304281345565749 0.7887168141592921 0.05504587155963303 0.10176991150442478
0 0.7622324159021406 0.7953539823008849 0.0871559633027523 0.03761061946902655
0 0.6827217125382263 0.793141592920354 0.05963302752293578 0.05309734513274336
0 0.8348623853211009 0.49004424778761063 0.07492354740061162 0.08849557522123894
0 0.8532110091743119 0.5542035398230089 0.06574923547400612 0.0752212389380531
0 0.9120795107033639 0.31194690265486724 0.06574923547400612 0.12389380530973451
1 0.9610091743119266 0.540929203539823 0.05198776758409786 0.03761061946902655
1 0.9097859327217125 0.5807522123893806 0.05045871559633028 0.033185840707964605
1 0.8593272171253823 0.6272123893805309 0.07186544342507645 0.06415929203539823
1 0.8883792048929664 0.8030973451327433 0.05198776758409786 0.09955752212389381
1 0.8012232415902141 0.5442477876106194 0.0779816513761468 0.04424778761061947
1 0.6429663608562691 0.6227876106194691 0.07033639143730887 0.06415929203539823
1 0.7874617737003058 0.2323008849557522 0.06422018348623854 0.11061946902654868
1 0.9847094801223242 0.47898230088495575 0.019877675840978593 0.07300884955752213