0 0.14067055393586006 0.42616033755274263 0.061224489795918366 0.10970464135021098
0 0.09037900874635568 0.4820675105485232 0.09183673469387756 0.12236286919831224
0 0.06705539358600583 0.47890295358649787 0.06997084548104957 0.0759493670886076
0 0.16253644314868804 0.9778481012658228 0.07142857142857142 0.04430379746835443
0 0.07580174927113703 0.879746835443038 0.037900874635568516 0.09071729957805907
0 0.08527696793002916 0.7774261603375527 0.09037900874635568 0.13291139240506328
0 0.21574344023323616 0.9103375527426161 0.07725947521865889 0.11181434599156118
0 0.01967930029154519 0.6223628691983122 0.03935860058309038 0.10126582278481013
1 0.282798833819242 0.3037974683544304 0.07725947521865889 0.12025316455696203
1 0.18950437317784258 0.6455696202531646 0.08454810495626822 0.10126582278481013
1 0.12317784256559766 0.6856540084388185 0.0641399416909621 0.0970464135021097
1 0.08309037900874636 0.5896624472573839 0.05539358600583091 0.08860759493670886
1 0.01749271137026239 0.569620253164557 0.03498542274052478 0.0970464135021097
1 0.14358600583090378 0.759493670886076 0.056851311953352766 0.08227848101265822
1 0.06268221574344024 0.8280590717299579 0.037900874635568516 0.08438818565400844