0 0.707977207977208 0.3202479338842975 0.1168091168091168 0.16115702479338842
0 0.8988603988603988 0.9183884297520661 0.037037037037037035 0.06611570247933884
0 0.8924501424501424 0.8925619834710744 0.05270655270655271 0.07851239669421488
0 0.6310541310541311 0.9607438016528925 0.07407407407407407 0.07851239669421488
1 0.7841880341880342 0.8150826446280992 0.05128205128205128 0.07644628099173553
1 0.7564102564102564 0.8574380165289256 0.08974358974358974 0.11983471074380166
1 0.8162393162393162 0.5216942148760331 0.07834757834757834 0.12603305785123967
1 0.9522792022792023 0.6993801652892562 0.05270655270655271 0.06818181818181818
1 0.8725071225071225 0.7159090909090909 0.06125356125356125 0.08471074380165289
1 0.8276353276353277 0.8047520661157025 0.06695156695156695 0.09504132231404959
1 0.7670940170940171 0.9307851239669421 0.05270655270655271 0.07231404958677685
1 0.7984330484330484 0.9617768595041323 0.05128205128205128 0.07024793388429752
1 0.8710826210826211 0.9659090909090909 0.039886039886039885 0.05991735537190083
1 0.8411680911680912 0.9762396694214877 0.04700854700854701 0.047520661157024795