0 0.8393393393393394 0.717391304347826 0.06756756756756757 0.10652173913043478
0 0.8220720720720721 0.6380434782608696 0.06906906906906907 0.1108695652173913
0 0.7747747747747747 0.3 0.0915915915915916 0.14130434782608695
0 0.7177177177177178 0.20108695652173914 0.10960960960960961 0.1673913043478261
0 0.6846846846846847 0.13260869565217392 0.0915915915915916 0.1391304347826087
0 0.17342342342342343 0.5532608695652174 0.11861861861861862 0.17391304347826086
1 0.18468468468468469 0.24782608695652175 0.09009009009009009 0.11956521739130435
1 0.45645645645645644 0.1934782608695652 0.0945945945945946 0.14565217391304347
1 0.6126126126126126 0.4771739130434783 0.1111111111111111 0.17391304347826086
1 0.7124624624624625 0.6413043478260869 0.0915915915915916 0.1391304347826087
1 0.6816816816816816 0.7402173913043478 0.07957957957957958 0.13260869565217392
1 0.683933933933934 0.8565217391304348 0.08558558558558559 0.13260869565217392