0 0.7370218579234973 0.5282258064516129 0.09153005464480875 0.09879032258064516
0 0.6297814207650273 0.9808467741935484 0.06557377049180328 0.046370967741935484
0 0.25614754098360654 0.4122983870967742 0.06967213114754098 0.09879032258064516
0 0.2677595628415301 0.1774193548387097 0.06420765027322405 0.11895161290322581
0 0.26366120218579236 0.11290322580645161 0.05737704918032787 0.0967741935483871
0 0.3046448087431694 0.01310483870967742 0.060109289617486336 0.02620967741935484
0 0.2609289617486339 0.04233870967741935 0.060109289617486336 0.0846774193548387
1 0.7957650273224044 0.27419354838709675 0.06420765027322405 0.09879032258064516
1 0.6728142076502732 0.7883064516129032 0.05737704918032787 0.0967741935483871
1 0.3818306010928962 0.9223790322580645 0.060109289617486336 0.10483870967741936
1 0.398224043715847 0.8044354838709677 0.06830601092896176 0.11290322580645161
1 0.3797814207650273 0.21774193548387097 0.07513661202185792 0.11088709677419355
1 0.45491803278688525 0.0967741935483871 0.06693989071038252 0.12701612903225806
1 0.476775956284153 0.011088709677419355 0.07650273224043716 0.02217741935483871