0 0.7266355140186916 0.23394495412844038 0.08878504672897196 0.1353211009174312
0 0.8714953271028038 0.7282110091743119 0.10903426791277258 0.1743119266055046
0 0.352803738317757 0.8761467889908257 0.09813084112149532 0.13990825688073394
0 0.20171339563862928 0.0194954128440367 0.0794392523364486 0.0389908256880734
0 0.32165109034267914 0.03669724770642202 0.07009345794392523 0.07339449541284404
0 0.15654205607476634 0.5905963302752294 0.102803738317757 0.13990825688073394
1 0.9291277258566978 0.4380733944954128 0.09968847352024922 0.13990825688073394
1 0.676791277258567 0.7018348623853211 0.09190031152647975 0.13073394495412843
1 0.5607476635514018 0.9231651376146789 0.08099688473520249 0.11926605504587157
1 0.7250778816199377 0.9506880733944955 0.08255451713395638 0.09862385321100918
1 0.17990654205607476 0.3646788990825688 0.0794392523364486 0.11467889908256881
1 0.31386292834890966 0.18004587155963303 0.09034267912772585 0.1353211009174312
1 0.4252336448598131 0.21559633027522937 0.08722741433021806 0.12614678899082568
1 0.4384735202492212 0.05389908256880734 0.08878504672897196 0.10779816513761468