0 0.7437304075235109 0.04908675799086758 0.05172413793103448 0.0365296803652968
0 0.7539184952978056 0.1232876712328767 0.06583072100313479 0.1004566210045662
0 0.3769592476489028 0.09360730593607305 0.09717868338557993 0.0958904109589041
0 0.30407523510971785 0.06506849315068493 0.06269592476489028 0.13013698630136986
0 0.27037617554858934 0.658675799086758 0.10658307210031348 0.12557077625570776
0 0.4341692789968652 0.8230593607305936 0.13322884012539185 0.1278538812785388
0 0.5086206896551724 0.8949771689497716 0.09717868338557993 0.13013698630136986
0 0.6379310344827587 0.9246575342465754 0.08150470219435736 0.1506849315068493
0 0.6873040752351097 0.9474885844748858 0.09247648902821316 0.1050228310502283
1 0.585423197492163 0.019406392694063926 0.045454545454545456 0.02511415525114155
1 0.3942006269592476 0.3584474885844749 0.07993730407523511 0.1141552511415525
1 0.3401253918495298 0.8139269406392694 0.07993730407523511 0.0821917808219178
1 0.774294670846395 0.91324200913242 0.08620689655172414 0.0867579908675799