0 0.02076923076923077 0.5067264573991032 0.04153846153846154 0.09865470852017937
0 0.37384615384615383 0.09977578475336323 0.08923076923076922 0.10089686098654709
0 0.13153846153846155 0.40358744394618834 0.07692307692307693 0.10762331838565023
0 0.1376923076923077 0.5728699551569507 0.10307692307692308 0.14573991031390135
0 0.17153846153846153 0.6905829596412556 0.10307692307692308 0.13901345291479822
0 0.69 0.24103139013452915 0.10461538461538461 0.15246636771300448
0 0.8446153846153847 0.2948430493273543 0.10615384615384615 0.1547085201793722
0 0.8184615384615385 0.3632286995515695 0.08307692307692308 0.11434977578475336
0 0.5346153846153846 0.7331838565022422 0.10307692307692308 0.1681614349775785
0 0.9061538461538462 0.8262331838565022 0.0876923076923077 0.12331838565022421
0 0.4015384615384615 0.9204035874439462 0.10307692307692308 0.1591928251121076
1 0.19 0.1468609865470852 0.07230769230769231 0.11659192825112108
1 0.05307692307692308 0.25448430493273544 0.05384615384615385 0.07399103139013453
1 0.22153846153846155 0.594170403587444 0.07846153846153846 0.13901345291479822
1 0.06923076923076923 0.4226457399103139 0.047692307692307694 0.08968609865470852
1 0.05153846153846154 0.5504484304932735 0.055384615384615386 0.08520179372197309
1 0.8107692307692308 0.8419282511210763 0.09692307692307692 0.16367713004484305
1 0.833076923076923 0.5885650224215246 0.08 0.12780269058295965
1 0.9684615384615385 0.6266816143497758 0.06307692307692307 0.13228699551569506