0 0.7993197278911565 0.09313725490196079 0.06972789115646258 0.07598039215686274
0 0.28741496598639454 0.1213235294117647 0.0782312925170068 0.07352941176470588
0 0.07738095238095238 0.07475490196078431 0.05952380952380952 0.07352941176470588
0 0.047619047619047616 0.24632352941176472 0.05782312925170068 0.07107843137254902
0 0.05442176870748299 0.7524509803921569 0.05952380952380952 0.07352941176470588
0 0.8171768707482994 0.7475490196078431 0.08673469387755102 0.09803921568627451
0 0.9659863945578231 0.7487745098039216 0.03741496598639456 0.11029411764705882
0 0.9030612244897959 0.9031862745098039 0.09523809523809523 0.15196078431372548
0 0.6989795918367347 0.9558823529411765 0.07482993197278912 0.08823529411764706
1 0.9897959183673469 0.1409313725490196 0.02040816326530612 0.07107843137254902
1 0.8290816326530612 0.5821078431372549 0.07993197278911565 0.12254901960784313
1 0.8248299319727891 0.9607843137254902 0.09523809523809523 0.0784313725490196
1 0.6020408163265306 0.8725490196078431 0.08673469387755102 0.1323529411764706
1 0.4965986394557823 0.9007352941176471 0.07482993197278912 0.12990196078431374
1 0.2304421768707483 0.34558823529411764 0.09183673469387756 0.10294117647058823
1 0.04081632653061224 0.5404411764705882 0.05782312925170068 0.08088235294117647