0 0.30990415335463256 0.7864583333333334 0.07028753993610223 0.12760416666666666
0 0.6924920127795527 0.9700520833333334 0.05591054313099041 0.059895833333333336
0 0.5838658146964856 0.7252604166666666 0.08146964856230032 0.13020833333333334
0 0.40814696485623003 0.19270833333333334 0.08306709265175719 0.1484375
0 0.28753993610223644 0.19921875 0.07188498402555911 0.140625
0 0.8202875399361023 0.37890625 0.08626198083067092 0.1328125
1 0.7563897763578274 0.75390625 0.04952076677316294 0.1328125
1 0.7188498402555911 0.5520833333333334 0.08306709265175719 0.125
1 0.6541533546325878 0.07942708333333333 0.07028753993610223 0.0703125
1 0.268370607028754 0.3541666666666667 0.08306709265175719 0.1328125
1 0.5295527156549521 0.04296875 0.09105431309904154 0.0859375