0 0.8089171974522293 0.7880434782608695 0.054140127388535034 0.08478260869565217
0 0.7070063694267515 0.7521739130434782 0.09394904458598727 0.058695652173913045
0 0.6146496815286624 0.8945652173913043 0.07484076433121019 0.10869565217391304
0 0.6584394904458599 0.04891304347826087 0.07961783439490445 0.06086956521739131
0 0.5835987261146497 0.2576086956521739 0.0732484076433121 0.05
0 0.5421974522292994 0.1793478260869565 0.05732484076433121 0.09130434782608696
0 0.25238853503184716 0.09782608695652174 0.06847133757961783 0.05217391304347826
0 0.2428343949044586 0.12608695652173912 0.05732484076433121 0.04782608695652174
1 0.6480891719745223 0.2565217391304348 0.06847133757961783 0.06521739130434782
1 0.5748407643312102 0.06304347826086956 0.06210191082802548 0.041304347826086954
1 0.392515923566879 0.09456521739130434 0.03980891719745223 0.0782608695652174
1 0.23487261146496816 0.3576086956521739 0.06210191082802548 0.06956521739130435