0 0.10810810810810811 0.4396551724137931 0.09121621621621621 0.13793103448275862
0 0.14358108108108109 0.6490147783251231 0.09628378378378379 0.14039408866995073
0 0.15033783783783783 0.5443349753694581 0.0929054054054054 0.13793103448275862
0 0.6579391891891891 0.9655172413793104 0.13682432432432431 0.06896551724137931
0 0.8285472972972973 0.41625615763546797 0.13851351351351351 0.16009852216748768
0 0.7956081081081081 0.2229064039408867 0.11317567567567567 0.17980295566502463
0 0.8834459459459459 0.2019704433497537 0.0929054054054054 0.0960591133004926
0 0.9130067567567568 0.25738916256157635 0.08783783783783784 0.10591133004926108
1 0.96875 0.5197044334975369 0.0625 0.1625615763546798
1 0.8952702702702703 0.8928571428571429 0.0929054054054054 0.13793103448275862
1 0.8572635135135135 0.8140394088669951 0.0929054054054054 0.1354679802955665
1 0.3260135135135135 0.6785714285714286 0.08614864864864864 0.1354679802955665
1 0.03800675675675676 0.5381773399014779 0.048986486486486486 0.10591133004926108