0 0.28924418604651164 0.9113545816733067 0.09883720930232558 0.10557768924302789
0 0.561046511627907 0.5776892430278885 0.08866279069767442 0.11752988047808766
0 0.7456395348837209 0.40836653386454186 0.056686046511627904 0.09163346613545817
0 0.4171511627906977 0.13047808764940239 0.061046511627906974 0.08167330677290836
0 0.4440406976744186 0.04083665338645418 0.06831395348837209 0.08167330677290836
0 0.751453488372093 0.05079681274900399 0.027616279069767442 0.037848605577689244
0 0.6162790697674418 0.054780876494023904 0.04796511627906977 0.07569721115537849
0 0.7638081395348837 0.12649402390438247 0.0436046511627907 0.0796812749003984
1 0.15988372093023256 0.8187250996015937 0.059593023255813955 0.10159362549800798
1 0.7681686046511628 0.6165338645418327 0.05813953488372093 0.10557768924302789
1 0.6170058139534884 0.47410358565737054 0.07267441860465117 0.07171314741035857
1 0.35101744186046513 0.30677290836653387 0.061046511627906974 0.055776892430278883
1 0.5944767441860465 0.026892430278884463 0.0436046511627907 0.037848605577689244
1 0.6678779069767442 0.0647410358565737 0.04796511627906977 0.07569721115537849
1 0.653343023255814 0.16832669322709162 0.04941860465116279 0.07569721115537849