0 0.6792307692307692 0.4786036036036036 0.10615384615384615 0.13288288288288289
0 0.8161538461538461 0.7240990990990991 0.06923076923076923 0.13288288288288289
0 0.5715384615384616 0.5855855855855856 0.09692307692307692 0.1463963963963964
0 0.5923076923076923 0.9605855855855856 0.09538461538461539 0.07882882882882883
0 0.4053846153846154 0.579954954954955 0.08153846153846153 0.11486486486486487
0 0.34307692307692306 0.5506756756756757 0.08307692307692308 0.10135135135135136
0 0.2915384615384615 0.8018018018018018 0.08461538461538462 0.12387387387387387
0 0.25846153846153846 0.8896396396396397 0.06923076923076923 0.11936936936936937
0 0.18307692307692308 0.43018018018018017 0.05846153846153846 0.0990990990990991
0 0.3976923076923077 0.3795045045045045 0.08461538461538462 0.1463963963963964
0 0.17692307692307693 0.30292792792792794 0.06923076923076923 0.10585585585585586
0 0.15461538461538463 0.25900900900900903 0.05846153846153846 0.08783783783783784
0 0.3330769230769231 0.09234234234234234 0.07538461538461538 0.09684684684684684
1 0.17076923076923076 0.16328828828828829 0.04461538461538461 0.06306306306306306
1 0.29615384615384616 0.2849099099099099 0.07230769230769231 0.11261261261261261
1 0.2969230769230769 0.38626126126126126 0.06615384615384616 0.11261261261261261
1 0.23461538461538461 0.6824324324324325 0.06923076923076923 0.11261261261261261
1 0.27307692307692305 0.579954954954955 0.07538461538461538 0.12162162162162163
1 0.4084615384615385 0.8963963963963963 0.07692307692307693 0.10585585585585586
1 0.5084615384615384 0.9470720720720721 0.0876923076923077 0.10585585585585586
1 0.5130769230769231 0.6632882882882883 0.07384615384615385 0.1036036036036036
1 0.6846153846153846 0.8918918918918919 0.10307692307692308 0.12162162162162163
1 0.7653846153846153 0.7612612612612613 0.08923076923076922 0.14189189189189189
1 0.5038461538461538 0.2916666666666667 0.07230769230769231 0.10585585585585586
1 0.46153846153846156 0.17454954954954954 0.09076923076923077 0.13063063063063063
1 0.43846153846153846 0.10022522522522523 0.06307692307692307 0.09234234234234234