0 0.4848790322580645 0.9820441988950276 0.09879032258064516 0.03591160220994475
0 0.5141129032258065 0.9337016574585635 0.07258064516129033 0.13259668508287292
0 0.65625 0.5524861878453039 0.0907258064516129 0.08287292817679558
0 0.7993951612903226 0.9088397790055248 0.08669354838709678 0.1270718232044199
0 0.6401209677419355 0.30386740331491713 0.07862903225806452 0.11049723756906077
0 0.6673387096774194 0.17541436464088397 0.03225806451612903 0.11878453038674033
0 0.6421370967741935 0.05386740331491713 0.046370967741935484 0.10773480662983426
1 0.18346774193548387 0.962707182320442 0.07661290322580645 0.07458563535911603
1 0.6431451612903226 0.8453038674033149 0.09274193548387097 0.08287292817679558
1 0.40725806451612906 0.3411602209944751 0.06451612903225806 0.10773480662983426
1 0.49798387096774194 0.2223756906077348 0.06048387096774194 0.1132596685082873
1 0.4596774193548387 0.013812154696132596 0.06451612903225806 0.027624309392265192