0 0.7004437869822485 0.8538306451612904 0.07100591715976332 0.10887096774193548
0 0.753698224852071 0.9707661290322581 0.07840236686390532 0.05846774193548387
0 0.7544378698224852 0.9213709677419355 0.08284023668639054 0.15725806451612903
0 0.6183431952662722 0.9566532258064516 0.07692307692307693 0.08669354838709678
0 0.7551775147928994 0.6602822580645161 0.07100591715976332 0.09475806451612903
0 0.7381656804733728 0.31149193548387094 0.042899408284023666 0.08870967741935484
0 0.7366863905325444 0.23487903225806453 0.051775147928994084 0.0846774193548387
0 0.3306213017751479 0.1028225806451613 0.07396449704142012 0.06854838709677419
1 0.5192307692307693 0.8891129032258065 0.04585798816568047 0.125
1 0.6146449704142012 0.686491935483871 0.06656804733727811 0.1028225806451613
1 0.7218934911242604 0.6915322580645161 0.057692307692307696 0.0846774193548387
1 0.6782544378698225 0.4475806451612903 0.07988165680473373 0.09274193548387097
1 0.6116863905325444 0.2701612903225806 0.060650887573964495 0.08870967741935484
1 0.632396449704142 0.1592741935483871 0.051775147928994084 0.07258064516129033
1 0.2943786982248521 0.3094758064516129 0.0695266272189349 0.08266129032258064