0 0.013157894736842105 0.4484304932735426 0.02631578947368421 0.13452914798206278
0 0.22532894736842105 0.6345291479820628 0.11677631578947369 0.15022421524663676
0 0.18174342105263158 0.7163677130044843 0.08552631578947369 0.11434977578475336
0 0.6110197368421053 0.7511210762331838 0.12335526315789473 0.15695067264573992
0 0.6850328947368421 0.242152466367713 0.08717105263157894 0.1367713004484305
0 0.33963815789473684 0.06950672645739911 0.07236842105263158 0.08520179372197309
0 0.7763157894736842 0.48654708520179374 0.10032894736842106 0.1412556053811659
0 0.8338815789473685 0.4674887892376682 0.1118421052631579 0.15246636771300448
0 0.8947368421052632 0.5403587443946188 0.09046052631578948 0.12331838565022421
1 0.9391447368421053 0.8015695067264574 0.03782894736842105 0.06053811659192825
1 0.9292763157894737 0.515695067264574 0.0805921052631579 0.1412556053811659
1 0.8791118421052632 0.734304932735426 0.09539473684210527 0.14349775784753363
1 0.7310855263157895 0.4943946188340807 0.1069078947368421 0.13452914798206278
1 0.8396381578947368 0.3015695067264574 0.08552631578947369 0.10986547085201794
1 0.7088815789473685 0.24439461883408073 0.09046052631578948 0.13004484304932734
1 0.5008223684210527 0.1031390134529148 0.07072368421052631 0.11659192825112108
1 0.375 0.850896860986547 0.08223684210526316 0.12331838565022421
1 0.13815789473684212 0.4461883408071749 0.06414473684210527 0.10089686098654709
1 0.10115131578947369 0.38565022421524664 0.08717105263157894 0.10762331838565023
1 0.23766447368421054 0.17152466367713004 0.07236842105263158 0.08744394618834081