0 0.6924242424242424 0.16629955947136563 0.08787878787878788 0.11233480176211454
0 0.6143939393939394 0.1817180616740088 0.07878787878787878 0.11674008810572688
0 0.31742424242424244 0.22577092511013216 0.09848484848484848 0.14977973568281938
0 0.15984848484848485 0.23237885462555066 0.09696969696969697 0.13656387665198239
0 0.831060606060606 0.711453744493392 0.09848484848484848 0.15638766519823788
0 0.6287878787878788 0.6321585903083701 0.10151515151515152 0.14096916299559473
0 0.7772727272727272 0.7224669603524229 0.08484848484848485 0.13876651982378854
0 0.803030303030303 0.8006607929515418 0.1 0.11233480176211454
1 0.8128787878787879 0.43942731277533037 0.09242424242424242 0.11233480176211454
1 0.6272727272727273 0.43722466960352424 0.09242424242424242 0.11894273127753303
1 0.08863636363636364 0.42951541850220265 0.07424242424242425 0.1299559471365639
1 0.07272727272727272 0.6409691629955947 0.07121212121212121 0.11013215859030837
1 0.44242424242424244 0.9592511013215859 0.051515151515151514 0.08149779735682819
1 0.5712121212121212 0.7676211453744494 0.06818181818181818 0.1299559471365639
1 0.6628787878787878 0.8832599118942731 0.08484848484848485 0.1211453744493392
1 0.9462121212121212 0.6145374449339207 0.05757575757575758 0.09691629955947137
1 0.825 0.6266519823788547 0.05757575757575758 0.13215859030837004