0 0.26121794871794873 0.14847161572052403 0.10576923076923077 0.08296943231441048
0 0.15705128205128205 0.32751091703056767 0.07692307692307693 0.10698689956331878
0 0.37419871794871795 0.3941048034934498 0.08814102564102565 0.12663755458515283
0 0.17147435897435898 0.44759825327510916 0.049679487179487176 0.13537117903930132
0 0.27724358974358976 0.8133187772925764 0.03685897435897436 0.13100436681222707
0 0.3036858974358974 0.9126637554585153 0.035256410256410256 0.09170305676855896
0 0.7604166666666666 0.730349344978166 0.0625 0.05458515283842795
0 0.7580128205128205 0.6910480349344978 0.052884615384615384 0.10698689956331878
1 0.3004807692307692 0.07096069868995633 0.07532051282051282 0.07423580786026202
1 0.19471153846153846 0.36899563318777295 0.05128205128205128 0.08951965065502183
1 0.3661858974358974 0.527292576419214 0.041666666666666664 0.11135371179039301
1 0.3974358974358974 0.7336244541484717 0.05929487179487179 0.10043668122270742
1 0.4551282051282051 0.8493449781659389 0.05929487179487179 0.0982532751091703
1 0.6153846153846154 0.6877729257641921 0.05929487179487179 0.10043668122270742
1 0.7596153846153846 0.9072052401746725 0.05929487179487179 0.06986899563318777