0 0.06547619047619048 0.8125 0.061224489795918366 0.12254901960784313
0 0.4957482993197279 0.42401960784313725 0.07653061224489796 0.14705882352941177
0 0.5782312925170068 0.4583333333333333 0.06802721088435375 0.12254901960784313
0 0.6420068027210885 0.3737745098039216 0.08163265306122448 0.1053921568627451
0 0.6870748299319728 0.39828431372549017 0.05272108843537415 0.07107843137254902
0 0.6862244897959183 0.8492647058823529 0.04591836734693878 0.08088235294117647
1 0.28401360544217685 0.47671568627450983 0.06802721088435375 0.12990196078431374
1 0.4166666666666667 0.1053921568627451 0.06802721088435375 0.12009803921568628
1 0.5280612244897959 0.1213235294117647 0.07653061224489796 0.10294117647058823
1 0.41581632653061223 0.6495098039215687 0.061224489795918366 0.10049019607843138
1 0.5578231292517006 0.6102941176470589 0.0663265306122449 0.10294117647058823
1 0.5348639455782312 0.8443627450980392 0.0663265306122449 0.10049019607843138