0 0.9767080745341615 0.6483050847457628 0.046583850931677016 0.1228813559322034
0 0.15217391304347827 0.600635593220339 0.06366459627329192 0.1038135593220339
0 0.327639751552795 0.026483050847457626 0.07142857142857142 0.05296610169491525
0 0.4309006211180124 0.20127118644067796 0.09316770186335403 0.1292372881355932
0 0.8315217391304348 0.3347457627118644 0.12111801242236025 0.15889830508474576
0 0.8920807453416149 0.3188559322033898 0.08385093167701864 0.1059322033898305
0 0.8043478260869565 0.2849576271186441 0.09316770186335403 0.12076271186440678
0 0.7546583850931677 0.2563559322033898 0.08540372670807453 0.10805084745762712
0 0.7158385093167702 0.1832627118644068 0.07142857142857142 0.09110169491525423
1 0.9658385093167702 0.5254237288135594 0.06832298136645963 0.11864406779661017
1 0.8097826086956522 0.5158898305084746 0.08229813664596274 0.1292372881355932
1 0.8835403726708074 0.9311440677966102 0.046583850931677016 0.0847457627118644
1 0.6133540372670807 0.4322033898305085 0.11335403726708075 0.125
1 0.5799689440993789 0.2542372881355932 0.09006211180124224 0.1228813559322034
1 0.5582298136645962 0.16101694915254236 0.09316770186335403 0.13135593220338984
1 0.3268633540372671 0.09110169491525423 0.06366459627329192 0.09957627118644068
1 0.2220496894409938 0.16101694915254236 0.08850931677018634 0.11864406779661017
1 0.266304347826087 0.6938559322033898 0.059006211180124224 0.0826271186440678