0 0.43709677419354837 0.971830985915493 0.0935483870967742 0.056338028169014086
0 0.36532258064516127 0.9084507042253521 0.08225806451612903 0.14788732394366197
0 0.8266129032258065 0.6748826291079812 0.10161290322580645 0.15258215962441316
0 0.29758064516129035 0.2746478873239437 0.11935483870967742 0.19953051643192488
0 0.3911290322580645 0.2734741784037559 0.11774193548387096 0.1572769953051643
0 0.6508064516129032 0.13262910798122066 0.13064516129032258 0.215962441314554
0 0.7032258064516129 0.09154929577464789 0.10483870967741936 0.1619718309859155
0 0.2153225806451613 0.29577464788732394 0.12741935483870967 0.20422535211267606
0 0.15483870967741936 0.20422535211267606 0.07419354838709677 0.11032863849765258
0 0.14274193548387096 0.3368544600938967 0.10967741935483871 0.14084507042253522
1 0.6564516129032258 0.8485915492957746 0.07096774193548387 0.13849765258215962
1 0.5298387096774193 0.8204225352112676 0.07903225806451612 0.14084507042253522
1 0.46774193548387094 0.6349765258215962 0.1032258064516129 0.15258215962441316