0 0.6746268656716418 0.8629385964912281 0.08955223880597014 0.12719298245614036
0 0.3485074626865672 0.9298245614035088 0.08358208955223881 0.09429824561403509
0 0.24029850746268658 0.35635964912280704 0.08656716417910448 0.1337719298245614
0 0.11791044776119403 0.6228070175438597 0.07761194029850746 0.12280701754385964
0 0.10970149253731343 0.7039473684210527 0.07164179104477612 0.09649122807017543
0 0.07761194029850746 0.6853070175438597 0.06417910447761194 0.08114035087719298
0 0.7925373134328358 0.2675438596491228 0.08358208955223881 0.11403508771929824
0 0.8485074626865672 0.25 0.07014925373134329 0.08552631578947369
1 0.7985074626865671 0.45614035087719296 0.09104477611940298 0.1425438596491228
1 0.6835820895522388 0.40131578947368424 0.09253731343283582 0.1337719298245614
1 0.676865671641791 0.2883771929824561 0.0880597014925373 0.12938596491228072
1 0.5805970149253732 0.0668859649122807 0.07611940298507462 0.11403508771929824
1 0.503731343283582 0.21271929824561403 0.08507462686567165 0.13157894736842105
1 0.4164179104477612 0.6666666666666666 0.1044776119402985 0.1425438596491228
1 0.23059701492537313 0.6469298245614035 0.0880597014925373 0.12719298245614036