0 0.324486301369863 0.8283582089552238 0.0821917808219178 0.12935323383084577
0 0.3347602739726027 0.6616915422885572 0.1113013698630137 0.11442786069651742
0 0.6232876712328768 0.9788557213930348 0.0976027397260274 0.029850746268656716
0 0.7671232876712328 0.6343283582089553 0.08047945205479452 0.10199004975124377
0 0.7431506849315068 0.11442786069651742 0.09931506849315068 0.1318407960199005
0 0.666095890410959 0.04477611940298507 0.0821917808219178 0.08955223880597014
1 0.509417808219178 0.8793532338308457 0.0839041095890411 0.13432835820895522
1 0.5924657534246576 0.6567164179104478 0.09246575342465753 0.11442786069651742
1 0.6840753424657534 0.763681592039801 0.059931506849315065 0.10199004975124377
1 0.7602739726027398 0.6865671641791045 0.07363013698630137 0.0845771144278607
1 0.728595890410959 0.236318407960199 0.0958904109589041 0.10696517412935323
1 0.1934931506849315 0.35199004975124376 0.07363013698630137 0.13681592039800994
1 0.16523972602739725 0.5597014925373134 0.02226027397260274 0.14676616915422885
1 0.3544520547945205 0.03482587064676617 0.07534246575342465 0.04975124378109453