0 0.5808157099697885 0.09194214876033058 0.06797583081570997 0.05371900826446281
0 0.3957703927492447 0.22830578512396693 0.07099697885196375 0.08884297520661157
0 0.38444108761329304 0.2510330578512397 0.06797583081570997 0.09090909090909091
0 0.581570996978852 0.31611570247933884 0.10120845921450151 0.128099173553719
0 0.6185800604229608 0.37706611570247933 0.10120845921450151 0.12190082644628099
0 0.4962235649546828 0.6384297520661157 0.07250755287009064 0.10743801652892562
0 0.15483383685800603 0.7840909090909091 0.04380664652567976 0.1012396694214876
0 0.14652567975830816 0.7644628099173554 0.054380664652567974 0.0640495867768595
0 0.08761329305135952 0.44214876033057854 0.0513595166163142 0.06198347107438017
0 0.03851963746223565 0.1859504132231405 0.03927492447129909 0.07231404958677685
1 0.648036253776435 0.2892561983471074 0.0634441087613293 0.09710743801652892
1 0.7016616314199395 0.6735537190082644 0.0891238670694864 0.09710743801652892
1 0.5574018126888217 0.881198347107438 0.0755287009063444 0.09090909090909091
1 0.2938066465256798 0.765495867768595 0.05740181268882175 0.06818181818181818
1 0.18051359516616314 0.6136363636363636 0.054380664652567974 0.07231404958677685
1 0.01812688821752266 0.5723140495867769 0.03625377643504532 0.045454545454545456
1 0.027190332326283987 0.6942148760330579 0.03625377643504532 0.05785123966942149
1 0.08308157099697885 0.23140495867768596 0.055891238670694864 0.06198347107438017
1 0.21450151057401812 0.2809917355371901 0.04833836858006042 0.08264462809917356
1 0.5151057401812689 0.08161157024793389 0.054380664652567974 0.08264462809917356
1 0.3731117824773414 0.37086776859504134 0.07250755287009064 0.09297520661157024