0 0.38977635782747605 0.9906976744186047 0.07348242811501597 0.018604651162790697
0 0.3722044728434505 0.9395348837209302 0.07028753993610223 0.10930232558139535
0 0.3266773162939297 0.8406976744186047 0.06549520766773163 0.14186046511627906
0 0.7348242811501597 0.9151162790697674 0.07188498402555911 0.05116279069767442
0 0.8130990415335463 0.8860465116279069 0.05750798722044728 0.04883720930232558
0 0.8314696485623003 0.8244186046511628 0.08626198083067092 0.1
0 0.7667731629392971 0.29186046511627906 0.09584664536741214 0.11395348837209303
0 0.14456869009584664 0.2313953488372093 0.09904153354632587 0.12093023255813953
1 0.5966453674121406 0.9290697674418604 0.07188498402555911 0.11627906976744186
1 0.5303514376996805 0.8465116279069768 0.07667731629392971 0.1372093023255814
1 0.6285942492012779 0.7116279069767442 0.10223642172523961 0.15813953488372093
1 0.7428115015974441 0.6837209302325581 0.10063897763578275 0.10697674418604651
1 0.7699680511182109 0.5709302325581396 0.07667731629392971 0.09767441860465116