0 0.09680451127819549 0.3510928961748634 0.09210526315789473 0.10655737704918032
0 0.3693609022556391 0.42349726775956287 0.12406015037593984 0.17486338797814208
0 0.43139097744360905 0.3251366120218579 0.10526315789473684 0.19672131147540983
0 0.2894736842105263 0.8510928961748634 0.09586466165413533 0.1721311475409836
0 0.33364661654135336 0.9549180327868853 0.07706766917293233 0.09016393442622951
0 0.5902255639097744 0.9180327868852459 0.09398496240601503 0.15846994535519127
0 0.9135338345864662 0.6953551912568307 0.10338345864661654 0.15846994535519127
0 0.924812030075188 0.5628415300546448 0.14285714285714285 0.18032786885245902
1 0.018796992481203006 0.575136612021858 0.03759398496240601 0.11202185792349727
1 0.18890977443609022 0.592896174863388 0.10714285714285714 0.13934426229508196
1 0.41729323308270677 0.028688524590163935 0.07518796992481203 0.05737704918032787
1 0.575187969924812 0.01912568306010929 0.10526315789473684 0.03825136612021858
1 0.8834586466165414 0.10109289617486339 0.09774436090225563 0.14754098360655737
1 0.8881578947368421 0.04234972677595628 0.046992481203007516 0.08469945355191257
1 0.4943609022556391 0.657103825136612 0.10714285714285714 0.16120218579234974
1 0.5441729323308271 0.7923497267759563 0.09210526315789473 0.13934426229508196
1 0.8515037593984962 0.6612021857923497 0.08646616541353383 0.1448087431693989