0 0.1880952380952381 0.9531963470319634 0.04285714285714286 0.09360730593607305
0 0.1984126984126984 0.7054794520547946 0.06825396825396825 0.0821917808219178
0 0.2714285714285714 0.3047945205479452 0.06507936507936508 0.0867579908675799
0 0.692063492063492 0.13356164383561644 0.03968253968253968 0.06621004566210045
0 0.7119047619047619 0.1643835616438356 0.046031746031746035 0.06164383561643835
0 0.8015873015873016 0.8242009132420092 0.05555555555555555 0.1004566210045662
0 0.8047619047619048 0.9531963470319634 0.044444444444444446 0.0502283105022831
1 0.22063492063492063 0.4474885844748858 0.09206349206349207 0.06621004566210045
1 0.4150793650793651 0.4018264840182648 0.05714285714285714 0.10273972602739725
1 0.6293650793650793 0.3070776255707763 0.08571428571428572 0.09817351598173515
1 0.7380952380952381 0.4178082191780822 0.05873015873015873 0.091324200913242
1 0.6722222222222223 0.9668949771689498 0.06031746031746032 0.045662100456621