0 0.23041044776119404 0.18154761904761904 0.07462686567164178 0.09821428571428571
0 0.4244402985074627 0.03869047619047619 0.0914179104477612 0.07738095238095238
0 0.47947761194029853 0.044642857142857144 0.09328358208955224 0.08928571428571429
0 0.7089552238805971 0.8720238095238095 0.0914179104477612 0.09821428571428571
0 0.17723880597014927 0.6726190476190477 0.08768656716417911 0.16071428571428573
1 0.12313432835820895 0.36160714285714285 0.08768656716417911 0.13690476190476192
1 0.26865671641791045 0.20386904761904762 0.08582089552238806 0.15476190476190477
1 0.3125 0.5044642857142857 0.0914179104477612 0.1488095238095238
1 0.18936567164179105 0.8779761904761905 0.08955223880597014 0.13988095238095238
1 0.7751865671641791 0.5357142857142857 0.1455223880597015 0.19940476190476192
1 0.6763059701492538 0.04017857142857143 0.10261194029850747 0.08035714285714286
1 0.7518656716417911 0.08928571428571429 0.07276119402985075 0.13392857142857142
1 0.835820895522388 0.3601190476190476 0.09328358208955224 0.17261904761904762
1 0.9263059701492538 0.49851190476190477 0.125 0.18452380952380953
1 0.9216417910447762 0.18898809523809523 0.0914179104477612 0.13988095238095238