0 0.8901006711409396 0.9769417475728155 0.07550335570469799 0.04611650485436893
0 0.8364093959731543 0.9745145631067961 0.09563758389261745 0.050970873786407765
0 0.665268456375839 0.9283980582524272 0.11073825503355705 0.0825242718446602
0 0.962248322147651 0.7002427184466019 0.05201342281879195 0.10922330097087378
0 0.8716442953020134 0.6432038834951457 0.07885906040268456 0.0970873786407767
1 0.9748322147651006 0.46116504854368934 0.050335570469798654 0.06310679611650485
1 0.9404362416107382 0.4538834951456311 0.06543624161073826 0.0825242718446602
1 0.8850671140939598 0.38228155339805825 0.07046979865771812 0.10194174757281553
1 0.8565436241610739 0.5521844660194175 0.06040268456375839 0.08737864077669903
1 0.7709731543624161 0.7099514563106796 0.09395973154362416 0.11165048543689321
1 0.9060402684563759 0.7742718446601942 0.06711409395973154 0.08980582524271845
1 0.9496644295302014 0.7657766990291263 0.04865771812080537 0.08737864077669903
1 0.7936241610738255 0.8580097087378641 0.09060402684563758 0.11407766990291263