0 0.7429378531073446 0.5163265306122449 0.08898305084745763 0.13673469387755102
0 0.632768361581921 0.16938775510204082 0.08192090395480225 0.1
0 0.6588983050847458 0.12755102040816327 0.07062146892655367 0.09795918367346938
0 0.20127118644067796 0.4153061224489796 0.07768361581920905 0.10612244897959183
0 0.509180790960452 0.5612244897959183 0.096045197740113 0.13877551020408163
0 0.4703389830508475 0.9275510204081633 0.0480225988700565 0.07551020408163266
0 0.2775423728813559 0.7020408163265306 0.06638418079096045 0.10204081632653061
0 0.5021186440677966 0.9714285714285714 0.05508474576271186 0.05714285714285714
1 0.7831920903954802 0.6285714285714286 0.06073446327683616 0.08571428571428572
1 0.7090395480225988 0.4418367346938776 0.07062146892655367 0.09795918367346938
1 0.452683615819209 0.04387755102040816 0.08333333333333333 0.08775510204081632
1 0.4385593220338983 0.5142857142857142 0.09463276836158192 0.14285714285714285
1 0.6687853107344632 0.7020408163265306 0.08757062146892655 0.1306122448979592
1 0.5451977401129944 0.7387755102040816 0.09463276836158192 0.14081632653061224
1 0.4385593220338983 0.8540816326530613 0.07203389830508475 0.10816326530612246
1 0.6419491525423728 0.9183673469387755 0.07344632768361582 0.10612244897959183