0 0.3708609271523179 0.05090497737556561 0.061258278145695365 0.058823529411764705
0 0.2889072847682119 0.7047511312217195 0.09105960264900662 0.1334841628959276
0 0.27483443708609273 0.8235294117647058 0.054635761589403975 0.09728506787330317
0 0.3120860927152318 0.9140271493212669 0.054635761589403975 0.08597285067873303
0 0.7880794701986755 0.8642533936651584 0.056291390728476824 0.07239819004524888
0 0.7889072847682119 0.8122171945701357 0.07119205298013245 0.06108597285067873
1 0.6084437086092715 0.057692307692307696 0.08443708609271523 0.11538461538461539
1 0.2185430463576159 0.3076923076923077 0.07450331125827815 0.11990950226244344
1 0.15314569536423842 0.6097285067873304 0.041390728476821195 0.08597285067873303
1 0.4288079470198676 0.8042986425339367 0.08609271523178808 0.10407239819004525
1 0.4519867549668874 0.8789592760180995 0.07781456953642384 0.10180995475113122
1 0.7350993377483444 0.7070135746606335 0.06622516556291391 0.09276018099547512