0 0.7246376811594203 0.15159574468085107 0.07065217391304347 0.10904255319148937
0 0.5289855072463768 0.15824468085106383 0.057971014492753624 0.09574468085106383
0 0.6268115942028986 0.3670212765957447 0.09601449275362318 0.11702127659574468
0 0.8786231884057971 0.42021276595744683 0.07065217391304347 0.10904255319148937
0 0.8478260869565217 0.5691489361702128 0.036231884057971016 0.0797872340425532
0 0.7155797101449275 0.7845744680851063 0.10507246376811594 0.1595744680851064
0 0.5969202898550725 0.7539893617021277 0.11775362318840579 0.1595744680851064
0 0.697463768115942 0.9667553191489362 0.06159420289855073 0.06648936170212766
0 0.41938405797101447 0.6702127659574468 0.125 0.1595744680851064
0 0.2572463768115942 0.5585106382978723 0.12681159420289856 0.18085106382978725
0 0.09873188405797101 0.7486702127659575 0.06884057971014493 0.07446808510638298
1 0.9057971014492754 0.2726063829787234 0.06702898550724638 0.09574468085106383
1 0.6032608695652174 0.10106382978723404 0.07427536231884058 0.11436170212765957
1 0.7228260869565217 0.2726063829787234 0.07246376811594203 0.12234042553191489
1 0.7481884057971014 0.5970744680851063 0.1068840579710145 0.15691489361702127
1 0.7527173913043478 0.848404255319149 0.05253623188405797 0.11436170212765957
1 0.2871376811594203 0.8816489361702128 0.07608695652173914 0.08244680851063829
1 0.5625 0.6183510638297872 0.10326086956521739 0.1276595744680851
1 0.5742753623188406 0.2579787234042553 0.07971014492753623 0.13297872340425532
1 0.5380434782608695 0.3537234042553192 0.10326086956521739 0.16489361702127658