0 0.18333333333333332 0.14631336405529954 0.07301587301587302 0.09907834101382489
0 0.46825396825396826 0.6601382488479263 0.10952380952380952 0.12442396313364056
0 0.7992063492063493 0.7960829493087558 0.10952380952380952 0.1497695852534562
0 0.7214285714285714 0.27764976958525345 0.1 0.1175115207373272
0 0.8515873015873016 0.15092165898617513 0.08095238095238096 0.0967741935483871
0 0.9174603174603174 0.4400921658986175 0.08571428571428572 0.09907834101382489
1 0.8579365079365079 0.059907834101382486 0.0746031746031746 0.0944700460829493
1 0.9253968253968254 0.22811059907834103 0.044444444444444446 0.11059907834101383
1 0.8777777777777778 0.3951612903225806 0.09206349206349207 0.08755760368663594
1 0.7563492063492063 0.5841013824884793 0.09206349206349207 0.10599078341013825
1 0.8873015873015873 0.4815668202764977 0.0873015873015873 0.1152073732718894
1 0.9912698412698413 0.4228110599078341 0.01746031746031746 0.04838709677419355
1 0.9587301587301588 0.4700460829493088 0.08253968253968254 0.10138248847926268
1 0.4507936507936508 0.988479262672811 0.11428571428571428 0.02304147465437788