0 0.10357142857142858 0.5219512195121951 0.08214285714285714 0.13414634146341464
0 0.15535714285714286 0.5597560975609757 0.0875 0.12439024390243902
0 0.4928571428571429 0.10975609756097561 0.09107142857142857 0.1048780487804878
0 0.5741071428571428 0.06097560975609756 0.08571428571428572 0.1
0 0.7973214285714286 0.698780487804878 0.09285714285714286 0.12682926829268293
0 0.5946428571428571 0.9317073170731708 0.13214285714285715 0.13658536585365855
0 0.5553571428571429 0.8182926829268292 0.12321428571428572 0.17073170731707318
1 0.026785714285714284 0.4036585365853659 0.05357142857142857 0.11951219512195121
1 0.11517857142857142 0.7902439024390244 0.10535714285714286 0.13170731707317074
1 0.16875 0.24390243902439024 0.0875 0.11219512195121951
1 0.5758928571428571 0.2780487804878049 0.09464285714285714 0.13170731707317074
1 0.6589285714285714 0.21829268292682927 0.09642857142857143 0.12926829268292683
1 0.91875 0.5341463414634147 0.08392857142857142 0.12195121951219512
1 0.725 0.6426829268292683 0.0875 0.12926829268292683
1 0.7580357142857143 0.7634146341463415 0.07321428571428572 0.10975609756097561