0 0.22761194029850745 0.08602150537634409 0.08022388059701492 0.11021505376344086
0 0.7080223880597015 0.09946236559139784 0.061567164179104475 0.08870967741935484
0 0.7332089552238806 0.15456989247311828 0.061567164179104475 0.07258064516129033
0 0.8246268656716418 0.706989247311828 0.05223880597014925 0.08602150537634409
0 0.7257462686567164 0.8024193548387096 0.03917910447761194 0.06720430107526881
1 0.11380597014925373 0.8333333333333334 0.07649253731343283 0.11290322580645161
1 0.07649253731343283 0.9583333333333334 0.06716417910447761 0.08333333333333333
1 0.5671641791044776 0.8118279569892473 0.061567164179104475 0.09946236559139784
1 0.6632462686567164 0.6841397849462365 0.06902985074626866 0.11021505376344086
1 0.7117537313432836 0.40591397849462363 0.0708955223880597 0.07795698924731183
1 0.47201492537313433 0.06854838709677419 0.07649253731343283 0.10483870967741936