0 0.09077380952380952 0.6077235772357723 0.09226190476190477 0.13617886178861788
0 0.15848214285714285 0.540650406504065 0.08482142857142858 0.11178861788617886
0 0.3794642857142857 0.16869918699186992 0.06696428571428571 0.11585365853658537
0 0.43080357142857145 0.09044715447154472 0.0625 0.10772357723577236
0 0.8147321428571429 0.2855691056910569 0.07738095238095238 0.10365853658536585
0 0.8214285714285714 0.3323170731707317 0.06845238095238096 0.08943089430894309
0 0.7998511904761905 0.40853658536585363 0.0625 0.07723577235772358
1 0.48735119047619047 0.266260162601626 0.08928571428571429 0.13008130081300814
1 0.5714285714285714 0.11178861788617886 0.07886904761904762 0.11382113821138211
1 0.6904761904761905 0.43089430894308944 0.09077380952380952 0.13821138211382114
1 0.7068452380952381 0.5630081300813008 0.08928571428571429 0.10772357723577236