0 0.6128246753246753 0.01455026455026455 0.08279220779220779 0.0291005291005291
0 0.24512987012987014 0.07936507936507936 0.07142857142857142 0.0873015873015873
0 0.3887987012987013 0.5859788359788359 0.06655844155844155 0.12169312169312169
0 0.609577922077922 0.5436507936507936 0.07305194805194805 0.16137566137566137
0 0.6103896103896104 0.6574074074074074 0.0698051948051948 0.10846560846560846
0 0.5844155844155844 0.7791005291005291 0.06818181818181818 0.09788359788359788
0 0.23295454545454544 0.794973544973545 0.05194805194805195 0.1111111111111111
0 0.3262987012987013 0.7711640211640212 0.07142857142857142 0.12169312169312169
1 0.5974025974025974 0.21296296296296297 0.07467532467532467 0.11375661375661375
1 0.21185064935064934 0.3134920634920635 0.0698051948051948 0.09788359788359788
1 0.7816558441558441 0.3941798941798942 0.048701298701298704 0.1349206349206349
1 0.7727272727272727 0.7195767195767195 0.0633116883116883 0.11904761904761904
1 0.8092532467532467 0.9007936507936508 0.056818181818181816 0.10582010582010581
1 0.6038961038961039 0.9695767195767195 0.0698051948051948 0.042328042328042326
1 0.525974025974026 0.9404761904761905 0.10064935064935066 0.11904761904761904