0 0.732089552238806 0.12755102040816327 0.06716417910447761 0.09795918367346938
0 0.8246268656716418 0.21020408163265306 0.09104477611940298 0.1306122448979592
0 0.8156716417910448 0.49489795918367346 0.07462686567164178 0.11020408163265306
0 0.7828358208955224 0.5775510204081633 0.09104477611940298 0.1346938775510204
0 0.6037313432835821 0.8408163265306122 0.08208955223880597 0.11224489795918367
0 0.5925373134328358 0.9030612244897959 0.049253731343283584 0.08775510204081632
0 0.5014925373134328 0.5244897959183673 0.1 0.1306122448979592
0 0.1791044776119403 0.8418367346938775 0.06865671641791045 0.06938775510204082
0 0.2126865671641791 0.5642857142857143 0.07462686567164178 0.09387755102040816
1 0.6507462686567164 0.13673469387755102 0.09402985074626866 0.12448979591836734
1 0.6447761194029851 0.21224489795918366 0.1 0.14489795918367346
1 0.7970149253731343 0.27346938775510204 0.09253731343283582 0.0836734693877551
1 0.6776119402985075 0.7571428571428571 0.07761194029850746 0.07959183673469387
1 0.5604477611940298 0.6581632653061225 0.06567164179104477 0.09183673469387756
1 0.4134328358208955 0.7765306122448979 0.08208955223880597 0.1
1 0.4791044776119403 0.8479591836734693 0.07014925373134329 0.09795918367346938
1 0.26940298507462684 0.3326530612244898 0.07611940298507462 0.08979591836734693
1 0.2656716417910448 0.673469387755102 0.08955223880597014 0.11224489795918367