0 0.6540247678018576 0.8288288288288288 0.08978328173374613 0.08558558558558559
0 0.7027863777089783 0.38400900900900903 0.08823529411764706 0.1373873873873874
0 0.38854489164086686 0.08783783783783784 0.09597523219814241 0.15315315315315314
0 0.41640866873065013 0.240990990990991 0.09287925696594428 0.14414414414414414
0 0.423374613003096 0.3141891891891892 0.1021671826625387 0.14189189189189189
0 0.4504643962848297 0.5011261261261262 0.07739938080495357 0.14189189189189189
0 0.18421052631578946 0.30518018018018017 0.08204334365325078 0.10810810810810811
0 0.19814241486068113 0.25225225225225223 0.10371517027863777 0.10810810810810811
0 0.28792569659442724 0.8704954954954955 0.08668730650154799 0.10135135135135136
1 0.23839009287925697 0.5788288288288288 0.07120743034055728 0.08108108108108109
1 0.32430340557275544 0.5754504504504504 0.06656346749226007 0.1036036036036036
1 0.33746130030959753 0.7849099099099099 0.0696594427244582 0.11711711711711711
1 0.5580495356037152 0.6351351351351351 0.07120743034055728 0.10810810810810811
1 0.6230650154798761 0.5168918918918919 0.07585139318885449 0.07882882882882883
1 0.6609907120743034 0.13626126126126126 0.06501547987616099 0.13288288288288289