0 0.12538461538461537 0.413677130044843 0.08153846153846153 0.10986547085201794
0 0.28 0.9125560538116592 0.06461538461538462 0.1031390134529148
0 0.30846153846153845 0.9708520179372198 0.06615384615384616 0.05829596412556054
0 0.2523076923076923 0.8587443946188341 0.06615384615384616 0.13452914798206278
0 0.31 0.945067264573991 0.06307692307692307 0.10762331838565023
0 0.3569230769230769 0.9753363228699552 0.07384615384615385 0.04932735426008968
0 0.7238461538461538 0.7197309417040358 0.10153846153846154 0.1547085201793722
0 0.7815384615384615 0.6804932735426009 0.10153846153846154 0.1681614349775785
0 0.7169230769230769 0.8632286995515696 0.07846153846153846 0.11883408071748879
1 0.2353846153846154 0.5369955156950673 0.0876923076923077 0.09417040358744394
1 0.1576923076923077 0.92152466367713 0.05384615384615385 0.09417040358744394
1 0.4107692307692308 0.7085201793721974 0.09692307692307692 0.15695067264573992
1 0.4492307692307692 0.8352017937219731 0.07076923076923076 0.10538116591928251
1 0.5115384615384615 0.9125560538116592 0.055384615384615386 0.09641255605381166
1 0.5438461538461539 0.9405829596412556 0.06461538461538462 0.11210762331838565
1 0.8207692307692308 0.2982062780269058 0.10307692307692308 0.15695067264573992
1 0.9715384615384616 0.6984304932735426 0.05692307692307692 0.11883408071748879