0 0.6354790419161677 0.37336244541484714 0.08233532934131736 0.11353711790393013
0 0.5351796407185628 0.37336244541484714 0.07634730538922156 0.14847161572052403
0 0.7634730538922155 0.7783842794759825 0.06287425149700598 0.10043668122270742
0 0.7148203592814372 0.767467248908297 0.04940119760479042 0.13100436681222707
0 0.7320359281437125 0.8624454148471615 0.08532934131736528 0.10262008733624454
0 0.7103293413173652 0.9432314410480349 0.0658682634730539 0.09388646288209607
0 0.48577844311377244 0.9213973799126638 0.0658682634730539 0.10698689956331878
0 0.17589820359281438 0.8504366812227074 0.08532934131736528 0.13537117903930132
0 0.1279940119760479 0.7467248908296943 0.08383233532934131 0.11353711790393013
0 0.03143712574850299 0.6626637554585153 0.06287425149700598 0.0982532751091703
1 0.6519461077844312 0.6124454148471615 0.08682634730538923 0.11572052401746726
1 0.5119760479041916 0.7008733624454149 0.0748502994011976 0.12445414847161572
1 0.5696107784431138 0.8253275109170306 0.0658682634730539 0.08296943231441048
1 0.5179640718562875 0.915938864628821 0.05538922155688623 0.0982532751091703
1 0.25 0.8417030567685589 0.07035928143712575 0.12663755458515283
1 0.36002994011976047 0.1703056768558952 0.08532934131736528 0.10262008733624454
1 0.49101796407185627 0.11572052401746726 0.09730538922155689 0.11135371179039301
1 0.1317365269461078 0.34497816593886466 0.08682634730538923 0.11135371179039301
1 0.05464071856287425 0.324235807860262 0.07784431137724551 0.09388646288209607