0 0.20238095238095238 0.13970588235294118 0.0663265306122449 0.09068627450980392
0 0.3435374149659864 0.13357843137254902 0.07142857142857142 0.1053921568627451
0 0.5450680272108843 0.14583333333333334 0.06802721088435375 0.09313725490196079
0 0.6581632653061225 0.16789215686274508 0.06802721088435375 0.07598039215686274
0 0.8477891156462585 0.1017156862745098 0.05272108843537415 0.09558823529411764
0 0.8664965986394558 0.13848039215686275 0.04591836734693878 0.0661764705882353
0 0.7925170068027211 0.6200980392156863 0.07482993197278912 0.09558823529411764
0 0.6471088435374149 0.8958333333333334 0.07993197278911565 0.11519607843137254
1 0.00935374149659864 0.17892156862745098 0.01870748299319728 0.08823529411764706
1 0.16581632653061223 0.29411764705882354 0.09183673469387756 0.12745098039215685
1 0.37329931972789115 0.10416666666666667 0.07312925170068027 0.12745098039215685
1 0.6173469387755102 0.4534313725490196 0.08673469387755102 0.1568627450980392
1 0.7465986394557823 0.2610294117647059 0.06462585034013606 0.09558823529411764
1 0.8869047619047619 0.8100490196078431 0.0782312925170068 0.08088235294117647
1 0.7933673469387755 0.7610294117647058 0.05782312925170068 0.09803921568627451