0 0.5012722646310432 0.46984924623115576 0.06743002544529263 0.10552763819095477
0 0.3244274809160305 0.49246231155778897 0.07506361323155217 0.09547738693467336
0 0.43702290076335876 0.2914572864321608 0.05089058524173028 0.08040201005025126
0 0.8517811704834606 0.6809045226130653 0.0737913486005089 0.14321608040201006
0 0.36259541984732824 0.7638190954773869 0.062340966921119595 0.12311557788944724
0 0.40903307888040713 0.8618090452261307 0.0737913486005089 0.11055276381909548
0 0.6183206106870229 0.800251256281407 0.0648854961832061 0.09798994974874371
0 0.21119592875318066 0.7839195979899497 0.058524173027989825 0.09296482412060302
1 0.910941475826972 0.5653266331658291 0.062340966921119595 0.1457286432160804
1 0.6335877862595419 0.059045226130653265 0.058524173027989825 0.11809045226130653
1 0.28944020356234096 0.4020100502512563 0.05343511450381679 0.10050251256281408
1 0.494910941475827 0.25 0.06615776081424936 0.09798994974874371
1 0.33651399491094147 0.9133165829145728 0.05343511450381679 0.11557788944723618
1 0.5133587786259542 0.6306532663316583 0.05979643765903308 0.08542713567839195
1 0.5693384223918575 0.6733668341708543 0.0737913486005089 0.15326633165829145
1 0.49300254452926207 0.5540201005025126 0.06743002544529263 0.1457286432160804
1 0.4344783715012723 0.9170854271356784 0.062340966921119595 0.07537688442211055