0 0.2590277777777778 0.8585164835164835 0.08888888888888889 0.1565934065934066
0 0.4888888888888889 0.3516483516483517 0.09583333333333334 0.14835164835164835
0 0.7875 0.19230769230769232 0.0625 0.09615384615384616
0 0.6979166666666666 0.3585164835164835 0.08055555555555556 0.13186813186813187
0 0.7270833333333333 0.5439560439560439 0.058333333333333334 0.12087912087912088
0 0.6701388888888888 0.6936813186813187 0.06527777777777778 0.1043956043956044
0 0.4618055555555556 0.9024725274725275 0.075 0.12912087912087913
0 0.85625 0.5041208791208791 0.06944444444444445 0.12912087912087913
1 0.7652777777777777 0.760989010989011 0.058333333333333334 0.11538461538461539
1 0.6784722222222223 0.8118131868131868 0.0625 0.14835164835164835
1 0.475 0.7197802197802198 0.06666666666666667 0.16758241758241757
1 0.5354166666666667 0.6002747252747253 0.0625 0.10714285714285714
1 0.5375 0.4739010989010989 0.05416666666666667 0.12637362637362637
1 0.64375 0.23076923076923078 0.06666666666666667 0.13736263736263737
1 0.29930555555555555 0.29120879120879123 0.06111111111111111 0.12087912087912088
1 0.26805555555555555 0.17582417582417584 0.06388888888888888 0.13186813186813187
1 0.11458333333333333 0.9505494505494505 0.059722222222222225 0.0989010989010989