0 0.7273550724637681 0.4442675159235669 0.06702898550724638 0.13694267515923567
0 0.7182971014492754 0.35987261146496813 0.07789855072463768 0.1178343949044586
0 0.6159420289855072 0.46496815286624205 0.08333333333333333 0.1337579617834395
0 0.4528985507246377 0.6735668789808917 0.06702898550724638 0.10828025477707007
0 0.3088768115942029 0.6719745222929936 0.06702898550724638 0.1464968152866242
0 0.25905797101449274 0.7277070063694268 0.08333333333333333 0.14012738853503184
1 0.654891304347826 0.6656050955414012 0.03985507246376811 0.1305732484076433
1 0.677536231884058 0.8487261146496815 0.06702898550724638 0.10509554140127389
1 0.542572463768116 0.0732484076433121 0.07065217391304347 0.10191082802547771
1 0.401268115942029 0.21496815286624205 0.057971014492753624 0.09554140127388536
1 0.3269927536231884 0.321656050955414 0.06159420289855073 0.08917197452229299