0 0.6461218836565097 0.041463414634146344 0.038781163434903045 0.05853658536585366
0 0.538781163434903 0.526829268292683 0.04293628808864266 0.0975609756097561
0 0.6842105263157895 0.3804878048780488 0.04986149584487535 0.08292682926829269
0 0.667590027700831 0.4378048780487805 0.05124653739612189 0.09268292682926829
0 0.27770083102493076 0.7414634146341463 0.05817174515235457 0.0951219512195122
0 0.5367036011080333 0.7378048780487805 0.054016620498614956 0.09268292682926829
1 0.5754847645429363 0.17926829268292682 0.045706371191135735 0.07804878048780488
1 0.6641274238227147 0.1597560975609756 0.038781163434903045 0.1024390243902439
1 0.5547091412742382 0.5890243902439024 0.045706371191135735 0.08536585365853659
1 0.3026315789473684 0.4195121951219512 0.04847645429362881 0.07073170731707316
1 0.5554016620498615 0.9865853658536585 0.04155124653739612 0.026829268292682926
1 0.5062326869806094 0.8817073170731707 0.04986149584487535 0.06829268292682927
1 0.4445983379501385 0.9341463414634147 0.055401662049861494 0.06829268292682927