0 0.5461346633416458 0.12438423645320197 0.06982543640897755 0.14285714285714285
0 0.47942643391521195 0.1206896551724138 0.08229426433915212 0.14039408866995073
0 0.3260598503740648 0.4876847290640394 0.07481296758104738 0.15270935960591134
0 0.41334164588528677 0.6502463054187192 0.07231920199501247 0.1477832512315271
0 0.6190773067331671 0.5394088669950738 0.0685785536159601 0.1330049261083744
0 0.29114713216957605 0.8411330049261084 0.06483790523690773 0.09113300492610837
1 0.4295511221945137 0.022167487684729065 0.06109725685785536 0.04433497536945813
1 0.39775561097256856 0.13793103448275862 0.0773067331670823 0.14285714285714285
1 0.41209476309226933 0.4211822660098522 0.07356608478802992 0.12807881773399016
1 0.4756857855361596 0.437192118226601 0.08104738154613467 0.13054187192118227
1 0.5723192019950125 0.6219211822660099 0.06109725685785536 0.14532019704433496
1 0.6527431421446384 0.27586206896551724 0.07481296758104738 0.13054187192118227
1 0.6134663341645885 0.9519704433497537 0.057356608478802994 0.0960591133004926