0 0.4046920821114369 0.9639175257731959 0.07917888563049853 0.07216494845360824
0 0.26392961876832843 0.7422680412371134 0.06598240469208211 0.14690721649484537
0 0.6048387096774194 0.5618556701030928 0.07624633431085044 0.13659793814432988
0 0.5791788856304986 0.4381443298969072 0.07038123167155426 0.13144329896907217
0 0.530791788856305 0.5103092783505154 0.07624633431085044 0.12628865979381443
1 0.5681818181818182 0.9561855670103093 0.054252199413489736 0.08762886597938144
1 0.31451612903225806 0.6907216494845361 0.09237536656891496 0.14690721649484537
1 0.23387096774193547 0.47551546391752575 0.08651026392961877 0.14175257731958762
1 0.6964809384164223 0.39819587628865977 0.06304985337243402 0.11855670103092783
1 0.49486803519061584 0.14175257731958762 0.051319648093841645 0.09020618556701031
1 0.44574780058651026 0.18814432989690721 0.07331378299120235 0.12371134020618557