0 0.7113180515759312 0.3371212121212121 0.07449856733524356 0.13636363636363635
0 0.7227793696275072 0.4444444444444444 0.06017191977077364 0.10353535353535354
0 0.7972779369627507 0.6830808080808081 0.06303724928366762 0.13131313131313133
0 0.4577363896848137 0.7196969696969697 0.08022922636103152 0.13383838383838384
0 0.579512893982808 0.5176767676767676 0.06446991404011461 0.12121212121212122
0 0.3173352435530086 0.3345959595959596 0.0659025787965616 0.12121212121212122
1 0.5709169054441261 0.10606060606060606 0.05730659025787966 0.11616161616161616
1 0.35959885386819485 0.5340909090909091 0.06017191977077364 0.11616161616161616
1 0.6726361031518625 0.7196969696969697 0.0659025787965616 0.10353535353535354
1 0.751432664756447 0.773989898989899 0.06160458452722063 0.10101010101010101
1 0.6189111747851003 0.8762626262626263 0.06160458452722063 0.11363636363636363
1 0.5351002865329513 0.9608585858585859 0.055873925501432664 0.07828282828282829