0 0.8497229916897507 0.5585365853658537 0.054016620498614956 0.11463414634146342
0 0.9148199445983379 0.30365853658536585 0.04016620498614958 0.07804878048780488
0 0.556786703601108 0.17560975609756097 0.05678670360110803 0.11219512195121951
0 0.35664819944598336 0.05 0.05263157894736842 0.09024390243902439
0 0.5117728531855956 0.25 0.04847645429362881 0.1
0 0.5041551246537396 0.651219512195122 0.05817174515235457 0.11463414634146342
0 0.15166204986149584 0.501219512195122 0.06786703601108034 0.1048780487804878
0 0.17659279778393353 0.17926829268292682 0.06509695290858726 0.1
0 0.3573407202216066 0.12439024390243902 0.060941828254847646 0.07073170731707316
1 0.34695290858725764 0.5914634146341463 0.04986149584487535 0.11463414634146342
1 0.27977839335180055 0.5658536585365853 0.04155124653739612 0.0951219512195122
1 0.1440443213296399 0.42073170731707316 0.06925207756232687 0.09024390243902439
1 0.2098337950138504 0.0475609756097561 0.054016620498614956 0.0951219512195122
1 0.33240997229916897 0.18658536585365854 0.054016620498614956 0.11951219512195121
1 0.5152354570637119 0.14878048780487804 0.04986149584487535 0.12195121951219512
1 0.7375346260387812 0.22439024390243903 0.054016620498614956 0.1024390243902439
1 0.7735457063711911 0.2975609756097561 0.04847645429362881 0.1048780487804878
1 0.9148199445983379 0.375609756097561 0.08587257617728532 0.08780487804878048