0 0.5131172839506173 0.739329268292683 0.07253086419753087 0.14939024390243902
0 0.44598765432098764 0.6814024390243902 0.08487654320987655 0.16158536585365854
0 0.32021604938271603 0.7423780487804879 0.08179012345679013 0.15548780487804878
0 0.36496913580246915 0.07621951219512195 0.07561728395061729 0.1524390243902439
0 0.6111111111111112 0.3048780487804878 0.07561728395061729 0.14634146341463414
0 0.566358024691358 0.3780487804878049 0.07561728395061729 0.15548780487804878
1 0.6365740740740741 0.8628048780487805 0.06944444444444445 0.14329268292682926
1 0.3896604938271605 0.32926829268292684 0.08641975308641975 0.16463414634146342
1 0.25308641975308643 0.5015243902439024 0.08641975308641975 0.16463414634146342
1 0.6033950617283951 0.42378048780487804 0.07253086419753087 0.1524390243902439
1 0.41435185185185186 0.14786585365853658 0.08950617283950617 0.17682926829268292
1 0.4675925925925926 0.05945121951219512 0.08333333333333333 0.11890243902439024
1 0.4012345679012346 0.027439024390243903 0.08333333333333333 0.054878048780487805
1 0.6242283950617284 0.13719512195121952 0.07407407407407407 0.15548780487804878