0 0.36610169491525424 0.8338926174496645 0.07288135593220339 0.13087248322147652
0 0.5177966101694915 0.1929530201342282 0.06440677966101695 0.1174496644295302
0 0.5271186440677966 0.2902684563758389 0.06440677966101695 0.12080536912751678
0 0.5627118644067797 0.7667785234899329 0.06779661016949153 0.17114093959731544
0 0.9847457627118644 0.5956375838926175 0.030508474576271188 0.1342281879194631
0 0.7838983050847458 0.8942953020134228 0.08305084745762711 0.14429530201342283
1 0.8254237288135593 0.4714765100671141 0.06440677966101695 0.14429530201342283
1 0.7533898305084745 0.5302013422818792 0.09491525423728814 0.12751677852348994
1 0.6915254237288135 0.43456375838926176 0.05084745762711865 0.15100671140939598
1 0.5567796610169492 0.5704697986577181 0.09152542372881356 0.087248322147651
1 0.31101694915254235 0.053691275167785234 0.05423728813559322 0.10738255033557047
1 0.9686440677966102 0.988255033557047 0.025423728813559324 0.02348993288590604