0 0.35262345679012347 0.24728260869565216 0.047839506172839504 0.11141304347826086
0 0.24074074074074073 0.5217391304347826 0.043209876543209874 0.10054347826086957
0 0.2353395061728395 0.8288043478260869 0.023148148148148147 0.10054347826086957
0 0.3873456790123457 0.6195652173913043 0.05246913580246913 0.125
0 0.5470679012345679 0.6331521739130435 0.05555555555555555 0.10597826086956522
0 0.6381172839506173 0.31929347826086957 0.037037037037037035 0.11956521739130435
0 0.6527777777777778 0.23505434782608695 0.043209876543209874 0.08967391304347826
1 0.5200617283950617 0.41847826086956524 0.046296296296296294 0.1358695652173913
1 0.23765432098765432 0.4048913043478261 0.05246913580246913 0.08695652173913043
1 0.28703703703703703 0.875 0.05401234567901234 0.07880434782608696
1 0.44753086419753085 0.9130434782608695 0.05246913580246913 0.08695652173913043
1 0.36574074074074076 0.970108695652174 0.05864197530864197 0.059782608695652176
1 0.49228395061728397 0.8355978260869565 0.06481481481481481 0.08152173913043478
1 0.5532407407407407 0.9538043478260869 0.046296296296296294 0.08152173913043478