0 0.45482866043613707 0.5122699386503068 0.08411214953271028 0.15337423312883436
0 0.57398753894081 0.4110429447852761 0.08566978193146417 0.16257668711656442
0 0.8777258566978193 0.17331288343558282 0.07320872274143302 0.1411042944785276
0 0.8559190031152648 0.3128834355828221 0.08099688473520249 0.1656441717791411
0 0.9096573208722741 0.3343558282208589 0.0778816199376947 0.15030674846625766
0 0.9540498442367601 0.29754601226993865 0.0778816199376947 0.1441717791411043
0 0.9384735202492211 0.4325153374233129 0.08255451713395638 0.1441717791411043
1 0.45638629283489096 0.7714723926380368 0.08566978193146417 0.15644171779141106
1 0.7157320872274143 0.3067484662576687 0.07476635514018691 0.147239263803681
1 0.7725856697819314 0.26226993865030673 0.07320872274143302 0.1411042944785276
1 0.7663551401869159 0.5260736196319018 0.08722741433021806 0.1687116564417178
1 0.8419003115264797 0.5245398773006135 0.08255451713395638 0.15337423312883436
1 0.9867601246105919 0.49233128834355827 0.0264797507788162 0.1196319018404908