0 0.22530864197530864 0.32682926829268294 0.044444444444444446 0.08536585365853659
0 0.5648148148148148 0.47073170731707314 0.05185185185185185 0.08536585365853659
0 0.5734567901234567 0.3829268292682927 0.04814814814814815 0.07073170731707316
0 0.42345679012345677 0.4695121951219512 0.06296296296296296 0.09268292682926829
0 0.3851851851851852 0.8341463414634146 0.05185185185185185 0.1024390243902439
0 0.1808641975308642 0.7329268292682927 0.04814814814814815 0.1048780487804878
0 0.3117283950617284 0.4329268292682927 0.050617283950617285 0.1
0 0.36604938271604937 0.4 0.04814814814814815 0.1
0 0.5882716049382716 0.5536585365853659 0.050617283950617285 0.10975609756097561
1 0.32469135802469135 0.8256097560975609 0.05185185185185185 0.1048780487804878
1 0.5753086419753086 0.8060975609756098 0.05555555555555555 0.12195121951219512
1 0.4506172839506173 0.7012195121951219 0.05432098765432099 0.12439024390243902
1 0.37962962962962965 0.7378048780487805 0.06049382716049383 0.11463414634146342
1 0.3135802469135803 0.6914634146341463 0.06419753086419754 0.1
1 0.24444444444444444 0.6853658536585366 0.06172839506172839 0.1024390243902439
1 0.34074074074074073 0.3353658536585366 0.06049382716049383 0.11951219512195121
1 0.4191358024691358 0.36585365853658536 0.056790123456790124 0.0951219512195122
1 0.5530864197530864 0.1353658536585366 0.05432098765432099 0.08536585365853659