0 0.4192200557103064 0.8174019607843137 0.05988857938718663 0.13480392156862744
0 0.3788300835654596 0.8014705882352942 0.052924791086350974 0.07107843137254902
0 0.28064066852367686 0.7071078431372549 0.04456824512534819 0.09313725490196079
0 0.27715877437325903 0.5306372549019608 0.057103064066852366 0.09313725490196079
0 0.6058495821727019 0.7708333333333334 0.0584958217270195 0.1053921568627451
0 0.479108635097493 0.4338235294117647 0.055710306406685235 0.11764705882352941
0 0.616991643454039 0.05514705882352941 0.04178272980501393 0.0661764705882353
1 0.314066852367688 0.18504901960784315 0.06963788300835655 0.11764705882352941
1 0.5550139275766016 0.2916666666666667 0.06824512534818941 0.08088235294117647
1 0.6044568245125348 0.44362745098039214 0.04178272980501393 0.11764705882352941
1 0.42409470752089135 0.5012254901960784 0.06406685236768803 0.08333333333333333
1 0.36629526462395545 0.4264705882352941 0.06267409470752089 0.0857843137254902