0 0.31830601092896177 0.19951923076923078 0.06147540983606557 0.11538461538461539
0 0.27527322404371585 0.19831730769230768 0.06693989071038252 0.11298076923076923
0 0.319672131147541 0.29927884615384615 0.06830601092896176 0.09134615384615384
0 0.46311475409836067 0.46274038461538464 0.05737704918032787 0.08653846153846154
0 0.17281420765027322 0.7415865384615384 0.04371584699453552 0.0985576923076923
0 0.5006830601092896 0.6490384615384616 0.05191256830601093 0.0889423076923077
0 0.5758196721311475 0.8461538461538461 0.056010928961748634 0.0889423076923077
1 0.4801912568306011 0.15504807692307693 0.05191256830601093 0.09615384615384616
1 0.40846994535519127 0.2283653846153846 0.07513661202185792 0.10336538461538461
1 0.10997267759562841 0.31009615384615385 0.04781420765027322 0.10096153846153846
1 0.18579234972677597 0.5 0.045081967213114756 0.10576923076923077
1 0.27937158469945356 0.6358173076923077 0.050546448087431695 0.09615384615384616
1 0.34289617486338797 0.7151442307692307 0.05191256830601093 0.10096153846153846
1 0.657103825136612 0.7644230769230769 0.03961748633879782 0.07451923076923077
1 0.5491803278688525 0.6574519230769231 0.05327868852459016 0.07932692307692307