0 0.5382462686567164 0.16282894736842105 0.08208955223880597 0.1118421052631579
0 0.2789179104477612 0.14967105263157895 0.08955223880597014 0.125
0 0.2332089552238806 0.48026315789473684 0.07649253731343283 0.12828947368421054
0 0.42350746268656714 0.743421052631579 0.08582089552238806 0.09210526315789473
0 0.4766791044776119 0.7927631578947368 0.06529850746268656 0.09868421052631579
1 0.6735074626865671 0.7976973684210527 0.061567164179104475 0.10855263157894737
1 0.3843283582089552 0.47368421052631576 0.09701492537313433 0.1118421052631579
1 0.06716417910447761 0.20723684210526316 0.06343283582089553 0.11842105263157894
1 0.049440298507462684 0.044407894736842105 0.04291044776119403 0.08881578947368421
1 0.10914179104477612 0.3190789473684211 0.061567164179104475 0.14473684210526316
1 0.02332089552238806 0.41776315789473684 0.04664179104477612 0.10526315789473684