0 0.2731164383561644 0.17905405405405406 0.08732876712328767 0.13513513513513514
0 0.4434931506849315 0.17398648648648649 0.07363013698630137 0.13175675675675674
0 0.5333904109589042 0.26013513513513514 0.08904109589041095 0.15878378378378377
0 0.24486301369863014 0.42905405405405406 0.0839041095890411 0.13513513513513514
0 0.1780821917808219 0.36317567567567566 0.0821917808219178 0.14864864864864866
0 0.1327054794520548 0.9290540540540541 0.08732876712328767 0.14189189189189189
0 0.2816780821917808 0.9290540540540541 0.10102739726027397 0.14189189189189189
0 0.3287671232876712 0.8023648648648649 0.09075342465753425 0.15202702702702703
0 0.4443493150684932 0.24155405405405406 0.0839041095890411 0.15878378378378377
1 0.10017123287671233 0.5287162162162162 0.10616438356164383 0.1858108108108108
1 0.19263698630136986 0.8293918918918919 0.0821917808219178 0.13851351351351351
1 0.22003424657534246 0.9476351351351351 0.0976027397260274 0.10472972972972973
1 0.5496575342465754 0.7297297297297297 0.0958904109589041 0.1891891891891892
1 0.511986301369863 0.543918918918919 0.11472602739726027 0.22972972972972974
1 0.3458904109589041 0.5253378378378378 0.10787671232876712 0.22297297297297297
1 0.2688356164383562 0.8125 0.08561643835616438 0.16891891891891891
1 0.0547945205479452 0.31756756756756754 0.09417808219178082 0.11486486486486487
1 0.23972602739726026 0.2905405405405405 0.09246575342465753 0.1858108108108108