0 0.4466216216216216 0.9607142857142857 0.060810810810810814 0.07857142857142857
0 0.2114864864864865 0.65 0.06351351351351352 0.12142857142857143
0 0.22162162162162163 0.5952380952380952 0.04864864864864865 0.09285714285714286
0 0.2641891891891892 0.611904761904762 0.05405405405405406 0.11904761904761904
0 0.37635135135135134 0.4119047619047619 0.062162162162162166 0.13095238095238096
0 0.5966216216216216 0.5571428571428572 0.07837837837837838 0.13095238095238096
0 0.6412162162162162 0.5797619047619048 0.05810810810810811 0.09047619047619047
1 0.7033783783783784 0.45357142857142857 0.062162162162162166 0.1
1 0.5074324324324324 0.7892857142857143 0.06756756756756757 0.10714285714285714
1 0.3222972972972973 0.3761904761904762 0.062162162162162166 0.10476190476190476
1 0.29662162162162165 0.6892857142857143 0.060810810810810814 0.1