0 0.31046195652173914 0.31220095693779903 0.05570652173913043 0.10287081339712918
0 0.5944293478260869 0.36363636363636365 0.06929347826086957 0.11722488038277512
0 0.5706521739130435 0.7691387559808612 0.08016304347826086 0.1339712918660287
0 0.623641304347826 0.7583732057416268 0.05434782608695652 0.10047846889952153
1 0.24660326086956522 0.5980861244019139 0.058423913043478264 0.09808612440191387
1 0.3389945652173913 0.22488038277511962 0.05298913043478261 0.0861244019138756
1 0.46467391304347827 0.26913875598086123 0.06114130434782609 0.11483253588516747
1 0.499320652173913 0.5 0.7758152173913043 1
1 0.5822010869565217 0.10406698564593302 0.05298913043478261 0.08373205741626795
1 0.6059782608695652 0.20454545454545456 0.05434782608695652 0.08851674641148326
1 0.6936141304347826 0.15311004784688995 0.04755434782608696 0.08133971291866028
1 0.5597826086956522 0.4988038277511962 0.06385869565217392 0.12679425837320574
1 0.5339673913043478 0.9521531100478469 0.05434782608695652 0.09569377990430622