0 0.4843358395989975 0.504950495049505 0.07393483709273183 0.14603960396039603
0 0.7493734335839599 0.3069306930693069 0.07644110275689223 0.1608910891089109
0 0.43358395989974935 0.5457920792079208 0.07393483709273183 0.1485148514851485
0 0.42857142857142855 0.21163366336633663 0.05513784461152882 0.1188118811881188
0 0.33145363408521306 0.4430693069306931 0.06140350877192982 0.11633663366336634
0 0.30388471177944865 0.5754950495049505 0.07017543859649122 0.14603960396039603
1 0.6604010025062657 0.5693069306930693 0.08395989974937343 0.15841584158415842
1 0.4830827067669173 0.13985148514851486 0.07142857142857142 0.13366336633663367
1 0.37719298245614036 0.47029702970297027 0.07518796992481203 0.14356435643564355
1 0.37155388471177947 0.6806930693069307 0.06390977443609022 0.12871287128712872
1 0.39348370927318294 0.9121287128712872 0.07017543859649122 0.12128712871287128
1 0.23057644110275688 0.7227722772277227 0.06641604010025062 0.11633663366336634
1 0.5983709273182958 0.7042079207920792 0.08395989974937343 0.15594059405940594