0 0.5143229166666666 0.06829896907216494 0.0546875 0.13659793814432988
0 0.484375 0.16108247422680413 0.05078125 0.11855670103092783
0 0.4225260416666667 0.11469072164948453 0.0546875 0.12628865979381443
0 0.373046875 0.19974226804123713 0.057291666666666664 0.13144329896907217
0 0.3450520833333333 0.6881443298969072 0.0625 0.13917525773195877
1 0.4680989583333333 0.44329896907216493 0.08072916666666667 0.13402061855670103
1 0.4069010416666667 0.5154639175257731 0.06510416666666667 0.10309278350515463
1 0.3111979166666667 0.2847938144329897 0.061197916666666664 0.10309278350515463
1 0.2942708333333333 0.12371134020618557 0.07161458333333333 0.11855670103092783
1 0.6002604166666666 0.327319587628866 0.06510416666666667 0.11082474226804123
1 0.7369791666666666 0.7461340206185567 0.049479166666666664 0.0979381443298969