0 0.7704225352112676 0.10767326732673267 0.06338028169014084 0.10148514851485149
0 0.7169014084507043 0.09653465346534654 0.0647887323943662 0.11386138613861387
0 0.5119718309859155 0.6683168316831684 0.056338028169014086 0.09653465346534654
0 0.46901408450704224 0.275990099009901 0.056338028169014086 0.08663366336633663
0 0.2936619718309859 0.1150990099009901 0.054929577464788736 0.09653465346534654
0 0.24014084507042255 0.1150990099009901 0.05352112676056338 0.09653465346534654
0 0.3183098591549296 0.1844059405940594 0.057746478873239436 0.07673267326732673
0 0.18309859154929578 0.6126237623762376 0.0647887323943662 0.08168316831683169
1 0.8183098591549296 0.3997524752475248 0.09577464788732394 0.07920792079207921
1 0.6366197183098592 0.42326732673267325 0.08873239436619719 0.08168316831683169
1 0.35070422535211265 0.6608910891089109 0.05070422535211268 0.11386138613861387
1 0.643661971830986 0.8391089108910891 0.04929577464788732 0.08168316831683169
1 0.46267605633802816 0.14232673267326731 0.04366197183098591 0.12128712871287128
1 0.28450704225352114 0.2747524752475248 0.04929577464788732 0.10891089108910891
1 0.1387323943661972 0.28094059405940597 0.05211267605633803 0.12623762376237624
1 0.07183098591549296 0.19183168316831684 0.04084507042253521 0.11138613861386139
1 0.09929577464788733 0.41089108910891087 0.07183098591549296 0.08415841584158416