0 0.7996575342465754 0.875 0.09417808219178082 0.14189189189189189
0 0.648972602739726 0.3885135135135135 0.09246575342465753 0.17905405405405406
0 0.3715753424657534 0.581081081081081 0.07705479452054795 0.15202702702702703
0 0.2106164383561644 0.8158783783783784 0.08561643835616438 0.15878378378378377
0 0.2071917808219178 0.46959459459459457 0.07876712328767123 0.17567567567567569
0 0.5967465753424658 0.08277027027027027 0.07705479452054795 0.12837837837837837
0 0.526541095890411 0.06925675675675676 0.09417808219178082 0.13851351351351351
1 0.877568493150685 0.5050675675675675 0.0976027397260274 0.13175675675675674
1 0.5693493150684932 0.26182432432432434 0.06335616438356165 0.17905405405405406
1 0.4623287671232877 0.2922297297297297 0.08047945205479452 0.12837837837837837
1 0.3818493150684932 0.03885135135135135 0.0684931506849315 0.0777027027027027
1 0.2285958904109589 0.08783783783783784 0.11472602739726027 0.16554054054054054
1 0.3441780821917808 0.36655405405405406 0.11301369863013698 0.14527027027027026
1 0.3621575342465753 0.9172297297297297 0.11643835616438356 0.11148648648648649