0 0.1711864406779661 0.6124161073825504 0.06271186440677966 0.12080536912751678
0 0.5940677966101695 0.337248322147651 0.07966101694915254 0.13758389261744966
0 0.5644067796610169 0.5218120805369127 0.07627118644067797 0.13758389261744966
0 0.6177966101694915 0.6929530201342282 0.09152542372881356 0.18456375838926176
0 0.4711864406779661 0.9848993288590604 0.06779661016949153 0.030201342281879196
0 0.5338983050847458 0.6610738255033557 0.0711864406779661 0.13087248322147652
0 0.3347457627118644 0.7265100671140939 0.07966101694915254 0.13758389261744966
0 0.18305084745762712 0.7265100671140939 0.06610169491525424 0.12080536912751678
1 0.2923728813559322 0.4312080536912752 0.0711864406779661 0.14429530201342283
1 0.47372881355932206 0.1929530201342282 0.0711864406779661 0.12751677852348994
1 0.4279661016949153 0.4278523489932886 0.07796610169491526 0.15771812080536912
1 0.7254237288135593 0.5956375838926175 0.0847457627118644 0.17785234899328858
1 0.7822033898305085 0.7248322147651006 0.07627118644067797 0.1610738255033557
1 0.6449152542372881 0.8624161073825504 0.08305084745762711 0.15100671140939598
1 0.4449152542372881 0.9261744966442953 0.07796610169491526 0.14093959731543623
1 0.3847457627118644 0.8322147651006712 0.08644067796610169 0.14429530201342283
1 0.2771186440677966 0.8993288590604027 0.08644067796610169 0.14429530201342283
1 0.21949152542372882 0.9614093959731543 0.07966101694915254 0.07718120805369127