0 0.31695156695156695 0.2075 0.04131054131054131 0.0875
0 0.29914529914529914 0.38375 0.04700854700854701 0.075
0 0.6901709401709402 0.4625 0.05555555555555555 0.09
0 0.6125356125356125 0.90375 0.04700854700854701 0.09
0 0.5804843304843305 0.945 0.0584045584045584 0.11
1 0.3575498575498576 0.15 0.06125356125356125 0.0725
1 0.41951566951566954 0.27 0.06267806267806268 0.085
1 0.37464387464387466 0.50875 0.0698005698005698 0.095
1 0.29914529914529914 0.73625 0.06695156695156695 0.075
1 0.6068376068376068 0.60625 0.04700854700854701 0.0725
1 0.7314814814814815 0.2 0.04131054131054131 0.075