0 0.29603399433427763 0.7126865671641791 0.043909348441926344 0.09203980099502487
0 0.2896600566572238 0.804726368159204 0.04815864022662889 0.07711442786069651
0 0.3356940509915014 0.7885572139303483 0.05099150141643059 0.08955223880597014
0 0.4915014164305949 0.5161691542288557 0.039660056657223795 0.1318407960199005
0 0.5347025495750708 0.5945273631840796 0.06657223796033994 0.1044776119402985
0 0.6062322946175638 0.4937810945273632 0.0453257790368272 0.11194029850746269
1 0.3342776203966006 0.5509950248756219 0.031161473087818695 0.11940298507462686
1 0.3052407932011331 0.4129353233830846 0.04815864022662889 0.06467661691542288
1 0.4490084985835694 0.9713930348258707 0.039660056657223795 0.05721393034825871
1 0.5417847025495751 0.7885572139303483 0.049575070821529746 0.09203980099502487
1 0.6026912181303116 0.7810945273631841 0.043909348441926344 0.0845771144278607
1 0.6947592067988668 0.24129353233830847 0.046742209631728045 0.09203980099502487