0 0.2537974683544304 0.86 0.06962025316455696 0.125
0 0.20253164556962025 0.71875 0.0620253164556962 0.1275
0 0.35822784810126584 0.975 0.06835443037974684 0.05
0 0.7189873417721518 0.6425 0.06455696202531645 0.1175
0 0.6784810126582278 0.7025 0.060759493670886074 0.1225
0 0.8221518987341773 0.49 0.0759493670886076 0.1425
0 0.8329113924050633 0.41 0.06582278481012659 0.14
0 0.4481012658227848 0.175 0.05822784810126582 0.105
1 0.4981012658227848 0.8925 0.07974683544303797 0.1725
1 0.5158227848101266 0.8525 0.06329113924050633 0.1425
1 0.2740506329113924 0.51625 0.0670886075949367 0.145
1 0.5607594936708861 0.33125 0.07341772151898734 0.12
1 0.5588607594936709 0.53625 0.07215189873417721 0.1275
1 0.6253164556962025 0.26 0.07721518987341772 0.1375
1 0.8620253164556962 0.15125 0.0949367088607595 0.16