0 0.8196378830083565 0.3713235294117647 0.06267409470752089 0.1053921568627451
0 0.44707520891364905 0.03431372549019608 0.0584958217270195 0.06862745098039216
0 0.3920612813370474 0.012254901960784314 0.06267409470752089 0.024509803921568627
0 0.30362116991643456 0.29534313725490197 0.07242339832869081 0.11519607843137254
0 0.1977715877437326 0.2855392156862745 0.06685236768802229 0.11029411764705882
0 0.30013927576601673 0.38357843137254904 0.07242339832869081 0.12254901960784313
0 0.43245125348189417 0.625 0.07242339832869081 0.11274509803921569
0 0.45473537604456826 0.7990196078431373 0.06406685236768803 0.10784313725490197
1 0.6114206128133705 0.23039215686274508 0.06545961002785515 0.12745098039215685
1 0.5877437325905293 0.1642156862745098 0.06406685236768803 0.12254901960784313
1 0.14345403899721448 0.03308823529411765 0.06128133704735376 0.0661764705882353
1 0.2785515320334262 0.025735294117647058 0.0584958217270195 0.051470588235294115
1 0.14763231197771587 0.3799019607843137 0.057103064066852366 0.10294117647058823
1 0.5543175487465181 0.7818627450980392 0.05153203342618384 0.09313725490196079
1 0.5647632311977716 0.8823529411764706 0.04596100278551532 0.08333333333333333