0 0.8027950310559007 0.546448087431694 0.06677018633540373 0.11748633879781421
0 0.7694099378881988 0.575136612021858 0.07763975155279502 0.13387978142076504
0 0.6063664596273292 0.383879781420765 0.07608695652173914 0.1448087431693989
0 0.3765527950310559 0.605191256830601 0.07608695652173914 0.13934426229508196
1 0.29037267080745344 0.15710382513661203 0.049689440993788817 0.06830601092896176
1 0.3454968944099379 0.23224043715846995 0.07763975155279502 0.1557377049180328
1 0.5590062111801242 0.23633879781420766 0.07919254658385093 0.1284153005464481
1 0.6583850931677019 0.31693989071038253 0.07453416149068323 0.12295081967213115
1 0.734472049689441 0.6598360655737705 0.07763975155279502 0.12568306010928962
1 0.7305900621118012 0.8155737704918032 0.06055900621118013 0.08196721311475409
1 0.49922360248447206 0.8319672131147541 0.07919254658385093 0.12568306010928962