0 0.3555363321799308 0.7414383561643836 0.09515570934256055 0.1815068493150685
0 0.7179930795847751 0.7893835616438356 0.08304498269896193 0.1678082191780822
0 0.5536332179930796 0.3065068493150685 0.09169550173010381 0.1917808219178082
0 0.45501730103806226 0.2071917808219178 0.10034602076124567 0.17123287671232876
0 0.3685121107266436 0.2636986301369863 0.11418685121107267 0.2054794520547945
1 0.6262975778546713 0.2705479452054795 0.09169550173010381 0.17465753424657535
1 0.6081314878892734 0.7585616438356164 0.10380622837370242 0.1917808219178082
1 0.532871972318339 0.6643835616438356 0.07612456747404844 0.1506849315068493
1 0.45588235294117646 0.6952054794520548 0.0986159169550173 0.1780821917808219
1 0.25432525951557095 0.3493150684931507 0.09342560553633218 0.16095890410958905
1 0.5674740484429066 0.07363013698630137 0.09688581314878893 0.14726027397260275