0 0.5131964809384164 0.17525773195876287 0.07771260997067449 0.12886597938144329
0 0.7133431085043989 0.37371134020618557 0.06158357771260997 0.1211340206185567
0 0.7529325513196481 0.2860824742268041 0.07624633431085044 0.11855670103092783
0 0.8673020527859238 0.6365979381443299 0.06598240469208211 0.11082474226804123
0 0.8328445747800587 0.720360824742268 0.06744868035190615 0.1211340206185567
0 0.7661290322580645 0.8028350515463918 0.06744868035190615 0.14432989690721648
0 0.35117302052785926 0.6224226804123711 0.054252199413489736 0.1056701030927835
0 0.37390029325513197 0.7474226804123711 0.06451612903225806 0.12628865979381443
0 0.5667155425219942 0.6237113402061856 0.0747800586510264 0.13144329896907217
1 0.8914956011730205 0.375 0.06744868035190615 0.1056701030927835
1 0.5953079178885631 0.13402061855670103 0.06158357771260997 0.11082474226804123
1 0.3519061583577713 0.029639175257731958 0.05865102639296188 0.059278350515463915
1 0.8057184750733137 0.5631443298969072 0.06598240469208211 0.09536082474226804
1 0.7118768328445748 0.5682989690721649 0.05865102639296188 0.11855670103092783
1 0.658357771260997 0.6314432989690721 0.054252199413489736 0.10824742268041238
1 0.7001466275659824 0.7963917525773195 0.04838709677419355 0.09278350515463918
1 0.5183284457478006 0.6623711340206185 0.05865102639296188 0.1056701030927835
1 0.25146627565982405 0.6610824742268041 0.060117302052785926 0.1056701030927835