0 0.5623229461756374 0.9357541899441341 0.07932011331444759 0.12849162011173185
0 0.6451841359773371 0.6103351955307262 0.05807365439093484 0.15363128491620112
0 0.6331444759206799 0.16620111731843576 0.059490084985835696 0.14804469273743018
0 0.49575070821529743 0.025139664804469275 0.06515580736543909 0.05027932960893855
1 0.40722379603399433 0.030726256983240222 0.07507082152974505 0.061452513966480445
1 0.4830028328611898 0.29329608938547486 0.06940509915014165 0.1340782122905028
1 0.4128895184135977 0.47067039106145253 0.05807365439093484 0.17318435754189945
1 0.2386685552407932 0.6717877094972067 0.03541076487252125 0.09497206703910614
1 0.6983002832861189 0.18156424581005587 0.06373937677053824 0.13687150837988826
1 0.5771954674220963 0.520949720670391 0.07223796033994334 0.13966480446927373
1 0.5417847025495751 0.3477653631284916 0.056657223796033995 0.1340782122905028