0 0.2099236641221374 0.6796482412060302 0.06361323155216285 0.13316582914572864
0 0.4904580152671756 0.6118090452261307 0.06997455470737914 0.12562814070351758
0 0.41857506361323155 0.7625628140703518 0.06361323155216285 0.12814070351758794
0 0.4510178117048346 0.8316582914572864 0.05979643765903308 0.10301507537688442
0 0.5922391857506362 0.6494974874371859 0.07124681933842239 0.12814070351758794
0 0.6940203562340967 0.45979899497487436 0.061068702290076333 0.12060301507537688
0 0.4440203562340967 0.23869346733668342 0.07124681933842239 0.12060301507537688
0 0.522264631043257 0.18467336683417085 0.054707379134860054 0.09798994974874371
1 0.3237913486005089 0.4585427135678392 0.061068702290076333 0.12060301507537688
1 0.34541984732824427 0.507537688442211 0.07760814249363868 0.1306532663316583
1 0.29389312977099236 0.9535175879396985 0.058524173027989825 0.09296482412060302
1 0.4624681933842239 0.9384422110552764 0.04961832061068702 0.10804020100502512
1 0.5279898218829516 0.38944723618090454 0.06997455470737914 0.10552763819095477
1 0.4287531806615776 0.4723618090452261 0.061068702290076333 0.12814070351758794
1 0.6310432569974554 0.022613065326633167 0.05597964376590331 0.04522613065326633
1 0.5585241730279898 0.020100502512562814 0.05343511450381679 0.04020100502512563