0 0.548941798941799 0.07853403141361257 0.07936507936507936 0.15706806282722513
0 0.6527777777777778 0.17539267015706805 0.07142857142857142 0.1518324607329843
0 0.6541005291005291 0.6819371727748691 0.07407407407407407 0.1649214659685864
0 0.4656084656084656 0.4293193717277487 0.06349206349206349 0.1544502617801047
0 0.4537037037037037 0.6596858638743456 0.0701058201058201 0.1649214659685864
0 0.6044973544973545 0.8664921465968587 0.06084656084656084 0.1387434554973822
1 0.546957671957672 0.42277486910994766 0.08068783068783068 0.14921465968586387
1 0.25595238095238093 0.6963350785340314 0.05291005291005291 0.1256544502617801
1 0.2962962962962963 0.8010471204188482 0.06481481481481481 0.11518324607329843
1 0.705026455026455 0.30497382198952877 0.062169312169312166 0.13089005235602094
1 0.6044973544973545 0.5 0.05952380952380952 0.1387434554973822
1 0.7288359788359788 0.13481675392670156 0.06613756613756613 0.08900523560209424