0 0.377373417721519 0.915625 0.06487341772151899 0.125
0 0.44462025316455694 0.446875 0.08386075949367089 0.18125
0 0.37658227848101267 0.44375 0.06645569620253164 0.165625
0 0.5348101265822784 0.359375 0.0759493670886076 0.18125
0 0.6534810126582279 0.946875 0.07278481012658228 0.10625
0 0.42800632911392406 0.80625 0.06329113924050633 0.13125
1 0.5973101265822784 0.9296875 0.0680379746835443 0.140625
1 0.6708860759493671 0.4765625 0.08544303797468354 0.159375
1 0.5854430379746836 0.75625 0.10126582278481013 0.165625
1 0.3639240506329114 0.8046875 0.07120253164556962 0.15
1 0.2610759493670886 0.4234375 0.030063291139240507 0.13125