0 0.2862537764350453 0.5089285714285714 0.11178247734138973 0.20238095238095238
0 0.452416918429003 0.7708333333333334 0.0891238670694864 0.1488095238095238
0 0.6880664652567976 0.8616071428571429 0.08610271903323263 0.1488095238095238
0 0.7930513595166163 0.8377976190476191 0.09667673716012085 0.17261904761904762
0 0.8345921450151057 0.6517857142857143 0.1163141993957704 0.19642857142857142
0 0.9539274924471299 0.6086309523809523 0.09214501510574018 0.17559523809523808
0 0.9138972809667674 0.9583333333333334 0.06042296072507553 0.08333333333333333
1 0.8413897280966768 0.4523809523809524 0.09365558912386707 0.1875
1 0.6601208459214502 0.5223214285714286 0.08308157099697885 0.1636904761904762
1 0.5853474320241692 0.3333333333333333 0.09818731117824774 0.15476190476190477
1 0.1283987915407855 0.375 0.06797583081570997 0.13095238095238096
1 0.6623867069486404 0.9553571428571429 0.08308157099697885 0.08928571428571429
1 0.5166163141993958 0.65625 0.08610271903323263 0.17261904761904762
1 0.6163141993957704 0.6279761904761905 0.07854984894259819 0.14285714285714285
1 0.7734138972809668 0.9747023809523809 0.09667673716012085 0.050595238095238096