0 0.4646814404432133 0.5109756097560976 0.05678670360110803 0.1048780487804878
0 0.5657894736842105 0.6134146341463415 0.060941828254847646 0.1073170731707317
0 0.4903047091412742 0.6097560975609756 0.06509695290858726 0.12439024390243902
0 0.3684210526315789 0.8634146341463415 0.07340720221606649 0.12439024390243902
0 0.24653739612188366 0.5682926829268292 0.06925207756232687 0.10975609756097561
0 0.20637119113573407 0.5865853658536585 0.06786703601108034 0.12682926829268293
0 0.22645429362880887 0.501219512195122 0.062326869806094184 0.11707317073170732
1 0.721606648199446 0.49146341463414633 0.05124653739612189 0.08536585365853659
1 0.48130193905817176 0.8634146341463415 0.04986149584487535 0.09024390243902439
1 0.4245152354570637 0.8804878048780488 0.045706371191135735 0.07804878048780488
1 0.34556786703601106 0.26951219512195124 0.05678670360110803 0.0975609756097561
1 0.32617728531855955 0.41829268292682925 0.0664819944598338 0.13170731707317074