0 0.7444903581267218 0.3422330097087379 0.06198347107438017 0.12135922330097088
0 0.6418732782369146 0.5800970873786407 0.06060606060606061 0.10679611650485436
0 0.31955922865013775 0.8580097087378641 0.07988980716253444 0.1262135922330097
0 0.3119834710743802 0.6735436893203883 0.06887052341597796 0.1383495145631068
0 0.3574380165289256 0.7135922330097088 0.07575757575757576 0.14563106796116504
0 0.21349862258953167 0.7063106796116505 0.06473829201101929 0.11650485436893204
1 0.33608815426997246 0.2657766990291262 0.0743801652892562 0.12864077669902912
1 0.5537190082644629 0.17597087378640777 0.06336088154269973 0.12864077669902912
1 0.6122589531680441 0.35436893203883496 0.05785123966942149 0.10922330097087378
1 0.4290633608815427 0.9563106796116505 0.03856749311294766 0.07766990291262135
1 0.2238292011019284 0.5631067961165048 0.05096418732782369 0.10922330097087378