0 0.8742559523809523 0.3176470588235294 0.06845238095238096 0.11176470588235295
0 0.8779761904761905 0.4161764705882353 0.07738095238095238 0.1411764705882353
0 0.9107142857142857 0.4838235294117647 0.06845238095238096 0.1411764705882353
0 0.9441964285714286 0.475 0.0625 0.13529411764705881
0 0.9255952380952381 0.6205882352941177 0.07589285714285714 0.15294117647058825
0 0.5111607142857143 0.4441176470588235 0.06696428571428571 0.1323529411764706
0 0.5677083333333334 0.38676470588235295 0.06398809523809523 0.12058823529411765
0 0.6130952380952381 0.6220588235294118 0.06994047619047619 0.1323529411764706
1 0.6428571428571429 0.5264705882352941 0.0625 0.10882352941176471
1 0.7805059523809523 0.711764705882353 0.07589285714285714 0.1323529411764706
1 0.7217261904761905 0.40441176470588236 0.05654761904761905 0.11470588235294117
1 0.7648809523809523 0.36764705882352944 0.06696428571428571 0.1323529411764706
1 0.7641369047619048 0.5191176470588236 0.06994047619047619 0.1588235294117647
1 0.8139880952380952 0.6338235294117647 0.06547619047619048 0.13529411764705881
1 0.8928571428571429 0.7808823529411765 0.05803571428571429 0.061764705882352944
1 0.9717261904761905 0.6955882352941176 0.05654761904761905 0.12058823529411765