0 0.627373417721519 0.03212290502793296 0.058544303797468354 0.06424581005586592
0 0.4462025316455696 0.1452513966480447 0.05379746835443038 0.09497206703910614
0 0.7729430379746836 0.38268156424581007 0.06962025316455696 0.09217877094972067
0 0.43037974683544306 0.5684357541899442 0.061708860759493674 0.08379888268156424
0 0.4651898734177215 0.5656424581005587 0.06487341772151899 0.09217877094972067
0 0.4588607594936709 0.7960893854748603 0.058544303797468354 0.1005586592178771
1 0.31962025316455694 0.8156424581005587 0.0490506329113924 0.10614525139664804
1 0.41930379746835444 0.8212290502793296 0.060126582278481014 0.07262569832402235
1 0.41930379746835444 0.22346368715083798 0.08386075949367089 0.06983240223463687
1 0.6661392405063291 0.12011173184357542 0.0490506329113924 0.12011173184357542
1 0.45806962025316456 0.04888268156424581 0.04746835443037975 0.09497206703910614
1 0.8227848101265823 0.06284916201117319 0.055379746835443035 0.10614525139664804
1 0.8860759493670886 0.17039106145251395 0.06962025316455696 0.07262569832402235
1 0.6360759493670886 0.5712290502793296 0.05221518987341772 0.11452513966480447