0 0.6530470914127424 0.20609756097560974 0.055401662049861494 0.0951219512195122
0 0.7347645429362881 0.15609756097560976 0.04293628808864266 0.07073170731707316
0 0.6703601108033241 0.2707317073170732 0.05263157894736842 0.08292682926829269
0 0.6613573407202216 0.42073170731707316 0.055401662049861494 0.09024390243902439
0 0.574792243767313 0.5487804878048781 0.05817174515235457 0.11219512195121951
0 0.5491689750692521 0.6634146341463415 0.04986149584487535 0.08536585365853659
1 0.34556786703601106 0.8597560975609756 0.030470914127423823 0.07560975609756097
1 0.39473684210526316 0.7902439024390244 0.036011080332409975 0.06097560975609756
1 0.695983379501385 0.6780487804878049 0.0443213296398892 0.08536585365853659
1 0.7416897506925207 0.5975609756097561 0.037396121883656507 0.0951219512195122
1 0.7562326869806094 0.5182926829268293 0.045706371191135735 0.07560975609756097
1 0.8407202216066482 0.35609756097560974 0.04293628808864266 0.0975609756097561
1 0.8663434903047091 0.2658536585365854 0.038781163434903045 0.09268292682926829
1 0.917590027700831 0.2121951219512195 0.04155124653739612 0.08048780487804878
1 0.48130193905817176 0.1378048780487805 0.04155124653739612 0.0975609756097561