0 0.36538461538461536 0.6433823529411765 0.05955334987593052 0.12254901960784313
0 0.4993796526054591 0.6127450980392157 0.06575682382133995 0.13970588235294118
0 0.4646401985111663 0.5355392156862745 0.07568238213399504 0.14705882352941177
0 0.6594292803970223 0.5796568627450981 0.06699751861042183 0.12745098039215685
0 0.38771712158808935 0.3014705882352941 0.052109181141439205 0.11519607843137254
0 0.3411910669975186 0.2757352941176471 0.04714640198511166 0.08333333333333333
1 0.6122828784119106 0.7818627450980392 0.06451612903225806 0.15931372549019607
1 0.717741935483871 0.20833333333333334 0.07196029776674938 0.14215686274509803
1 0.5235732009925558 0.18137254901960784 0.062034739454094295 0.11519607843137254
1 0.4435483870967742 0.029411764705882353 0.06823821339950373 0.058823529411764705
1 0.3815136476426799 0.04411764705882353 0.04590570719602978 0.08823529411764706
1 0.40012406947890816 0.375 0.05334987593052109 0.10294117647058823
1 0.4044665012406948 0.7193627450980392 0.06823821339950373 0.11764705882352941