0 0.7707808564231738 0.472636815920398 0.05667506297229219 0.08706467661691543
0 0.6511335012594458 0.8781094527363185 0.0491183879093199 0.06716417910447761
0 0.6498740554156172 0.8470149253731343 0.003778337531486146 0.007462686567164179
0 0.39231738035264485 0.40422885572139305 0.06423173803526448 0.08208955223880597
0 0.1429471032745592 0.47512437810945274 0.041561712846347604 0.06218905472636816
0 0.19080604534005038 0.49129353233830847 0.06423173803526448 0.07213930348258707
0 0.12405541561712846 0.5771144278606966 0.036523929471032744 0.07462686567164178
0 0.14357682619647355 0.5671641791044776 0.05289672544080604 0.09203980099502487
0 0.16120906801007556 0.6703980099502488 0.04408060453400504 0.08706467661691543
0 0.08816120906801007 0.9415422885572139 0.036523929471032744 0.07960199004975124
1 0.7235516372795969 0.26990049751243783 0.05415617128463476 0.07960199004975124
1 0.5295969773299748 0.9477611940298507 0.05037783375314862 0.07960199004975124
1 0.2770780856423174 0.43283582089552236 0.041561712846347604 0.07213930348258707
1 0.23929471032745592 0.43532338308457713 0.04785894206549118 0.0845771144278607
1 0.26259445843828716 0.6119402985074627 0.055415617128463476 0.0845771144278607
1 0.24433249370277077 0.6703980099502488 0.05793450881612091 0.07213930348258707
1 0.10894206549118388 0.7947761194029851 0.0491183879093199 0.06218905472636816
1 0.17317380352644837 0.8532338308457711 0.06297229219143577 0.06965174129353234
1 0.19899244332493704 0.9564676616915423 0.04785894206549118 0.06467661691542288