0 0.5055831265508685 0.633578431372549 0.04838709677419355 0.11029411764705882
0 0.5490074441687345 0.6605392156862745 0.04094292803970223 0.1053921568627451
0 0.5235732009925558 0.3553921568627451 0.05459057071960298 0.13480392156862744
0 0.3442928039702233 0.23529411764705882 0.05707196029776675 0.11274509803921569
0 0.5558312655086849 0.13970588235294118 0.05583126550868486 0.11029411764705882
0 0.565136476426799 0.2512254901960784 0.05583126550868486 0.1053921568627451
0 0.46029776674937967 0.6691176470588235 0.060794044665012405 0.11274509803921569
1 0.3554590570719603 0.11764705882352941 0.05831265508684864 0.11274509803921569
1 0.3349875930521092 0.6127450980392157 0.06823821339950373 0.12254901960784313
1 0.4032258064516129 0.3799019607843137 0.06823821339950373 0.12254901960784313
1 0.3933002481389578 0.23529411764705882 0.06451612903225806 0.1323529411764706
1 0.4249379652605459 0.11151960784313726 0.05831265508684864 0.13725490196078433
1 0.43424317617866004 0.020833333333333332 0.05459057071960298 0.041666666666666664
1 0.6011166253101737 0.20833333333333334 0.06699751861042183 0.1323529411764706
1 0.576302729528536 0.3590686274509804 0.05459057071960298 0.12254901960784313
1 0.6761786600496278 0.6519607843137255 0.04962779156327544 0.11519607843137254