0 0.7996632996632996 0.26986754966887416 0.08585858585858586 0.16887417218543047
0 0.6338383838383839 0.36423841059602646 0.1026936026936027 0.1986754966887417
0 0.6540404040404041 0.5380794701986755 0.10606060606060606 0.22185430463576158
0 0.44696969696969696 0.9619205298013245 0.10942760942760943 0.076158940397351
0 0.31565656565656564 0.8443708609271523 0.10606060606060606 0.2052980132450331
0 0.3367003367003367 0.2814569536423841 0.09595959595959595 0.19205298013245034
1 0.7584175084175084 0.6307947019867549 0.08754208754208755 0.17218543046357615
1 0.6624579124579124 0.7549668874172185 0.10606060606060606 0.2152317880794702
1 0.4696969696969697 0.7897350993377483 0.09595959595959595 0.20198675496688742
1 0.44276094276094274 0.6274834437086093 0.10101010101010101 0.2152317880794702
1 0.29292929292929293 0.423841059602649 0.09932659932659933 0.17880794701986755
1 0.5042087542087542 0.12417218543046357 0.09764309764309764 0.20198675496688742