0 0.7779605263157895 0.8265895953757225 0.05263157894736842 0.0953757225433526
0 0.7261513157894737 0.08526011560693642 0.044407894736842105 0.10982658959537572
0 0.5978618421052632 0.02601156069364162 0.06085526315789474 0.05202312138728324
0 0.40789473684210525 0.3309248554913295 0.07236842105263158 0.14450867052023122
0 0.5213815789473685 0.4797687861271676 0.08223684210526316 0.10115606936416185
0 0.3199013157894737 0.8164739884393064 0.06743421052631579 0.11271676300578035
1 0.615953947368421 0.888728323699422 0.07072368421052631 0.09248554913294797
1 0.7162828947368421 0.5 0.07401315789473684 0.11271676300578035
1 0.2878289473684211 0.6473988439306358 0.06578947368421052 0.08092485549132948
1 0.45230263157894735 0.07369942196531792 0.05756578947368421 0.1416184971098266
1 0.7475328947368421 0.4407514450867052 0.07894736842105263 0.1069364161849711