0 0.49644128113879005 0.8265625 0.0711743772241993 0.1375
0 0.4030249110320285 0.24375 0.07829181494661921 0.146875
0 0.41459074733096085 0.1515625 0.08540925266903915 0.153125
0 0.8736654804270463 0.0640625 0.08540925266903915 0.128125
0 0.8078291814946619 0.35625 0.0711743772241993 0.13125
0 0.8238434163701067 0.25625 0.05871886120996441 0.128125
1 0.3665480427046263 0.9625 0.06405693950177936 0.075
1 0.5774021352313167 0.4234375 0.07473309608540925 0.103125
1 0.7473309608540926 0.078125 0.08362989323843416 0.125
1 0.9795373665480427 0.3125 0.04092526690391459 0.10625
1 0.34252669039145905 0.0984375 0.06227758007117438 0.084375