0 0.7932551319648093 0.711340206185567 0.08211143695014662 0.12628865979381443
0 0.8013196480938416 0.33634020618556704 0.09970674486803519 0.14690721649484537
0 0.5667155425219942 0.14948453608247422 0.0689149560117302 0.13144329896907217
0 0.38563049853372433 0.024484536082474227 0.07038123167155426 0.04896907216494845
0 0.5095307917888563 0.24355670103092783 0.07038123167155426 0.12371134020618557
0 0.42888563049853373 0.4806701030927835 0.06744868035190615 0.13659793814432988
0 0.4303519061583578 0.6443298969072165 0.06158357771260997 0.10824742268041238
0 0.18621700879765396 0.01675257731958763 0.08504398826979472 0.03350515463917526
1 0.8013196480938416 0.43041237113402064 0.08944281524926687 0.14175257731958762
1 0.6832844574780058 0.6082474226804123 0.08504398826979472 0.11082474226804123
1 0.7441348973607038 0.28994845360824745 0.06744868035190615 0.1211340206185567
1 0.5439882697947214 0.13659793814432988 0.0718475073313783 0.14948453608247422
1 0.11290322580645161 0.19845360824742267 0.07331378299120235 0.1056701030927835
1 0.2316715542521994 0.3904639175257732 0.06744868035190615 0.14175257731958762
1 0.2859237536656892 0.5038659793814433 0.06451612903225806 0.09536082474226804
1 0.3973607038123167 0.7719072164948454 0.05278592375366569 0.1056701030927835