0 0.3797935103244838 0.3128654970760234 0.06784660766961652 0.1286549707602339
0 0.40634218289085544 0.3742690058479532 0.07964601769911504 0.15204678362573099
0 0.5140117994100295 0.9035087719298246 0.07227138643067847 0.15204678362573099
0 0.6858407079646017 0.5891812865497076 0.09292035398230089 0.18128654970760233
0 0.8355457227138643 0.14619883040935672 0.06932153392330384 0.13157894736842105
0 0.726401179941003 0.5964912280701754 0.08112094395280237 0.14327485380116958
0 0.7315634218289085 0.7046783625730995 0.07817109144542773 0.12280701754385964
0 0.5722713864306784 0.8523391812865497 0.08259587020648967 0.17543859649122806
0 0.4144542772861357 0.1695906432748538 0.05457227138643068 0.11403508771929824
1 0.4948377581120944 0.5219298245614035 0.07964601769911504 0.1111111111111111
1 0.556047197640118 0.34649122807017546 0.07669616519174041 0.12573099415204678
1 0.22418879056047197 0.3786549707602339 0.06342182890855458 0.1286549707602339
1 0.7684365781710915 0.7792397660818714 0.058997050147492625 0.1111111111111111
1 0.9343657817109144 0.6476608187134503 0.061946902654867256 0.11403508771929824
1 0.9137168141592921 0.5409356725146199 0.06342182890855458 0.13157894736842105
1 0.6637168141592921 0.21783625730994152 0.061946902654867256 0.14912280701754385
1 0.6216814159292036 0.2953216374269006 0.10029498525073746 0.14912280701754385
1 0.2728613569321534 0.25292397660818716 0.06489675516224189 0.11403508771929824