0 0.3503134796238245 0.4829192546583851 0.08150470219435736 0.15217391304347827
0 0.2225705329153605 0.3136645962732919 0.034482758620689655 0.09316770186335403
0 0.5909090909090909 0.055900621118012424 0.07210031347962383 0.11180124223602485
0 0.6152037617554859 0.5667701863354038 0.07836990595611286 0.16459627329192547
0 0.5744514106583072 0.7484472049689441 0.0877742946708464 0.14285714285714285
0 0.49686520376175547 0.8059006211180124 0.0987460815047022 0.17080745341614906
1 0.4043887147335423 0.05745341614906832 0.06739811912225706 0.07763975155279502
1 0.6763322884012539 0.5093167701863354 0.07836990595611286 0.14906832298136646
1 0.5227272727272727 0.18633540372670807 0.08934169278996865 0.16149068322981366
1 0.49764890282131663 0.3385093167701863 0.06583072100313479 0.12732919254658384
1 0.4341692789968652 0.40372670807453415 0.08463949843260188 0.14906832298136646
1 0.39184952978056425 0.8742236024844721 0.08150470219435736 0.13354037267080746
1 0.6982758620689655 0.7282608695652174 0.08307210031347963 0.16459627329192547