0 0.3129139072847682 0.3023255813953488 0.0728476821192053 0.14244186046511628
0 0.271523178807947 0.6555232558139535 0.06622516556291391 0.12790697674418605
0 0.3360927152317881 0.9520348837209303 0.059602649006622516 0.09593023255813954
0 0.43956953642384106 0.6380813953488372 0.07947019867549669 0.1569767441860465
0 0.5993377483443708 0.5305232558139535 0.07781456953642384 0.13953488372093023
0 0.6117549668874173 0.15406976744186046 0.06456953642384106 0.13953488372093023
0 0.6051324503311258 0.061046511627906974 0.06291390728476821 0.11627906976744186
1 0.5198675496688742 0.34011627906976744 0.076158940397351 0.16279069767441862
1 0.2326158940397351 0.5494186046511628 0.08278145695364239 0.1308139534883721
1 0.40480132450331124 0.9534883720930233 0.07119205298013245 0.09302325581395349
1 0.5711920529801324 0.8793604651162791 0.0695364238410596 0.11918604651162791
1 0.5082781456953642 0.9723837209302325 0.076158940397351 0.055232558139534885
1 0.5960264900662252 0.7703488372093024 0.08112582781456953 0.12790697674418605
1 0.6846026490066225 0.8386627906976745 0.06456953642384106 0.11337209302325581