0 0.706081081081081 0.42738095238095236 0.0472972972972973 0.07857142857142857
0 0.3081081081081081 0.46904761904761905 0.04864864864864865 0.09047619047619047
0 0.47094594594594597 0.6988095238095238 0.043243243243243246 0.09285714285714286
0 0.7371621621621621 0.8940476190476191 0.043243243243243246 0.05
0 0.7777027027027027 0.8119047619047619 0.052702702702702706 0.1
1 0.6385135135135135 0.11904761904761904 0.04054054054054054 0.05952380952380952
1 0.297972972972973 0.20833333333333334 0.0445945945945946 0.06190476190476191
1 0.7175675675675676 0.5202380952380953 0.05 0.07380952380952381
1 0.668918918918919 0.6273809523809524 0.05675675675675676 0.08095238095238096
1 0.4945945945945946 0.9773809523809524 0.04864864864864865 0.04523809523809524
1 0.5351351351351351 0.8523809523809524 0.052702702702702706 0.07142857142857142
1 0.5952702702702702 0.8892857142857142 0.052702702702702706 0.07380952380952381