0 0.5739329268292683 0.17647058823529413 0.0701219512195122 0.12834224598930483
0 0.4717987804878049 0.11898395721925134 0.0701219512195122 0.12566844919786097
0 0.47103658536585363 0.06016042780748663 0.07317073170731707 0.12032085561497326
0 0.3513719512195122 0.28609625668449196 0.08079268292682927 0.13101604278074866
0 0.36051829268292684 0.6550802139037433 0.07469512195121951 0.13636363636363635
0 0.2926829268292683 0.6363636363636364 0.06402439024390244 0.10695187165775401
1 0.6394817073170732 0.18850267379679145 0.06097560975609756 0.10427807486631016
1 0.6974085365853658 0.517379679144385 0.05945121951219512 0.0962566844919786
1 0.34222560975609756 0.11497326203208556 0.0625 0.0962566844919786
1 0.3254573170731707 0.37433155080213903 0.06554878048780488 0.10962566844919786
1 0.3445121951219512 0.8609625668449198 0.06402439024390244 0.11229946524064172