0 0.580423940149626 0.603448275862069 0.05112219451371571 0.10837438423645321
0 0.5374064837905237 0.6145320197044335 0.04488778054862843 0.10098522167487685
0 0.4981296758104738 0.7229064039408867 0.06483790523690773 0.13054187192118227
0 0.5093516209476309 0.21428571428571427 0.05236907730673317 0.12561576354679804
0 0.32169576059850374 0.33866995073891626 0.04114713216957606 0.09359605911330049
0 0.4912718204488778 0.4642857142857143 0.05486284289276808 0.12561576354679804
1 0.5349127182044888 0.15886699507389163 0.059850374064837904 0.10837438423645321
1 0.3023690773067332 0.27586206896551724 0.06483790523690773 0.12315270935960591
1 0.3690773067331671 0.7315270935960592 0.06982543640897755 0.14532019704433496
1 0.3865336658354115 0.43226600985221675 0.06234413965087282 0.11822660098522167
1 0.3759351620947631 0.2672413793103448 0.05361596009975062 0.13793103448275862
1 0.35910224438902744 0.12561576354679804 0.06234413965087282 0.1477832512315271
1 0.5336658354114713 0.2832512315270936 0.05860349127182045 0.11576354679802955
1 0.692643391521197 0.49014778325123154 0.04738154613466334 0.10837438423645321