0 0.6323943661971831 0.8041666666666667 0.061971830985915494 0.13055555555555556
0 0.6232394366197183 0.7541666666666667 0.06901408450704226 0.13333333333333333
0 0.5866197183098592 0.14444444444444443 0.05211267605633803 0.12222222222222222
0 0.6112676056338028 0.17222222222222222 0.056338028169014086 0.13333333333333333
0 0.40774647887323945 0.3625 0.07183098591549296 0.16111111111111112
1 0.2943661971830986 0.23472222222222222 0.0676056338028169 0.15
1 0.6408450704225352 0.425 0.056338028169014086 0.13333333333333333
1 0.34507042253521125 0.6416666666666667 0.07464788732394366 0.1361111111111111
1 0.373943661971831 0.8166666666666667 0.08732394366197183 0.14166666666666666
1 0.5690140845070423 0.9194444444444444 0.08873239436619719 0.1527777777777778
1 0.7492957746478873 0.6097222222222223 0.05211267605633803 0.125
1 0.5253521126760563 0.40694444444444444 0.05070422535211268 0.15