0 0.4429945054945055 0.6644021739130435 0.07417582417582418 0.14130434782608695
0 0.4574175824175824 0.7934782608695652 0.06043956043956044 0.13043478260869565
0 0.6641483516483516 0.7730978260869565 0.0782967032967033 0.14130434782608695
0 0.5796703296703297 0.43478260869565216 0.07554945054945054 0.15489130434782608
0 0.5769230769230769 0.16847826086956522 0.07417582417582418 0.15217391304347827
0 0.521978021978022 0.07336956521739131 0.07417582417582418 0.14673913043478262
0 0.5879120879120879 0.125 0.0673076923076923 0.14945652173913043
0 0.34134615384615385 0.7255434782608695 0.054945054945054944 0.09239130434782608
1 0.3592032967032967 0.264945652173913 0.06456043956043957 0.1331521739130435
1 0.4333791208791209 0.3654891304347826 0.07280219780219781 0.13043478260869565
1 0.3914835164835165 0.9633152173913043 0.054945054945054944 0.07336956521739131
1 0.5061813186813187 0.592391304347826 0.06318681318681318 0.14673913043478262
1 0.40315934065934067 0.1956521739130435 0.06318681318681318 0.17119565217391305
1 0.6490384615384616 0.08423913043478261 0.07417582417582418 0.13043478260869565