0 0.8548593350383632 0.7790404040404041 0.056265984654731455 0.10606060606060606
0 0.8318414322250639 0.9166666666666666 0.058823529411764705 0.1111111111111111
0 0.6847826086956522 0.7449494949494949 0.07161125319693094 0.12878787878787878
0 0.6112531969309463 0.5782828282828283 0.06905370843989769 0.13131313131313133
0 0.539002557544757 0.7361111111111112 0.06265984654731457 0.12121212121212122
0 0.5108695652173914 0.648989898989899 0.06777493606138107 0.13636363636363635
0 0.3145780051150895 0.7638888888888888 0.06649616368286446 0.1388888888888889
1 0.7231457800511509 0.6515151515151515 0.07544757033248081 0.14393939393939395
1 0.7640664961636828 0.9027777777777778 0.06905370843989769 0.12878787878787878
1 0.5562659846547314 0.9318181818181818 0.08184143222506395 0.13636363636363635
1 0.6157289002557544 0.9431818181818182 0.07289002557544758 0.11363636363636363
1 0.35805626598465473 0.6174242424242424 0.07289002557544758 0.14393939393939395
1 0.23849104859335038 0.6098484848484849 0.07033248081841433 0.1388888888888889
1 0.6425831202046036 0.5164141414141414 0.056265984654731455 0.08838383838383838