0 0.2534530386740331 0.1762295081967213 0.05662983425414365 0.09836065573770492
0 0.43853591160220995 0.29918032786885246 0.0718232044198895 0.16393442622950818
0 0.6029005524861878 0.43579234972677594 0.0649171270718232 0.15846994535519127
0 0.5759668508287292 0.6229508196721312 0.05662983425414365 0.12295081967213115
0 0.6926795580110497 0.5519125683060109 0.055248618784530384 0.11202185792349727
0 0.669889502762431 0.8647540983606558 0.05939226519337017 0.11475409836065574
1 0.2921270718232044 0.5040983606557377 0.0856353591160221 0.13934426229508196
1 0.4212707182320442 0.5915300546448088 0.05939226519337017 0.1721311475409836
1 0.5697513812154696 0.27595628415300544 0.0649171270718232 0.15300546448087432
1 0.42748618784530384 0.8702185792349727 0.062154696132596686 0.16939890710382513
1 0.6022099447513812 0.8989071038251366 0.0649171270718232 0.13934426229508196
1 0.5835635359116023 0.76775956284153 0.04558011049723757 0.1284153005464481
1 0.7727900552486188 0.7103825136612022 0.06906077348066299 0.1092896174863388