0 0.37347560975609756 0.0427807486631016 0.07317073170731707 0.0855614973262032
0 0.40472560975609756 0.014705882352941176 0.07774390243902439 0.029411764705882353
0 0.4413109756097561 0.10294117647058823 0.08384146341463415 0.15240641711229946
0 0.4878048780487805 0.39705882352941174 0.07926829268292683 0.13636363636363635
0 0.5510670731707317 0.41310160427807485 0.08231707317073171 0.1497326203208556
0 0.5998475609756098 0.5441176470588235 0.07469512195121951 0.13636363636363635
0 0.6440548780487805 0.09491978609625669 0.06097560975609756 0.09090909090909091
1 0.2926829268292683 0.3235294117647059 0.05945121951219512 0.10962566844919786
1 0.6730182926829268 0.16844919786096257 0.06707317073170732 0.10962566844919786
1 0.6905487804878049 0.27941176470588236 0.057926829268292686 0.10160427807486631
1 0.6067073170731707 0.8783422459893048 0.054878048780487805 0.0962566844919786