0 0.6297169811320755 0.5593922651933702 0.055031446540880505 0.10773480662983426
0 0.7578616352201258 0.850828729281768 0.050314465408805034 0.0856353591160221
0 0.7578616352201258 0.914364640883978 0.05660377358490566 0.07734806629834254
0 0.7083333333333334 0.8687845303867403 0.04874213836477988 0.11049723756906077
0 0.4921383647798742 0.7900552486187845 0.05817610062893082 0.10773480662983426
0 0.46776729559748426 0.8314917127071824 0.05660377358490566 0.10773480662983426
0 0.35377358490566035 0.6215469613259669 0.04245283018867924 0.10497237569060773
0 0.24528301886792453 0.6022099447513812 0.04874213836477988 0.09668508287292818
1 0.25 0.35497237569060774 0.050314465408805034 0.07734806629834254
1 0.33726415094339623 0.5027624309392266 0.05188679245283019 0.1270718232044199
1 0.5487421383647799 0.4198895027624309 0.055031446540880505 0.1408839779005525
1 0.6588050314465409 0.9240331491712708 0.06918238993710692 0.09944751381215469
1 0.6926100628930818 0.5593922651933702 0.05817610062893082 0.08011049723756906