0 0.625 0.4723756906077348 0.055031446540880505 0.10220994475138122
0 0.20911949685534592 0.12569060773480664 0.05660377358490566 0.09944751381215469
0 0.2130503144654088 0.2085635359116022 0.05345911949685535 0.09392265193370165
0 0.3490566037735849 0.5220994475138122 0.055031446540880505 0.12154696132596685
0 0.2617924528301887 0.24171270718232044 0.0440251572327044 0.11049723756906077
1 0.3561320754716981 0.9723756906077348 0.06446540880503145 0.055248618784530384
1 0.4488993710691824 0.9488950276243094 0.07232704402515723 0.08839779005524862
1 0.6242138364779874 0.7928176795580111 0.0770440251572327 0.09116022099447514
1 0.5636792452830188 0.143646408839779 0.07547169811320754 0.08011049723756906
1 0.3081761006289308 0.15469613259668508 0.07075471698113207 0.08839779005524862
1 0.28852201257861637 0.5276243093922652 0.0660377358490566 0.0856353591160221