0 0.4187979539641944 0.36363636363636365 0.06521739130434782 0.14898989898989898
0 0.45076726342711 0.875 0.08312020460358056 0.18181818181818182
0 0.5255754475703325 0.9242424242424242 0.06777493606138107 0.14898989898989898
0 0.5856777493606138 0.8207070707070707 0.058823529411764705 0.15151515151515152
0 0.6994884910485933 0.45454545454545453 0.06265984654731457 0.14898989898989898
0 0.6828644501278772 0.10984848484848485 0.06649616368286446 0.08080808080808081
1 0.35805626598465473 0.054292929292929296 0.04092071611253197 0.10858585858585859
1 0.4251918158567775 0.047979797979797977 0.07800511508951406 0.09595959595959595
1 0.6438618925831202 0.8333333333333334 0.05754475703324808 0.12626262626262627
1 0.6150895140664961 0.48358585858585856 0.06777493606138107 0.13131313131313133
1 0.5498721227621484 0.5631313131313131 0.05754475703324808 0.12626262626262627
1 0.49744245524296676 0.5795454545454546 0.06777493606138107 0.1414141414141414
1 0.3721227621483376 0.73989898989899 0.06649616368286446 0.13131313131313133
1 0.6112531969309463 0.9684343434343434 0.0639386189258312 0.06313131313131314