0 0.1772853185595568 0.7890243902439025 0.07202216066481995 0.11463414634146342
0 0.25069252077562326 0.33902439024390246 0.05817174515235457 0.09024390243902439
0 0.5159279778393352 0.8548780487804878 0.05817174515235457 0.1
0 0.6350415512465374 0.5 0.06925207756232687 0.12195121951219512
0 0.5346260387811634 0.020731707317073172 0.06371191135734072 0.041463414634146344
0 0.7998614958448753 0.014634146341463415 0.07340720221606649 0.02926829268292683
0 0.8296398891966759 0.17804878048780487 0.05817174515235457 0.10975609756097561
1 0.18213296398891968 0.5304878048780488 0.05955678670360111 0.1048780487804878
1 0.3476454293628809 0.5719512195121951 0.06925207756232687 0.1048780487804878
1 0.37880886426592797 0.19634146341463415 0.05263157894736842 0.0975609756097561
1 0.7029085872576177 0.18902439024390244 0.06509695290858726 0.1024390243902439
1 0.7867036011080333 0.0975609756097561 0.06509695290858726 0.1024390243902439
1 0.7749307479224377 0.3146341463414634 0.05124653739612189 0.09024390243902439
1 0.6883656509695291 0.30365853658536585 0.05124653739612189 0.0951219512195122
1 0.37742382271468145 0.9292682926829269 0.045706371191135735 0.08536585365853659