0 0.49476439790575916 0.13082901554404144 0.07198952879581152 0.15544041450777202
0 0.1505235602094241 0.5129533678756477 0.08900523560209424 0.16580310880829016
0 0.19960732984293195 0.582901554404145 0.08376963350785341 0.18134715025906736
0 0.5078534031413613 0.8277202072538861 0.07591623036649214 0.18134715025906736
0 0.6910994764397905 0.9676165803108808 0.07329842931937172 0.06476683937823834
0 0.6649214659685864 0.5168393782383419 0.06675392670157068 0.12694300518134716
0 0.8331151832460733 0.7266839378238342 0.05759162303664921 0.11658031088082901
0 0.5713350785340314 0.7487046632124352 0.061518324607329845 0.12694300518134716
0 0.8396596858638743 0.7979274611398963 0.06544502617801047 0.11398963730569948
1 0.7591623036649214 0.4689119170984456 0.0693717277486911 0.14507772020725387
1 0.6171465968586387 0.327720207253886 0.0693717277486911 0.14507772020725387
1 0.32657068062827227 0.5349740932642487 0.07198952879581152 0.16062176165803108
1 0.4024869109947644 0.8199481865284974 0.0693717277486911 0.15803108808290156
1 0.149869109947644 0.15025906735751296 0.09947643979057591 0.16839378238341968
1 0.6407068062827225 0.9676165803108808 0.06675392670157068 0.06476683937823834
1 0.6557591623036649 0.6191709844559585 0.07198952879581152 0.13989637305699482
1 0.7820680628272252 0.822538860103627 0.07984293193717278 0.13212435233160622
1 0.7225130890052356 0.9533678756476683 0.06544502617801047 0.09326424870466321