0 0.7880258899676376 0.7017045454545454 0.08090614886731391 0.13636363636363635
0 0.8179611650485437 0.7670454545454546 0.07766990291262135 0.13352272727272727
0 0.7338187702265372 0.7684659090909091 0.06796116504854369 0.14488636363636365
0 0.5444983818770227 0.640625 0.06310679611650485 0.125
0 0.4166666666666667 0.7059659090909091 0.06310679611650485 0.11363636363636363
0 0.2613268608414239 0.7144886363636364 0.05501618122977346 0.11647727272727272
1 0.7006472491909385 0.3977272727272727 0.06796116504854369 0.11363636363636363
1 0.7103559870550162 0.5696022727272727 0.07605177993527508 0.16193181818181818
1 0.4878640776699029 0.9801136363636364 0.06634304207119741 0.03977272727272727
1 0.24514563106796117 0.5241477272727273 0.05339805825242718 0.08806818181818182
1 0.3786407766990291 0.6306818181818182 0.05825242718446602 0.11647727272727272