0 0.2387459807073955 0.4985875706214689 0.06430868167202572 0.11864406779661017
0 0.2612540192926045 0.5 0.0932475884244373 0.1694915254237288
0 0.4702572347266881 0.5607344632768362 0.09967845659163987 0.1694915254237288
0 0.4967845659163987 0.2909604519774011 0.08038585209003216 0.1497175141242938
0 0.6527331189710611 0.4067796610169492 0.08360128617363344 0.15819209039548024
0 0.7508038585209004 0.501412429378531 0.08681672025723473 0.1497175141242938
1 0.317524115755627 0.8347457627118644 0.0594855305466238 0.11016949152542373
1 0.2797427652733119 0.614406779661017 0.05466237942122187 0.11016949152542373
1 0.42684887459807075 0.4307909604519774 0.08038585209003216 0.14124293785310735
1 0.5747588424437299 0.03954802259887006 0.06591639871382636 0.07909604519774012
1 0.6495176848874598 0.17231638418079095 0.07234726688102894 0.12146892655367232
1 0.7829581993569131 0.23728813559322035 0.04823151125401929 0.062146892655367235
1 0.6519292604501608 0.846045197740113 0.06109324758842444 0.10451977401129943