0 0.6461218836565097 0.39878048780487807 0.06786703601108034 0.12682926829268293
0 0.6939058171745153 0.7719512195121951 0.06371191135734072 0.1
0 0.7541551246537396 0.7646341463414634 0.060941828254847646 0.12439024390243902
0 0.3649584487534626 0.4817073170731707 0.055401662049861494 0.08536585365853659
0 0.3296398891966759 0.5890243902439024 0.0664819944598338 0.1024390243902439
0 0.5006925207756233 0.748780487804878 0.06925207756232687 0.12195121951219512
1 0.7146814404432132 0.474390243902439 0.05817174515235457 0.0975609756097561
1 0.6128808864265928 0.09268292682926829 0.05678670360110803 0.09268292682926829
1 0.6149584487534626 0.8939024390243903 0.062326869806094184 0.09268292682926829
1 0.5560941828254847 0.8670731707317073 0.05678670360110803 0.08536585365853659
1 0.5131578947368421 0.9914634146341463 0.04293628808864266 0.01707317073170732
1 0.4549861495844875 0.7134146341463414 0.055401662049861494 0.0951219512195122
1 0.2873961218836565 0.3829268292682927 0.054016620498614956 0.0951219512195122