0 0.4091549295774648 0.13333333333333333 0.07323943661971831 0.1361111111111111
0 0.34788732394366195 0.6597222222222222 0.06619718309859154 0.16111111111111112
0 0.4697183098591549 0.9347222222222222 0.09718309859154929 0.13055555555555556
0 0.7091549295774648 0.4736111111111111 0.09014084507042254 0.1527777777777778
0 0.6915492957746479 0.41944444444444445 0.07183098591549296 0.15555555555555556
0 0.7267605633802817 0.2986111111111111 0.09295774647887324 0.18611111111111112
1 0.4908450704225352 0.36944444444444446 0.06619718309859154 0.1527777777777778
1 0.38591549295774646 0.4361111111111111 0.08028169014084507 0.1527777777777778
1 0.4922535211267606 0.7416666666666667 0.07323943661971831 0.19166666666666668
1 0.6394366197183099 0.8333333333333334 0.07323943661971831 0.1361111111111111
1 0.5176056338028169 0.1527777777777778 0.07183098591549296 0.16944444444444445
1 0.5732394366197183 0.03611111111111111 0.04507042253521127 0.06666666666666667