0 0.3763089005235602 0.9572538860103627 0.060209424083769635 0.05181347150259067
0 0.3776178010471204 0.9313471502590673 0.07591623036649214 0.10103626943005181
0 0.6956806282722513 0.07383419689119171 0.06282722513089005 0.08549222797927461
0 0.3959424083769634 0.054404145077720206 0.061518324607329845 0.10880829015544041
0 0.4175392670157068 0.2551813471502591 0.04450261780104712 0.12953367875647667
0 0.450261780104712 0.34067357512953367 0.061518324607329845 0.13471502590673576
0 0.2931937172774869 0.29404145077720206 0.04842931937172775 0.11398963730569948
1 0.649869109947644 0.9650259067357513 0.051047120418848166 0.06994818652849741
1 0.6642670157068062 0.44689119170984454 0.07198952879581152 0.12435233160621761
1 0.5130890052356021 0.32642487046632124 0.06282722513089005 0.11139896373056994
1 0.3841623036649215 0.5932642487046632 0.07068062827225131 0.10103626943005181
1 0.3010471204188482 0.344559585492228 0.04319371727748691 0.11658031088082901
1 0.3193717277486911 0.01683937823834197 0.06282722513089005 0.03367875647668394
1 0.38154450261780104 0.6347150259067358 0.06806282722513089 0.09067357512953368