0 0.4186440677966102 0.9345637583892618 0.0847457627118644 0.13087248322147652
0 0.5822033898305085 0.4748322147651007 0.07796610169491526 0.15771812080536912
0 0.5957627118644068 0.6157718120805369 0.0847457627118644 0.17785234899328858
0 0.8822033898305085 0.2348993288590604 0.07627118644067797 0.1476510067114094
0 0.8940677966101694 0.14093959731543623 0.06949152542372881 0.13087248322147652
0 0.9355932203389831 0.23993288590604026 0.059322033898305086 0.11073825503355705
0 0.7135593220338983 0.38422818791946306 0.08305084745762711 0.15436241610738255
1 0.5720338983050848 0.2600671140939597 0.09491525423728814 0.15436241610738255
1 0.7084745762711865 0.2214765100671141 0.09152542372881356 0.18120805369127516
1 0.9677966101694915 0.4714765100671141 0.06440677966101695 0.15771812080536912
1 0.8788135593220339 0.4110738255033557 0.10677966101694915 0.18456375838926176
1 0.7059322033898305 0.8087248322147651 0.08813559322033898 0.1610738255033557
1 0.752542372881356 0.7181208053691275 0.1135593220338983 0.19798657718120805