0 0.7983333333333333 0.7014705882352941 0.07333333333333333 0.09411764705882353
0 0.5358333333333334 0.8852941176470588 0.051666666666666666 0.09705882352941177
0 0.5483333333333333 0.8308823529411765 0.06666666666666667 0.11176470588235295
0 0.455 0.08088235294117647 0.058333333333333334 0.09705882352941177
0 0.295 0.6147058823529412 0.06333333333333334 0.1264705882352941
0 0.0175 0.6264705882352941 0.03166666666666667 0.09117647058823529
0 0.006666666666666667 0.4 0.013333333333333334 0.08235294117647059
1 0.9166666666666666 0.40588235294117647 0.09333333333333334 0.07352941176470588
1 0.7225 0.3088235294117647 0.04833333333333333 0.10294117647058823
1 0.7083333333333334 0.8191176470588235 0.041666666666666664 0.08529411764705883
1 0.4041666666666667 0.6132352941176471 0.07333333333333333 0.05588235294117647
1 0.19 0.054411764705882354 0.035 0.05588235294117647
1 0.005833333333333334 0.09264705882352942 0.011666666666666667 0.07352941176470588
1 0.14083333333333334 0.4455882352941177 0.04 0.10588235294117647
1 0.18583333333333332 0.5544117647058824 0.04666666666666667 0.10588235294117647
1 0.10916666666666666 0.6852941176470588 0.03833333333333333 0.1