0 0.7313432835820896 0.3960526315789474 0.06567164179104477 0.11578947368421053
0 0.7507462686567165 0.6763157894736842 0.0626865671641791 0.11578947368421053
0 0.508955223880597 0.9855263157894737 0.056716417910447764 0.02894736842105263
0 0.43283582089552236 0.6802631578947368 0.07014925373134329 0.12894736842105264
0 0.41567164179104477 0.6144736842105263 0.07164179104477612 0.12894736842105264
0 0.48955223880597015 0.46842105263157896 0.07462686567164178 0.12631578947368421
1 0.3574626865671642 0.22631578947368422 0.058208955223880594 0.09210526315789473
1 0.664179104477612 0.6605263157894737 0.06417910447761194 0.08947368421052632
1 0.5925373134328358 0.8421052631578947 0.04776119402985075 0.09210526315789473
1 0.48955223880597015 0.9315789473684211 0.05522388059701493 0.08947368421052632
1 0.36343283582089553 0.4 0.049253731343283584 0.09473684210526316
1 0.23656716417910448 0.31973684210526315 0.04776119402985075 0.09210526315789473