0 0.5275 0.45441176470588235 0.09 0.1411764705882353
0 0.27166666666666667 0.34852941176470587 0.08666666666666667 0.14705882352941177
0 0.48333333333333334 0.17058823529411765 0.07833333333333334 0.12352941176470589
0 0.19916666666666666 0.057352941176470586 0.085 0.11470588235294117
0 0.5133333333333333 0.011764705882352941 0.07 0.023529411764705882
0 0.885 0.25 0.08666666666666667 0.09705882352941177
0 0.9391666666666667 0.28088235294117647 0.06833333333333333 0.07352941176470588
1 0.7308333333333333 0.5411764705882353 0.08666666666666667 0.11176470588235295
1 0.6783333333333333 0.24411764705882352 0.09166666666666666 0.13529411764705881
1 0.4866666666666667 0.36470588235294116 0.06333333333333334 0.1323529411764706
1 0.37 0.5455882352941176 0.07166666666666667 0.15