0 0.04071661237785016 0.16810344827586207 0.021172638436482084 0.06321839080459771
0 0.0496742671009772 0.20545977011494254 0.050488599348534204 0.08333333333333333
0 0.10423452768729642 0.7931034482758621 0.06677524429967427 0.08045977011494253
0 0.3257328990228013 0.9080459770114943 0.06188925081433225 0.07183908045977011
0 0.5513029315960912 0.5574712643678161 0.08306188925081433 0.12643678160919541
0 0.7157980456026058 0.1910919540229885 0.07980456026058631 0.13218390804597702
0 0.75 0.22126436781609196 0.07980456026058631 0.14080459770114942
0 0.5146579804560261 0.7902298850574713 0.08469055374592833 0.13505747126436782
0 0.6864820846905537 0.7873563218390804 0.07980456026058631 0.12931034482758622
1 0.1750814332247557 0.06896551724137931 0.06351791530944625 0.12931034482758622
1 0.15146579804560262 0.44971264367816094 0.06026058631921824 0.13218390804597702
1 0.02687296416938111 0.5933908045977011 0.05374592833876222 0.10632183908045977
1 0.8412052117263844 0.7456896551724138 0.06677524429967427 0.14367816091954022
1 0.6392508143322475 0.7255747126436781 0.08306188925081433 0.10344827586206896
1 0.7035830618892508 0.867816091954023 0.06840390879478828 0.10919540229885058
1 0.9747557003257329 0.3505747126436782 0.050488599348534204 0.10344827586206896
1 0.4804560260586319 0.16379310344827586 0.06351791530944625 0.11781609195402298