0 0.5056675062972292 0.30223880597014924 0.061712846347607056 0.11194029850746269
0 0.46536523929471035 0.029850746268656716 0.04408060453400504 0.05970149253731343
0 0.4464735516372796 0.14676616915422885 0.05667506297229219 0.1417910447761194
0 0.4729219143576826 0.24004975124378108 0.06926952141057935 0.16169154228855723
0 0.29219143576826195 0.35572139303482586 0.06801007556675064 0.1691542288557214
1 0.3136020151133501 0.10820895522388059 0.04534005037783375 0.05721393034825871
1 0.3154911838790932 0.35572139303482586 0.061712846347607056 0.17412935323383086
1 0.6158690176322418 0.585820895522388 0.0654911838790932 0.11194029850746269
1 0.5377833753148614 0.2885572139303483 0.05667506297229219 0.1044776119402985
1 0.5617128463476071 0.19651741293532338 0.05667506297229219 0.12189054726368159
1 0.7367758186397985 0.7263681592039801 0.061712846347607056 0.11442786069651742