0 0.6845403899721448 0.35661764705882354 0.07799442896935933 0.11029411764705882
0 0.6733983286908078 0.2867647058823529 0.04178272980501393 0.09558823529411764
0 0.6162952646239555 0.11642156862745098 0.054317548746518104 0.08088235294117647
0 0.5167130919220055 0.11764705882352941 0.054317548746518104 0.10294117647058823
0 0.6636490250696379 0.6875 0.06128133704735376 0.10784313725490197
0 0.467966573816156 0.47549019607843135 0.06824512534818941 0.10294117647058823
0 0.2137883008356546 0.6531862745098039 0.052924791086350974 0.1053921568627451
0 0.25069637883008355 0.7340686274509803 0.054317548746518104 0.08088235294117647
0 0.10376044568245125 0.4730392156862745 0.06267409470752089 0.09558823529411764
1 0.32172701949860727 0.19362745098039216 0.06963788300835655 0.125
1 0.09192200557103064 0.23774509803921567 0.0905292479108635 0.1053921568627451
1 0.3906685236768802 0.6139705882352942 0.04735376044568245 0.12009803921568628
1 0.09540389972144847 0.7843137254901961 0.04874651810584958 0.09803921568627451
1 0.47841225626740946 0.696078431372549 0.06824512534818941 0.07598039215686274
1 0.8607242339832869 0.16176470588235295 0.06406685236768803 0.11519607843137254
1 0.850974930362117 0.6458333333333334 0.06406685236768803 0.09803921568627451
1 0.504874651810585 0.3762254901960784 0.04874651810584958 0.11519607843137254
1 0.46030640668523676 0.2769607843137255 0.05013927576601671 0.11274509803921569