0 0.10338983050847457 0.5238095238095238 0.07627118644067797 0.12202380952380952
0 0.46271186440677964 0.5029761904761905 0.10677966101694915 0.17559523809523808
0 0.5059322033898305 0.43898809523809523 0.11864406779661017 0.20535714285714285
0 0.7584745762711864 0.39732142857142855 0.11016949152542373 0.17857142857142858
0 0.461864406779661 0.6934523809523809 0.09152542372881356 0.15773809523809523
0 0.6966101694915254 0.9330357142857143 0.07457627118644068 0.11904761904761904
0 0.7584745762711864 0.9389880952380952 0.08305084745762711 0.12202380952380952
0 0.8669491525423729 0.8169642857142857 0.08644067796610169 0.15178571428571427
1 0.31610169491525425 0.6041666666666666 0.0711864406779661 0.11607142857142858
1 0.18305084745762712 0.7202380952380952 0.04915254237288136 0.06845238095238096
1 0.6415254237288136 0.8705357142857143 0.06610169491525424 0.1130952380952381
1 0.6779661016949152 0.6607142857142857 0.06779661016949153 0.11607142857142858
1 0.6745762711864407 0.41517857142857145 0.07796610169491526 0.13392857142857142
1 0.9440677966101695 0.48660714285714285 0.0711864406779661 0.11904761904761904
1 0.9194915254237288 0.5669642857142857 0.07796610169491526 0.12797619047619047
1 0.8135593220338984 0.71875 0.07457627118644068 0.12202380952380952