0 0.18957703927492447 0.26339285714285715 0.04984894259818731 0.09523809523809523
0 0.35725075528700906 0.7083333333333334 0.09214501510574018 0.19047619047619047
0 0.4478851963746224 0.2648809523809524 0.09214501510574018 0.16666666666666666
0 0.5 0.2961309523809524 0.09063444108761329 0.17261904761904762
0 0.5498489425981873 0.5416666666666666 0.1042296072507553 0.20833333333333334
0 0.7333836858006042 0.5401785714285714 0.06646525679758308 0.13988095238095238
1 0.3255287009063444 0.43601190476190477 0.09365558912386707 0.15773809523809523
1 0.21601208459214502 0.33779761904761907 0.07250755287009064 0.14285714285714285
1 0.4826283987915408 0.7113095238095238 0.08459214501510574 0.13690476190476192
1 0.7061933534743202 0.42410714285714285 0.06646525679758308 0.15178571428571427
1 0.6261329305135952 0.8110119047619048 0.07099697885196375 0.18154761904761904