0 0.216796875 0.6275773195876289 0.06770833333333333 0.13659793814432988
0 0.5266927083333334 0.25128865979381443 0.06770833333333333 0.13917525773195877
0 0.580078125 0.18298969072164947 0.0625 0.11597938144329897
0 0.7115885416666666 0.47036082474226804 0.06901041666666667 0.14690721649484537
0 0.5403645833333334 0.5850515463917526 0.07421875 0.14175257731958762
0 0.4485677083333333 0.7603092783505154 0.07421875 0.14175257731958762
0 0.3776041666666667 0.7538659793814433 0.07552083333333333 0.14175257731958762
0 0.4407552083333333 0.8041237113402062 0.07291666666666667 0.12628865979381443
0 0.4791666666666667 0.07474226804123711 0.044270833333333336 0.10309278350515463
1 0.3352864583333333 0.4072164948453608 0.06510416666666667 0.1211340206185567
1 0.4186197916666667 0.4381443298969072 0.0625 0.13659793814432988
1 0.6686197916666666 0.01288659793814433 0.048177083333333336 0.02577319587628866
1 0.5442708333333334 0.38273195876288657 0.0703125 0.1211340206185567
1 0.3404947916666667 0.5115979381443299 0.08203125 0.1211340206185567
1 0.4680989583333333 0.9123711340206185 0.0625 0.13917525773195877
1 0.310546875 0.979381443298969 0.061197916666666664 0.041237113402061855
1 0.2786458333333333 0.9304123711340206 0.06770833333333333 0.13917525773195877