0 0.8619109947643979 0.16709844559585493 0.04712041884816754 0.10621761658031088
0 0.8946335078534031 0.20595854922279794 0.05759162303664921 0.11398963730569948
0 0.9404450261780105 0.6010362694300518 0.06282722513089005 0.12176165803108809
0 0.8160994764397905 0.5505181347150259 0.07984293193717278 0.17875647668393782
0 0.6603403141361257 0.8277202072538861 0.06282722513089005 0.14248704663212436
0 0.2637434554973822 0.4106217616580311 0.06675392670157068 0.12176165803108809
0 0.2198952879581152 0.6800518134715026 0.06675392670157068 0.13212435233160622
0 0.7297120418848168 0.2189119170984456 0.07068062827225131 0.13471502590673576
1 0.7637434554973822 0.22020725388601037 0.06413612565445026 0.12435233160621761
1 0.5968586387434555 0.3225388601036269 0.07068062827225131 0.14248704663212436
1 0.662303664921466 0.6955958549222798 0.07460732984293193 0.15544041450777202
1 0.7441099476439791 0.8316062176165803 0.049738219895287955 0.06476683937823834
1 0.8520942408376964 0.7396373056994818 0.06282722513089005 0.08808290155440414
1 0.9280104712041884 0.4676165803108808 0.0693717277486911 0.12176165803108809
1 0.8481675392670157 0.33678756476683935 0.06675392670157068 0.13212435233160622
1 0.32787958115183247 0.8484455958549223 0.07591623036649214 0.14766839378238342
1 0.27356020942408377 0.6139896373056994 0.08115183246073299 0.13730569948186527