0 0.539873417721519 0.12125 0.05443037974683544 0.105
0 0.789873417721519 0.69 0.05822784810126582 0.1125
0 0.7373417721518988 0.70125 0.056962025316455694 0.115
0 0.7088607594936709 0.65375 0.07848101265822785 0.16
0 0.720253164556962 0.85125 0.06962025316455696 0.1325
0 0.6759493670886076 0.74125 0.0620253164556962 0.1225
0 0.6234177215189873 0.7 0.08227848101265822 0.1625
0 0.5177215189873418 0.92375 0.05949367088607595 0.1125
1 0.5613924050632911 0.42625 0.06455696202531645 0.14
1 0.620253164556962 0.435 0.05569620253164557 0.1025
1 0.6886075949367089 0.46 0.05443037974683544 0.1075
1 0.439873417721519 0.0625 0.05189873417721519 0.115
1 0.4753164556962025 0.86 0.07848101265822785 0.14
1 0.6582278481012658 0.94375 0.08354430379746836 0.1125
1 0.7069620253164557 0.98375 0.06455696202531645 0.0325