0 0.42484662576687116 0.05 0.09202453987730061 0.1
0 0.29754601226993865 0.8742424242424243 0.06134969325153374 0.0696969696969697
0 0.25996932515337423 0.7166666666666667 0.07208588957055215 0.18181818181818182
0 0.29524539877300615 0.2287878787878788 0.05061349693251534 0.15151515151515152
1 0.46549079754601225 0.95 0.06595092024539877 0.1
1 0.43558282208588955 0.6212121212121212 0.07822085889570553 0.15151515151515152
1 0.375 0.5287878787878788 0.06441717791411043 0.12121212121212122
1 0.3512269938650307 0.3424242424242424 0.0950920245398773 0.17272727272727273
1 0.21395705521472394 0.6878787878787879 0.04294478527607362 0.11212121212121212
1 0.5299079754601227 0.4727272727272727 0.0736196319018405 0.19090909090909092
1 0.7384969325153374 0.2803030303030303 0.06748466257668712 0.13333333333333333