0 0.4786135693215339 0.8026315789473685 0.05752212389380531 0.14619883040935672
0 0.5294985250737463 0.7894736842105263 0.05752212389380531 0.1286549707602339
0 0.4166666666666667 0.5526315789473685 0.061946902654867256 0.12280701754385964
0 0.29056047197640117 0.6111111111111112 0.06932153392330384 0.14619883040935672
0 0.5508849557522124 0.2909356725146199 0.06047197640117994 0.10818713450292397
1 0.3606194690265487 0.24269005847953215 0.058997050147492625 0.13742690058479531
1 0.5486725663716814 0.8552631578947368 0.061946902654867256 0.12573099415204678
1 0.31710914454277284 0.7412280701754386 0.05752212389380531 0.14327485380116958
1 0.6312684365781711 0.6535087719298246 0.051622418879056046 0.1111111111111111
1 0.5471976401179941 0.5511695906432749 0.05309734513274336 0.11988304093567251
1 0.49926253687315636 0.04678362573099415 0.05457227138643068 0.0935672514619883