0 0.44971264367816094 0.1377840909090909 0.05172413793103448 0.15625
0 0.6422413793103449 0.171875 0.05603448275862069 0.15056818181818182
0 0.6767241379310345 0.5610795454545454 0.06752873563218391 0.13352272727272727
0 0.7147988505747126 0.9105113636363636 0.04454022988505747 0.1278409090909091
0 0.29669540229885055 0.7485795454545454 0.03735632183908046 0.13068181818181818
0 0.28663793103448276 0.8806818181818182 0.04885057471264368 0.13920454545454544
1 0.3613505747126437 0.052556818181818184 0.06465517241379311 0.07670454545454546
1 0.6867816091954023 0.14488636363636365 0.06465517241379311 0.11363636363636363
1 0.5869252873563219 0.7045454545454546 0.0617816091954023 0.15625
1 0.39080459770114945 0.8607954545454546 0.040229885057471264 0.15056818181818182
1 0.26436781609195403 0.8494318181818182 0.014367816091954023 0.08806818181818182