0 0.5896358543417367 0.08866995073891626 0.05742296918767507 0.10098522167487685
0 0.5896358543417367 0.0480295566502463 0.06722689075630252 0.0960591133004926
0 0.5490196078431373 0.14901477832512317 0.06442577030812324 0.1206896551724138
0 0.5049019607843137 0.42980295566502463 0.06722689075630252 0.12315270935960591
0 0.4362745098039216 0.45073891625615764 0.0700280112044818 0.1354679802955665
0 0.4061624649859944 0.562807881773399 0.056022408963585436 0.10591133004926108
1 0.4019607843137255 0.8608374384236454 0.056022408963585436 0.0960591133004926
1 0.31932773109243695 0.31527093596059114 0.05182072829131653 0.0960591133004926
1 0.33613445378151263 0.21428571428571427 0.058823529411764705 0.10098522167487685
1 0.36694677871148457 0.14285714285714285 0.058823529411764705 0.10098522167487685
1 0.6211484593837535 0.2733990147783251 0.056022408963585436 0.11576354679802955
1 0.6834733893557423 0.3657635467980296 0.056022408963585436 0.09113300492610837