0 0.022277227722772276 0.39705882352941174 0.04455445544554455 0.12745098039215685
0 0.14521452145214522 0.3022875816993464 0.0891089108910891 0.16339869281045752
0 0.054455445544554455 0.7124183006535948 0.0891089108910891 0.1503267973856209
0 0.26732673267326734 0.7352941176470589 0.09570957095709572 0.1437908496732026
0 0.36716171617161714 0.9084967320261438 0.08745874587458746 0.12091503267973856
0 0.47277227722772275 0.9624183006535948 0.08085808580858085 0.07516339869281045
0 0.5387788778877888 0.08823529411764706 0.08415841584158416 0.1437908496732026
1 0.31353135313531355 0.40522875816993464 0.10231023102310231 0.13398692810457516
1 0.30775577557755773 0.15849673202614378 0.07920792079207921 0.17973856209150327
1 0.0165016501650165 0.7565359477124183 0.033003300330033 0.10784313725490197
1 0.25 0.8284313725490197 0.0858085808580858 0.17647058823529413
1 0.5437293729372937 0.5228758169934641 0.1188118811881188 0.16993464052287582
1 0.6047854785478548 0.9313725490196079 0.06765676567656766 0.13725490196078433
1 0.6551155115511551 0.3415032679738562 0.0891089108910891 0.1111111111111111
1 0.8176567656765676 0.2973856209150327 0.11551155115511551 0.1437908496732026