0 0.8147138964577657 0.6868279569892473 0.05449591280653951 0.11290322580645161
0 0.7731607629427792 0.771505376344086 0.06267029972752043 0.13709677419354838
0 0.7758855585831063 0.8360215053763441 0.0776566757493188 0.1478494623655914
0 0.5415531335149864 0.8736559139784946 0.07901907356948229 0.1532258064516129
0 0.36103542234332425 0.7029569892473119 0.08174386920980926 0.16666666666666666
0 0.33787465940054495 0.5900537634408602 0.0776566757493188 0.1532258064516129
0 0.5497275204359673 0.13844086021505375 0.04495912806539509 0.0967741935483871
0 0.5190735694822888 0.07258064516129033 0.07901907356948229 0.14516129032258066
1 0.6955040871934605 0.4825268817204301 0.07220708446866485 0.1424731182795699
1 0.6437329700272479 0.5739247311827957 0.08991825613079019 0.1881720430107527
1 0.526566757493188 0.9422043010752689 0.06948228882833787 0.11559139784946236
1 0.4114441416893733 0.27553763440860213 0.08310626702997276 0.14516129032258066
1 0.5606267029972752 0.4637096774193548 0.07901907356948229 0.14516129032258066