0 0.8134110787172012 0.1717948717948718 0.061224489795918366 0.13846153846153847
0 0.5240524781341108 0.18333333333333332 0.0641399416909621 0.11538461538461539
0 0.25145772594752186 0.10897435897435898 0.06559766763848396 0.09230769230769231
0 0.2981049562682216 0.27564102564102566 0.05539358600583091 0.07435897435897436
0 0.09766763848396501 0.17692307692307693 0.05102040816326531 0.11538461538461539
0 0.11588921282798834 0.3628205128205128 0.061224489795918366 0.07948717948717948
0 0.11443148688046648 0.47435897435897434 0.043731778425655975 0.09230769230769231
0 0.1377551020408163 0.5358974358974359 0.04518950437317784 0.07692307692307693
0 0.39868804664723034 0.5923076923076923 0.06268221574344024 0.08974358974358974
1 0.9424198250728864 0.43205128205128207 0.056851311953352766 0.08461538461538462
1 0.7026239067055393 0.1576923076923077 0.03644314868804665 0.06666666666666667
1 0.4577259475218659 0.09743589743589744 0.033527696793002916 0.06923076923076923
1 0.42128279883381925 0.24871794871794872 0.06997084548104957 0.07948717948717948
1 0.27769679300291544 0.34487179487179487 0.04956268221574344 0.08974358974358974
1 0.24125364431486881 0.41410256410256413 0.06268221574344024 0.08205128205128205
1 0.12463556851311954 0.09102564102564102 0.06997084548104957 0.05897435897435897
1 0.2893586005830904 0.5307692307692308 0.03206997084548105 0.08461538461538462
1 0.21720116618075802 0.6192307692307693 0.03935860058309038 0.07692307692307693