0 0.21774193548387097 0.35171568627450983 0.060794044665012405 0.08088235294117647
0 0.5663771712158809 0.36887254901960786 0.04714640198511166 0.08333333333333333
0 0.5620347394540943 0.4534313725490196 0.04466501240694789 0.07107843137254902
0 0.6066997518610422 0.553921568627451 0.05583126550868486 0.10784313725490197
0 0.1805210918114144 0.7536764705882353 0.04590570719602978 0.09313725490196079
0 0.3598014888337469 0.41911764705882354 0.05583126550868486 0.08333333333333333
0 0.3790322580645161 0.8051470588235294 0.04094292803970223 0.0661764705882353
0 0.47766749379652607 0.508578431372549 0.05583126550868486 0.08823529411764706
0 0.1935483870967742 0.4019607843137255 0.052109181141439205 0.0784313725490196
1 0.3380893300248139 0.35661764705882354 0.04466501240694789 0.10049019607843138
1 0.20099255583126552 0.6213235294117647 0.06699751861042183 0.0784313725490196
1 0.34305210918114143 0.8284313725490197 0.05086848635235732 0.10784313725490197
1 0.5818858560794045 0.8026960784313726 0.06327543424317618 0.11519607843137254
1 0.4392059553349876 0.7034313725490197 0.04838709677419355 0.1053921568627451
1 0.3554590570719603 0.6850490196078431 0.06327543424317618 0.08088235294117647
1 0.28225806451612906 0.6862745098039216 0.06575682382133995 0.09803921568627451
1 0.3988833746898263 0.3872549019607843 0.04838709677419355 0.09558823529411764
1 0.5353598014888338 0.12867647058823528 0.04838709677419355 0.07352941176470588