0 0.4260670731707317 0.7125668449197861 0.056402439024390245 0.07754010695187166
0 0.7332317073170732 0.6016042780748663 0.03353658536585366 0.0855614973262032
0 0.7088414634146342 0.4679144385026738 0.04573170731707317 0.0962566844919786
1 0.6890243902439024 0.13770053475935828 0.039634146341463415 0.05614973262032086
1 0.555640243902439 0.6296791443850267 0.025914634146341462 0.10427807486631016
1 0.5190548780487805 0.9425133689839572 0.05030487804878049 0.05614973262032086
1 0.4603658536585366 0.8756684491978609 0.051829268292682924 0.06149732620320856
1 0.39939024390243905 0.9893048128342246 0.036585365853658534 0.0213903743315508
1 0.41996951219512196 0.5320855614973262 0.03201219512195122 0.10695187165775401
1 0.32164634146341464 0.2874331550802139 0.024390243902439025 0.08823529411764706
1 0.30259146341463417 0.06016042780748663 0.041158536585365856 0.05080213903743316