0 0.7914402173913043 0.8110047846889952 0.07608695652173914 0.09808612440191387
0 0.7995923913043478 0.3026315789473684 0.05298913043478261 0.08133971291866028
0 0.7194293478260869 0.2332535885167464 0.06114130434782609 0.09330143540669857
0 0.375 0.04066985645933014 0.04891304347826087 0.08133971291866028
0 0.33695652173913043 0.03110047846889952 0.059782608695652176 0.06220095693779904
0 0.44972826086956524 0.2679425837320574 0.06793478260869565 0.10287081339712918
0 0.2642663043478261 0.3492822966507177 0.07336956521739131 0.1076555023923445
0 0.3804347826086957 0.583732057416268 0.06793478260869565 0.10526315789473684
1 0.8933423913043478 0.5382775119617225 0.08152173913043478 0.09330143540669857
1 0.75 0.5251196172248804 0.07608695652173914 0.08373205741626795
1 0.546875 0.13875598086124402 0.051630434782608696 0.10047846889952153
1 0.15081521739130435 0.29066985645933013 0.059782608695652176 0.11722488038277512
1 0.31997282608695654 0.40789473684210525 0.06793478260869565 0.09090909090909091
1 0.22214673913043478 0.47368421052631576 0.05298913043478261 0.09808612440191387
1 0.546875 0.7212918660287081 0.057065217391304345 0.07655502392344497
1 0.6569293478260869 0.9138755980861244 0.04619565217391304 0.08851674641148326