0 0.5527989821882952 0.8919597989949749 0.054707379134860054 0.12060301507537688
0 0.6151399491094147 0.8366834170854272 0.07251908396946564 0.10552763819095477
0 0.6730279898218829 0.36432160804020103 0.05979643765903308 0.12562814070351758
0 0.5553435114503816 0.292713567839196 0.058524173027989825 0.12060301507537688
0 0.3924936386768448 0.5753768844221105 0.05597964376590331 0.10804020100502512
0 0.6240458015267175 0.017587939698492462 0.062340966921119595 0.035175879396984924
1 0.6914758269720102 0.9183417085427136 0.04961832061068702 0.10050251256281408
1 0.6863867684478372 0.7474874371859297 0.06615776081424936 0.11306532663316583
1 0.6087786259541985 0.5012562814070352 0.0648854961832061 0.09798994974874371
1 0.5470737913486005 0.542713567839196 0.0737913486005089 0.09296482412060302
1 0.41603053435114506 0.4585427135678392 0.044529262086514 0.1306532663316583
1 0.42048346055979646 0.8467336683417085 0.0648854961832061 0.10050251256281408
1 0.30279898218829515 0.1871859296482412 0.04961832061068702 0.0829145728643216