0 0.5828840970350404 0.44680851063829785 0.06064690026954178 0.1702127659574468
0 0.5471698113207547 0.8417553191489362 0.05525606469002695 0.14361702127659576
0 0.4528301886792453 0.8683510638297872 0.05256064690026954 0.09840425531914894
0 0.3894878706199461 0.738031914893617 0.0444743935309973 0.11436170212765957
0 0.3200808625336927 0.3125 0.05390835579514825 0.13031914893617022
1 0.3423180592991914 0.9069148936170213 0.04986522911051213 0.09840425531914894
1 0.3308625336927224 0.7353723404255319 0.0660377358490566 0.10106382978723404
1 0.4063342318059299 0.36436170212765956 0.07547169811320754 0.10904255319148937
1 0.45485175202156336 0.4973404255319149 0.04582210242587601 0.10904255319148937
1 0.5154986522911051 0.5199468085106383 0.05660377358490566 0.09042553191489362
1 0.6172506738544474 0.7579787234042553 0.06064690026954178 0.11436170212765957
1 0.6401617250673854 0.09840425531914894 0.05256064690026954 0.10372340425531915
1 0.7008086253369272 0.05585106382978723 0.05929919137466307 0.10904255319148937