0 0.3798219584569733 0.9227748691099477 0.05341246290801187 0.10209424083769633
0 0.3516320474777448 0.831151832460733 0.06083086053412463 0.1099476439790576
0 0.5200296735905044 0.3887434554973822 0.05934718100890208 0.12041884816753927
0 0.37537091988130566 0.35732984293193715 0.05934718100890208 0.12041884816753927
0 0.6921364985163204 0.28664921465968585 0.06083086053412463 0.10209424083769633
1 0.4732937685459941 0.756544502617801 0.06379821958456973 0.11780104712041885
1 0.3486646884272997 0.6007853403141361 0.06083086053412463 0.112565445026178
1 0.5615727002967359 0.13481675392670156 0.0712166172106825 0.11518324607329843
1 0.6001483679525222 0.01832460732984293 0.057863501483679525 0.03664921465968586
1 0.4629080118694362 0.05759162303664921 0.057863501483679525 0.0968586387434555
1 0.35682492581602376 0.06675392670157068 0.05192878338278932 0.06282722513089005