0 0.5676691729323309 0.8279702970297029 0.06390977443609022 0.12376237623762376
0 0.4724310776942356 0.6274752475247525 0.05012531328320802 0.10396039603960396
0 0.5056390977443609 0.7772277227722773 0.07518796992481203 0.15594059405940594
0 0.40100250626566414 0.6237623762376238 0.05137844611528822 0.09900990099009901
1 0.4216791979949875 0.5272277227722773 0.05137844611528822 0.10643564356435643
1 0.6622807017543859 0.6101485148514851 0.06015037593984962 0.10891089108910891
1 0.6528822055137845 0.8292079207920792 0.07142857142857142 0.13613861386138615
1 0.35651629072681706 0.8304455445544554 0.05012531328320802 0.09900990099009901
1 0.39849624060150374 0.7982673267326733 0.05639097744360902 0.12871287128712872
1 0.35401002506265666 0.8861386138613861 0.046365914786967416 0.07673267326732673
1 0.39598997493734334 0.9306930693069307 0.05513784461152882 0.09158415841584158
1 0.462406015037594 0.9876237623762376 0.045112781954887216 0.024752475247524754