0 0.35046728971962615 0.45245398773006135 0.08099688473520249 0.16257668711656442
0 0.21962616822429906 0.7239263803680982 0.0778816199376947 0.15030674846625766
0 0.2585669781931464 0.8696319018404908 0.07476635514018691 0.147239263803681
0 0.6853582554517134 0.6886503067484663 0.0763239875389408 0.13803680981595093
0 0.7087227414330218 0.7791411042944786 0.08566978193146417 0.16257668711656442
0 0.8434579439252337 0.147239263803681 0.08411214953271028 0.17484662576687116
0 0.5700934579439252 0.09355828220858896 0.07320872274143302 0.15030674846625766
0 0.616822429906542 0.2960122699386503 0.0794392523364486 0.15337423312883436
1 0.5584112149532711 0.941717791411043 0.07009345794392523 0.1165644171779141
1 0.40498442367601245 0.5506134969325154 0.07165109034267912 0.1687116564417178
1 0.1970404984423676 0.6365030674846626 0.06542056074766354 0.13190184049079753
1 0.43068535825545173 0.36809815950920244 0.08566978193146417 0.18404907975460122
1 0.9088785046728972 0.018404907975460124 0.0514018691588785 0.03680981595092025
1 0.9579439252336449 0.4340490797546012 0.08411214953271028 0.16257668711656442
1 0.9174454828660437 0.5828220858895705 0.09657320872274143 0.19325153374233128