0 0.371551724137931 0.49242424242424243 0.08103448275862069 0.1484848484848485
0 0.43275862068965515 0.4121212121212121 0.07758620689655173 0.1393939393939394
0 0.5103448275862069 0.4348484848484849 0.08275862068965517 0.14545454545454545
0 0.5810344827586207 0.45606060606060606 0.10517241379310345 0.19393939393939394
0 0.781896551724138 0.5121212121212121 0.08620689655172414 0.1606060606060606
0 0.7206896551724138 0.4590909090909091 0.0896551724137931 0.16363636363636364
0 0.8137931034482758 0.4636363636363636 0.0706896551724138 0.13333333333333333
1 0.23189655172413792 0.6181818181818182 0.06896551724137931 0.14242424242424243
1 0.5379310344827586 0.10151515151515152 0.05862068965517241 0.1
1 0.6077586206896551 0.11363636363636363 0.07758620689655173 0.1303030303030303
1 0.7025862068965517 0.15 0.06724137931034482 0.09090909090909091
1 0.6793103448275862 0.2878787878787879 0.07758620689655173 0.12424242424242424
1 0.6818965517241379 0.8818181818181818 0.05517241379310345 0.10303030303030303