0 0.244140625 0.19845360824742267 0.06640625 0.13402061855670103
0 0.5989583333333334 0.3543814432989691 0.06640625 0.13659793814432988
0 0.6608072916666666 0.3788659793814433 0.0625 0.1134020618556701
0 0.6549479166666666 0.7667525773195877 0.06770833333333333 0.14690721649484537
0 0.4915364583333333 0.6134020618556701 0.07421875 0.13917525773195877
0 0.3639322916666667 0.6134020618556701 0.07291666666666667 0.13917525773195877
0 0.3151041666666667 0.5115979381443299 0.07421875 0.13917525773195877
0 0.3430989583333333 0.634020618556701 0.07161458333333333 0.12371134020618557
0 0.6263020833333334 0.16237113402061856 0.044270833333333336 0.10309278350515463
1 0.40625 0.2036082474226804 0.06380208333333333 0.1211340206185567
1 0.4557291666666667 0.3402061855670103 0.061197916666666664 0.13402061855670103
1 0.7513020833333334 0.25128865979381443 0.0546875 0.10309278350515463
1 0.796875 0.35309278350515466 0.046875 0.0979381443298969
1 0.5651041666666666 0.4729381443298969 0.0703125 0.11597938144329897
1 0.373046875 0.2860824742268041 0.08203125 0.11855670103092783
1 0.32421875 0.75 0.0625 0.13659793814432988
1 0.17252604166666666 0.6146907216494846 0.059895833333333336 0.12886597938144329
1 0.18098958333333334 0.5038659793814433 0.06640625 0.14175257731958762