0 0.5290055248618785 0.24863387978142076 0.08149171270718232 0.17486338797814208
0 0.5552486187845304 0.13387978142076504 0.07734806629834254 0.16393442622950818
0 0.5483425414364641 0.6352459016393442 0.08839779005524862 0.16666666666666666
0 0.38812154696132595 0.7390710382513661 0.0718232044198895 0.14207650273224043
0 0.35428176795580113 0.49453551912568305 0.07734806629834254 0.1557377049180328
0 0.40607734806629836 0.9521857923497268 0.0856353591160221 0.09562841530054644
0 0.40400552486187846 0.8729508196721312 0.06353591160220995 0.13114754098360656
1 0.27486187845303867 0.32786885245901637 0.0787292817679558 0.15300546448087432
1 0.34599447513812154 0.12704918032786885 0.06629834254143646 0.10655737704918032
1 0.7071823204419889 0.4248633879781421 0.08701657458563536 0.16666666666666666
1 0.6312154696132597 0.3551912568306011 0.08149171270718232 0.17486338797814208
1 0.5234806629834254 0.4849726775956284 0.07044198895027624 0.14754098360655737
1 0.5421270718232044 0.930327868852459 0.06906077348066299 0.13114754098360656
1 0.44060773480662985 0.7827868852459017 0.0856353591160221 0.1557377049180328