0 0.43063186813186816 0.08016304347826086 0.05357142857142857 0.11413043478260869
0 0.3901098901098901 0.5081521739130435 0.06593406593406594 0.11684782608695653
0 0.31868131868131866 0.453804347826087 0.05631868131868132 0.10869565217391304
0 0.40865384615384615 0.8953804347826086 0.04807692307692308 0.15760869565217392
0 0.584478021978022 0.6942934782608695 0.057692307692307696 0.14673913043478262
0 0.6710164835164835 0.5842391304347826 0.06318681318681318 0.15760869565217392
1 0.48695054945054944 0.07880434782608696 0.07280219780219781 0.11956521739130435
1 0.4052197802197802 0.17119565217391305 0.06868131868131869 0.12228260869565218
1 0.25961538461538464 0.7024456521739131 0.05631868131868132 0.11956521739130435
1 0.6050824175824175 0.9456521739130435 0.0673076923076923 0.10869565217391304
1 0.6806318681318682 0.33016304347826086 0.08379120879120878 0.13043478260869565