0 0.252442996742671 0.47844827586206895 0.06026058631921824 0.11781609195402298
0 0.249185667752443 0.9655172413793104 0.04234527687296417 0.06896551724137931
0 0.502442996742671 0.7068965517241379 0.06677524429967427 0.11494252873563218
0 0.5846905537459284 0.33620689655172414 0.0781758957654723 0.14367816091954022
0 0.6653094462540716 0.41379310344827586 0.05374592833876222 0.07758620689655173
1 0.2304560260586319 0.09051724137931035 0.05374592833876222 0.06321839080459771
1 0.23208469055374592 0.5502873563218391 0.03257328990228013 0.08908045977011494
1 0.4193811074918567 0.9525862068965517 0.050488599348534204 0.09482758620689655
1 0.4804560260586319 0.8908045977011494 0.05863192182410423 0.10919540229885058
1 0.5618892508143323 0.9813218390804598 0.04560260586319218 0.031609195402298854
1 0.5570032573289903 0.6235632183908046 0.05374592833876222 0.10344827586206896
1 0.6416938110749185 0.10919540229885058 0.05211726384364821 0.09482758620689655