0 0.38986013986013984 0.1712962962962963 0.07692307692307693 0.13271604938271606
0 0.28234265734265734 0.13425925925925927 0.057692307692307696 0.09876543209876543
0 0.375 0.25771604938271603 0.07167832167832168 0.12037037037037036
0 0.4012237762237762 0.44290123456790126 0.07692307692307693 0.12654320987654322
0 0.5218531468531469 0.5756172839506173 0.08216783216783216 0.15432098765432098
0 0.5655594405594405 0.7129629629629629 0.06993006993006994 0.12037037037037036
1 0.7709790209790209 0.8240740740740741 0.050699300699300696 0.08641975308641975
1 0.38286713286713286 0.7777777777777778 0.06293706293706294 0.11728395061728394
1 0.31905594405594406 0.6898148148148148 0.05419580419580419 0.12654320987654322
1 0.291958041958042 0.5941358024691358 0.06293706293706294 0.10493827160493827
1 0.17045454545454544 0.4182098765432099 0.06118881118881119 0.12962962962962962
1 0.12937062937062938 0.3132716049382716 0.055944055944055944 0.12654320987654322
1 0.06031468531468531 0.26080246913580246 0.057692307692307696 0.1111111111111111
1 0.5979020979020979 0.047839506172839504 0.05944055944055944 0.09567901234567901