0 0.2483818770226537 0.7982954545454546 0.03559870550161812 0.11079545454545454
0 0.3058252427184466 0.8565340909090909 0.06310679611650485 0.11931818181818182
0 0.3567961165048544 0.8565340909090909 0.05825242718446602 0.10227272727272728
0 0.5420711974110033 0.6363636363636364 0.061488673139158574 0.11931818181818182
0 0.6456310679611651 0.36363636363636365 0.043689320388349516 0.08522727272727272
0 0.6237864077669902 0.22017045454545456 0.05663430420711974 0.11931818181818182
1 0.5210355987055016 0.3096590909090909 0.043689320388349516 0.13636363636363635
1 0.558252427184466 0.9715909090909091 0.043689320388349516 0.048295454545454544
1 0.4854368932038835 0.8536931818181818 0.06796116504854369 0.07386363636363637
1 0.43284789644012944 0.9588068181818182 0.06634304207119741 0.08238636363636363
1 0.28802588996763756 0.4744318181818182 0.07281553398058252 0.08806818181818182
1 0.22411003236245955 0.4715909090909091 0.032362459546925564 0.11079545454545454