0 0.5382436260623229 0.48507462686567165 0.043909348441926344 0.0945273631840796
0 0.48937677053824363 0.48756218905472637 0.04815864022662889 0.0945273631840796
0 0.3980169971671388 0.5074626865671642 0.060906515580736544 0.10696517412935323
0 0.5764872521246459 0.986318407960199 0.04815864022662889 0.02736318407960199
0 0.6784702549575071 0.832089552238806 0.07223796033994334 0.09203980099502487
0 0.6940509915014165 0.7885572139303483 0.06232294617563739 0.09701492537313433
1 0.32223796033994334 0.23134328358208955 0.04107648725212465 0.07462686567164178
1 0.5247875354107648 0.8432835820895522 0.06373937677053824 0.09203980099502487
1 0.7053824362606232 0.46766169154228854 0.059490084985835696 0.08706467661691543
1 0.6635977337110481 0.6256218905472637 0.05099150141643059 0.09950248756218906
1 0.4511331444759207 0.8196517412935324 0.060906515580736544 0.09203980099502487
1 0.3859773371104816 0.777363184079602 0.0453257790368272 0.08706467661691543