0 0.453125 0.9335260115606936 0.05756578947368421 0.08670520231213873
0 0.4095394736842105 0.8786127167630058 0.06907894736842106 0.09248554913294797
0 0.6167763157894737 0.30491329479768786 0.07894736842105263 0.11560693641618497
0 0.26973684210526316 0.17052023121387283 0.07401315789473684 0.12427745664739884
0 0.14884868421052633 0.1430635838150289 0.06743421052631579 0.11560693641618497
0 0.24424342105263158 0.6286127167630058 0.07072368421052631 0.12716763005780346
1 0.6414473684210527 0.9176300578034682 0.044407894736842105 0.09248554913294797
1 0.390625 0.6213872832369942 0.08388157894736842 0.08959537572254335
1 0.4597039473684211 0.10404624277456648 0.06085526315789474 0.13005780346820808
1 0.06085526315789474 0.22109826589595374 0.05263157894736842 0.13005780346820808
1 0.11924342105263158 0.36127167630057805 0.047697368421052634 0.1069364161849711
1 0.14144736842105263 0.4956647398843931 0.05592105263157895 0.1069364161849711
1 0.05674342105263158 0.5765895953757225 0.044407894736842105 0.10982658959537572
1 0.17269736842105263 0.044797687861271675 0.049342105263157895 0.08959537572254335