0 0.5209537572254336 0.05714285714285714 0.06213872832369942 0.11428571428571428
0 0.5946531791907514 0.48428571428571426 0.07369942196531792 0.13428571428571429
0 0.6654624277456648 0.4057142857142857 0.06502890173410404 0.12285714285714286
0 0.6026011560693642 0.8857142857142857 0.057803468208092484 0.15714285714285714
0 0.4060693641618497 0.7328571428571429 0.06791907514450866 0.16285714285714287
0 0.3078034682080925 0.6442857142857142 0.07514450867052024 0.1742857142857143
1 0.4624277456647399 0.06714285714285714 0.08092485549132948 0.13428571428571429
1 0.5541907514450867 0.13714285714285715 0.07803468208092486 0.14285714285714285
1 0.7456647398843931 0.6485714285714286 0.06502890173410404 0.13428571428571429
1 0.40390173410404623 0.97 0.07658959537572255 0.06
1 0.2796242774566474 0.38142857142857145 0.09248554913294797 0.15428571428571428