0 0.5269337016574586 0.1953551912568306 0.06629834254143646 0.12295081967213115
0 0.5041436464088398 0.15163934426229508 0.06767955801104972 0.13114754098360656
0 0.5400552486187845 0.12295081967213115 0.05662983425414365 0.11748633879781421
0 0.4095303867403315 0.4248633879781421 0.07044198895027624 0.12295081967213115
0 0.1919889502762431 0.8292349726775956 0.05110497237569061 0.10109289617486339
0 0.1850828729281768 0.9057377049180327 0.06077348066298342 0.10382513661202186
0 0.23964088397790057 0.9357923497267759 0.062154696132596686 0.10382513661202186
0 0.27900552486187846 0.9754098360655737 0.0718232044198895 0.04918032786885246
0 0.5897790055248618 0.9098360655737705 0.06906077348066299 0.12021857923497267
1 0.30732044198895025 0.592896174863388 0.06353591160220995 0.11748633879781421
1 0.47306629834254144 0.4344262295081967 0.0718232044198895 0.1366120218579235
1 0.6505524861878453 0.14344262295081966 0.0649171270718232 0.12295081967213115
1 0.42265193370165743 0.15710382513661203 0.05386740331491713 0.1092896174863388
1 0.30455801104972374 0.8346994535519126 0.06629834254143646 0.1284153005464481