0 0.8318858560794045 0.4325980392156863 0.04714640198511166 0.06372549019607843
0 0.5390818858560794 0.38235294117647056 0.060794044665012405 0.11274509803921569
0 0.43672456575682383 0.6360294117647058 0.06451612903225806 0.09068627450980392
0 0.6184863523573201 0.5514705882352942 0.06451612903225806 0.08823529411764706
0 0.6575682382133995 0.5906862745098039 0.04590570719602978 0.12745098039215685
0 0.6029776674937966 0.8970588235294118 0.04962779156327544 0.11029411764705882
0 0.8678660049627791 0.8860294117647058 0.05707196029776675 0.0857843137254902
0 0.8883374689826302 0.6703431372549019 0.05086848635235732 0.07598039215686274
0 0.29652605459057074 0.8970588235294118 0.05583126550868486 0.1053921568627451
1 0.8678660049627791 0.8198529411764706 0.05583126550868486 0.08088235294117647
1 0.7704714640198511 0.7990196078431373 0.04838709677419355 0.09803921568627451
1 0.7382133995037221 0.9068627450980392 0.05583126550868486 0.11029411764705882
1 0.5173697270471465 0.8553921568627451 0.05583126550868486 0.10784313725490197
1 0.542803970223325 0.7610294117647058 0.05707196029776675 0.08333333333333333
1 0.43796526054590573 0.24142156862745098 0.04838709677419355 0.09068627450980392
1 0.6805210918114144 0.4522058823529412 0.06327543424317618 0.08333333333333333
1 0.7233250620347395 0.40808823529411764 0.060794044665012405 0.10049019607843138
1 0.1705955334987593 0.7720588235294118 0.05707196029776675 0.10049019607843138