0 0.4800347222222222 0.18292682926829268 0.06770833333333333 0.08536585365853659
0 0.6527777777777778 0.39634146341463417 0.078125 0.09146341463414634
0 0.6796875 0.057926829268292686 0.06597222222222222 0.0975609756097561
0 0.7543402777777778 0.056402439024390245 0.0763888888888889 0.08536585365853659
0 0.90625 0.4771341463414634 0.07291666666666667 0.09146341463414634
0 0.9505208333333334 0.6341463414634146 0.0642361111111111 0.09451219512195122
0 0.4470486111111111 0.9466463414634146 0.04513888888888889 0.0975609756097561
1 0.3081597222222222 0.9100609756097561 0.04513888888888889 0.09146341463414634
1 0.6102430555555556 0.7759146341463414 0.0625 0.07621951219512195
1 0.5503472222222222 0.42835365853658536 0.057291666666666664 0.07926829268292683
1 0.4539930555555556 0.0701219512195122 0.041666666666666664 0.10670731707317073
1 0.6111111111111112 0.35823170731707316 0.06944444444444445 0.07926829268292683
1 0.8203125 0.7439024390243902 0.05381944444444445 0.12195121951219512
1 0.9105902777777778 0.15701219512195122 0.06944444444444445 0.07317073170731707
1 0.9739583333333334 0.08079268292682927 0.046875 0.10670731707317073
1 0.5989583333333334 0.05030487804878049 0.078125 0.08231707317073171