0 0.5241610738255034 0.09198113207547169 0.07248322147651007 0.12028301886792453
0 0.5570469798657718 0.03537735849056604 0.06174496644295302 0.07075471698113207
0 0.40604026845637586 0.3455188679245283 0.0697986577181208 0.125
0 0.4261744966442953 0.6839622641509434 0.06711409395973154 0.12735849056603774
0 0.36711409395973155 0.6757075471698113 0.06577181208053691 0.11320754716981132
0 0.5436241610738255 0.9775943396226415 0.053691275167785234 0.04481132075471698
1 0.6630872483221476 0.2535377358490566 0.056375838926174496 0.09433962264150944
1 0.41879194630872485 0.08372641509433962 0.06040268456375839 0.1179245283018868
1 0.3912751677852349 0.2028301886792453 0.06040268456375839 0.09905660377358491
1 0.3093959731543624 0.1580188679245283 0.053691275167785234 0.09433962264150944
1 0.3953020134228188 0.43160377358490565 0.06174496644295302 0.10849056603773585
1 0.425503355704698 0.8632075471698113 0.052348993288590606 0.09433962264150944
1 0.4228187919463087 0.9528301886792453 0.053691275167785234 0.09433962264150944