0 0.796916890080429 0.7711640211640212 0.07104557640750671 0.1402116402116402
0 0.7050938337801609 0.626984126984127 0.06836461126005362 0.12433862433862433
0 0.524798927613941 0.31746031746031744 0.06970509383378017 0.12433862433862433
0 0.31300268096514744 0.6124338624338624 0.07104557640750671 0.12433862433862433
0 0.17493297587131368 0.7063492063492064 0.08579088471849866 0.14814814814814814
0 0.7888739946380697 0.8783068783068783 0.07372654155495978 0.11904761904761904
0 0.811662198391421 0.8306878306878307 0.064343163538874 0.10846560846560846
0 0.6802949061662198 0.8465608465608465 0.06568364611260054 0.12698412698412698
1 0.6045576407506702 0.4537037037037037 0.07640750670241286 0.14285714285714285
1 0.47587131367292224 0.10978835978835978 0.06032171581769437 0.11904761904761904
1 0.20777479892761394 0.5634920634920635 0.06568364611260054 0.13227513227513227
1 0.37131367292225204 0.7023809523809523 0.06836461126005362 0.1455026455026455
1 0.539544235924933 0.843915343915344 0.06568364611260054 0.14285714285714285
1 0.5 0.5 1 1
1 0.703083109919571 0.5515873015873016 0.06166219839142091 0.11375661375661375