0 0.23346560846560846 0.5785340314136126 0.06746031746031746 0.13089005235602094
0 0.3353174603174603 0.5026178010471204 0.07671957671957672 0.1518324607329843
0 0.5720899470899471 0.524869109947644 0.06349206349206349 0.13089005235602094
0 0.6011904761904762 0.40706806282722513 0.05423280423280423 0.11780104712041885
1 0.6296296296296297 0.18717277486910994 0.062169312169312166 0.12303664921465969
1 0.6481481481481481 0.11518324607329843 0.05291005291005291 0.08115183246073299
1 0.5621693121693122 0.0968586387434555 0.06746031746031746 0.12827225130890052
1 0.5370370370370371 0.030104712041884817 0.06084656084656084 0.060209424083769635
1 0.2996031746031746 0.31282722513089006 0.07275132275132275 0.14136125654450263
1 0.4834656084656085 0.5157068062827225 0.06084656084656084 0.13350785340314136
1 0.5588624338624338 0.2879581151832461 0.06878306878306878 0.13089005235602094