0 0.5154639175257731 0.7170050761421319 0.05798969072164949 0.11928934010152284
0 0.4722938144329897 0.6548223350253807 0.07345360824742268 0.1446700507614213
0 0.42396907216494845 0.6802030456852792 0.07731958762886598 0.1446700507614213
0 0.3743556701030928 0.1700507614213198 0.06443298969072164 0.12690355329949238
0 0.6166237113402062 0.1916243654822335 0.07087628865979381 0.1319796954314721
0 0.5908505154639175 0.3362944162436548 0.06314432989690721 0.11421319796954314
0 0.541881443298969 0.38071065989847713 0.055412371134020616 0.1218274111675127
1 0.625 0.2969543147208122 0.06443298969072164 0.12690355329949238
1 0.6501288659793815 0.7791878172588832 0.04768041237113402 0.1116751269035533
1 0.5940721649484536 0.4073604060913706 0.06443298969072164 0.11928934010152284
1 0.4800257731958763 0.09517766497461928 0.07216494845360824 0.15736040609137056
1 0.5019329896907216 0.024111675126903553 0.06056701030927835 0.048223350253807105
1 0.41365979381443296 0.34517766497461927 0.08247422680412371 0.15228426395939088
1 0.43492268041237114 0.19796954314720813 0.08118556701030928 0.1598984771573604
1 0.3131443298969072 0.5469543147208121 0.07860824742268041 0.1446700507614213
1 0.4104381443298969 0.0799492385786802 0.08118556701030928 0.1598984771573604