0 0.5623425692695214 0.21393034825870647 0.08564231738035265 0.1517412935323383
0 0.22040302267002518 0.43532338308457713 0.09697732997481108 0.18159203980099503
0 0.6756926952141058 0.6666666666666666 0.08816120906801007 0.15671641791044777
0 0.7707808564231738 0.7524875621890548 0.07934508816120907 0.14925373134328357
0 0.7329974811083123 0.9440298507462687 0.07556675062972293 0.11194029850746269
0 0.6423173803526449 0.8308457711442786 0.08060453400503778 0.1517412935323383
0 0.5384130982367759 0.8370646766169154 0.08060453400503778 0.14427860696517414
0 0.3602015113350126 0.7276119402985075 0.08312342569269521 0.1517412935323383
1 0.6945843828715366 0.5087064676616916 0.07304785894206549 0.14925373134328357
1 0.5377833753148614 0.5422885572139303 0.07808564231738035 0.16417910447761194
1 0.4924433249370277 0.6194029850746269 0.061712846347607056 0.12686567164179105
1 0.4093198992443325 0.6318407960199005 0.0743073047858942 0.1517412935323383
1 0.5220403022670025 0.9340796019900498 0.061712846347607056 0.12686567164179105
1 0.6013853904282116 0.9664179104477612 0.07178841309823678 0.06716417910447761
1 0.47544080604534006 0.472636815920398 0.08060453400503778 0.1417910447761194
1 0.4540302267002519 0.03731343283582089 0.06926952141057935 0.07462686567164178
1 0.10201511335012595 0.3246268656716418 0.06297229219143577 0.11940298507462686