0 0.1969309462915601 0.8636363636363636 0.05370843989769821 0.09090909090909091
0 0.2985933503836317 0.6641414141414141 0.06265984654731457 0.12626262626262627
0 0.34398976982097185 0.8131313131313131 0.06777493606138107 0.11868686868686869
0 0.5927109974424553 0.8042929292929293 0.07289002557544758 0.1388888888888889
0 0.4629156010230179 0.41792929292929293 0.07544757033248081 0.14393939393939395
0 0.5274936061381074 0.030303030303030304 0.06265984654731457 0.06060606060606061
0 0.8228900255754475 0.6363636363636364 0.07672634271099744 0.1590909090909091
0 0.7966751918158568 0.476010101010101 0.061381074168797956 0.11363636363636363
1 0.4718670076726343 0.6060606060606061 0.058823529411764705 0.14646464646464646
1 0.5025575447570333 0.7234848484848485 0.0639386189258312 0.14393939393939395
1 0.3203324808184143 0.9532828282828283 0.06521739130434782 0.09343434343434344
1 0.4079283887468031 0.9217171717171717 0.06265984654731457 0.12373737373737374
1 0.4929667519181586 0.23232323232323232 0.05370843989769821 0.10606060606060606
1 0.7902813299232737 0.2058080808080808 0.07800511508951406 0.11616161616161616
1 0.8913043478260869 0.5050505050505051 0.054987212276214836 0.1414141414141414
1 0.6010230179028133 0.05555555555555555 0.058823529411764705 0.1111111111111111