0 0.26504297994269344 0.5214646464646465 0.05300859598853868 0.07575757575757576
0 0.27722063037249284 0.5593434343434344 0.054441260744985676 0.07828282828282829
0 0.5773638968481375 0.6919191919191919 0.06876790830945559 0.09343434343434344
0 0.6095988538681948 0.39141414141414144 0.05730659025787966 0.08838383838383838
0 0.6361031518624641 0.2815656565656566 0.04871060171919771 0.07323232323232323
0 0.6683381088825215 0.30176767676767674 0.06446991404011461 0.10606060606060606
1 0.6010028653295129 0.036616161616161616 0.04727793696275072 0.07323232323232323
1 0.5322349570200573 0.10227272727272728 0.05300859598853868 0.07575757575757576
1 0.2507163323782235 0.14898989898989898 0.055873925501432664 0.08080808080808081
1 0.4032951289398281 0.8118686868686869 0.045845272206303724 0.09595959595959595
1 0.5236389684813754 0.952020202020202 0.05157593123209169 0.07575757575757576
1 0.5651862464183381 0.8724747474747475 0.054441260744985676 0.08333333333333333
1 0.6404011461318052 0.9381313131313131 0.04297994269340974 0.045454545454545456
1 0.5716332378223495 0.5404040404040404 0.04727793696275072 0.08333333333333333