0 0.9711864406779661 0.46875 0.0576271186440678 0.12202380952380952
0 0.926271186440678 0.03571428571428571 0.0423728813559322 0.07142857142857142
0 0.5288135593220339 0.05357142857142857 0.07457627118644068 0.10714285714285714
0 0.27288135593220336 0.12797619047619047 0.07457627118644068 0.09523809523809523
0 0.3059322033898305 0.19940476190476192 0.07457627118644068 0.1130952380952381
0 0.49322033898305084 0.4851190476190476 0.09491525423728814 0.14583333333333334
0 0.48135593220338985 0.5580357142857143 0.08644067796610169 0.16071428571428573
0 0.6067796610169491 0.6741071428571429 0.09661016949152543 0.13988095238095238
0 0.10847457627118644 0.4181547619047619 0.08305084745762711 0.13690476190476192
1 0.8661016949152542 0.27232142857142855 0.07288135593220339 0.14583333333333334
1 0.7567796610169492 0.025297619047619048 0.06949152542372881 0.050595238095238096
1 0.47966101694915253 0.08333333333333333 0.0711864406779661 0.14583333333333334
1 0.10932203389830508 0.23809523809523808 0.06949152542372881 0.13988095238095238
1 0.14322033898305084 0.7217261904761905 0.08983050847457627 0.125
1 0.3423728813559322 0.6919642857142857 0.07627118644067797 0.17261904761904762
1 0.42542372881355933 0.7529761904761905 0.06440677966101695 0.125