0 0.45809248554913296 0.07571428571428572 0.09826589595375723 0.15142857142857144
0 0.6705202312138728 0.8128571428571428 0.07947976878612717 0.15428571428571428
0 0.6856936416184971 0.6228571428571429 0.08236994219653179 0.17714285714285713
0 0.6076589595375722 0.19428571428571428 0.08092485549132948 0.17714285714285713
0 0.6033236994219653 0.9071428571428571 0.07658959537572255 0.14285714285714285
1 0.5252890173410405 0.9428571428571428 0.07947976878612717 0.11428571428571428
1 0.7709537572254336 0.7285714285714285 0.06502890173410404 0.10285714285714286
1 0.5079479768786127 0.6128571428571429 0.07658959537572255 0.14857142857142858
1 0.5505780346820809 0.5185714285714286 0.07225433526011561 0.14
1 0.5527456647398844 0.3028571428571429 0.0968208092485549 0.19142857142857142
1 0.7261560693641619 0.5571428571428572 0.08670520231213873 0.1657142857142857
1 0.3598265895953757 0.5014285714285714 0.09971098265895954 0.2
1 0.1972543352601156 0.41714285714285715 0.06502890173410404 0.1457142857142857