0 0.31197183098591547 0.8347222222222223 0.06338028169014084 0.11944444444444445
0 0.6056338028169014 0.8861111111111111 0.06056338028169014 0.125
0 0.5732394366197183 0.8333333333333334 0.061971830985915494 0.125
0 0.41338028169014085 0.5916666666666667 0.08169014084507042 0.14444444444444443
0 0.45492957746478874 0.22361111111111112 0.07605633802816901 0.16111111111111112
0 0.39647887323943665 0.175 0.06056338028169014 0.14444444444444443
0 0.27816901408450706 0.5319444444444444 0.08873239436619719 0.16666666666666666
1 0.6267605633802817 0.3333333333333333 0.07183098591549296 0.13333333333333333
1 0.5767605633802817 0.41388888888888886 0.07464788732394366 0.17222222222222222
1 0.5873239436619718 0.5402777777777777 0.07042253521126761 0.11388888888888889
1 0.4823943661971831 0.6791666666666667 0.057746478873239436 0.15555555555555556
1 0.35070422535211265 0.12638888888888888 0.07605633802816901 0.13333333333333333