0 0.5676156583629893 0.6890625 0.09252669039145907 0.18125
0 0.3959074733096085 0.721875 0.08896797153024912 0.134375
0 0.11298932384341637 0.3578125 0.07295373665480427 0.109375
0 0.1423487544483986 0.2625 0.08896797153024912 0.128125
0 0.4181494661921708 0.3953125 0.09430604982206406 0.140625
0 0.44661921708185054 0.1828125 0.08362989323843416 0.153125
1 0.797153024911032 0.9 0.099644128113879 0.115625
1 0.5026690391459074 0.8109375 0.08185053380782918 0.1375
1 0.20373665480427047 0.653125 0.07295373665480427 0.134375
1 0.2775800711743772 0.471875 0.06583629893238434 0.134375
1 0.2571174377224199 0.19375 0.06405693950177936 0.121875
1 0.20106761565836298 0.0203125 0.10320284697508897 0.040625
1 0.6841637010676157 0.2625 0.05871886120996441 0.10625