0 0.7073170731707317 0.7927807486631016 0.07046070460704607 0.13903743315508021
0 0.35501355013550134 0.4799465240641711 0.06097560975609756 0.11764705882352941
0 0.11991869918699187 0.7727272727272727 0.052845528455284556 0.0962566844919786
0 0.1842818428184282 0.8128342245989305 0.058265582655826556 0.11229946524064172
0 0.13414634146341464 0.8903743315508021 0.052845528455284556 0.10160427807486631
0 0.17953929539295393 0.9692513368983957 0.06368563685636856 0.06149732620320856
0 0.12601626016260162 0.9344919786096256 0.051490514905149054 0.09893048128342247
1 0.47831978319783197 0.8435828877005348 0.07046070460704607 0.13903743315508021
1 0.5724932249322493 0.929144385026738 0.07046070460704607 0.13368983957219252
1 0.5426829268292683 0.9077540106951871 0.006775067750677507 0.016042780748663103
1 0.25 0.6363636363636364 0.06233062330623306 0.12834224598930483
1 0.2181571815718157 0.6684491978609626 0.06910569105691057 0.13368983957219252
1 0.3021680216802168 0.803475935828877 0.06775067750677506 0.15508021390374332
1 0.2696476964769648 0.9077540106951871 0.06097560975609756 0.12299465240641712