0 0.896457765667575 0.5766129032258065 0.05313351498637602 0.08602150537634409
0 0.7520435967302452 0.4731182795698925 0.05994550408719346 0.12096774193548387
0 0.7425068119891008 0.6586021505376344 0.0667574931880109 0.11290322580645161
0 0.5 0.8709677419354839 0.07084468664850137 0.13172043010752688
0 0.5367847411444142 0.38306451612903225 0.07356948228882834 0.13709677419354838
0 0.38283378746594005 0.056451612903225805 0.06267029972752043 0.07258064516129033
0 0.23978201634877383 0.9126344086021505 0.07356948228882834 0.1532258064516129
0 0.2282016348773842 0.7338709677419355 0.05858310626702997 0.10752688172043011
1 0.5715258855585831 0.571236559139785 0.05449591280653951 0.1478494623655914
1 0.5688010899182562 0.7110215053763441 0.05994550408719346 0.1424731182795699
1 0.8004087193460491 0.7889784946236559 0.06267029972752043 0.12096774193548387
1 0.7050408719346049 0.8185483870967742 0.05994550408719346 0.11827956989247312
1 0.4659400544959128 0.22983870967741934 0.051771117166212535 0.10215053763440861
1 0.17302452316076294 0.46908602150537637 0.07901907356948229 0.10483870967741936
1 0.14373297002724797 0.8467741935483871 0.05040871934604905 0.1424731182795699
1 0.3215258855585831 0.1532258064516129 0.055858310626702996 0.11559139784946236