0 0.27794561933534745 0.3204787234042553 0.04229607250755287 0.10638297872340426
0 0.3074018126888218 0.3045212765957447 0.055891238670694864 0.09308510638297872
0 0.4342900302114804 0.6888297872340425 0.055891238670694864 0.09042553191489362
0 0.5838368580060423 0.6462765957446809 0.054380664652567974 0.08776595744680851
0 0.520392749244713 0.6768617021276596 0.05891238670694864 0.09308510638297872
1 0.2983383685800604 0.047872340425531915 0.04833836858006042 0.07446808510638298
1 0.4229607250755287 0.5199468085106383 0.04078549848942598 0.10638297872340426
1 0.7167673716012085 0.4148936170212766 0.04229607250755287 0.11436170212765957
1 0.6435045317220544 0.9667553191489362 0.052870090634441085 0.05319148936170213
1 0.5279456193353474 0.9627659574468085 0.03625377643504532 0.07446808510638298
1 0.4229607250755287 0.9747340425531915 0.05740181268882175 0.05053191489361702