0 0.06227758007117438 0.12908496732026145 0.07295373665480427 0.12091503267973856
0 0.3291814946619217 0.19281045751633988 0.0693950177935943 0.12745098039215685
0 0.37277580071174377 0.13562091503267973 0.07473309608540925 0.09803921568627451
0 0.5258007117437722 0.22875816993464052 0.06583629893238434 0.13071895424836602
0 0.5667259786476868 0.22058823529411764 0.06405693950177936 0.1503267973856209
0 0.7304270462633452 0.6797385620915033 0.0800711743772242 0.13725490196078433
0 0.5711743772241993 0.9493464052287581 0.07829181494661921 0.10130718954248366
0 0.9750889679715302 0.6111111111111112 0.0498220640569395 0.1111111111111111
1 0.06583629893238434 0.39869281045751637 0.08185053380782918 0.12091503267973856
1 0.26512455516014233 0.06862745098039216 0.06761565836298933 0.11437908496732026
1 0.13790035587188612 0.2107843137254902 0.06761565836298933 0.10784313725490197
1 0.45729537366548045 0.5196078431372549 0.08896797153024912 0.11437908496732026
1 0.7606761565836299 0.08823529411764706 0.051601423487544484 0.06535947712418301
1 0.38523131672597866 0.10457516339869281 0.07473309608540925 0.09477124183006536
1 0.5133451957295374 0.8447712418300654 0.0693950177935943 0.14052287581699346
1 0.7704626334519573 0.9673202614379085 0.0711743772241993 0.06535947712418301