0 0.6838905775075987 0.8430555555555556 0.05015197568389058 0.08888888888888889
0 0.7864741641337386 0.5416666666666666 0.06838905775075987 0.12777777777777777
0 0.675531914893617 0.2263888888888889 0.06990881458966565 0.12777777777777777
0 0.6139817629179332 0.02638888888888889 0.07598784194528875 0.05277777777777778
0 0.4521276595744681 0.7375 0.06990881458966565 0.12777777777777777
0 0.4247720364741641 0.7611111111111111 0.0790273556231003 0.14166666666666666
0 0.2621580547112462 0.37083333333333335 0.07750759878419453 0.15
1 0.46580547112462006 0.041666666666666664 0.07142857142857142 0.08333333333333333
1 0.3434650455927052 0.45 0.06990881458966565 0.12777777777777777
1 0.5273556231003039 0.9694444444444444 0.0729483282674772 0.06111111111111111
1 0.7507598784194529 0.625 0.07446808510638298 0.1527777777777778
1 0.7857142857142857 0.5041666666666667 0.0790273556231003 0.1361111111111111