0 0.8443548387096774 0.6757142857142857 0.09516129032258064 0.15714285714285714
0 0.589516129032258 0.43714285714285717 0.06612903225806452 0.10571428571428572
0 0.47258064516129034 0.41 0.06290322580645161 0.10857142857142857
0 0.3975806451612903 0.40285714285714286 0.06451612903225806 0.10857142857142857
0 0.20080645161290323 0.5957142857142858 0.06935483870967742 0.10857142857142857
0 0.7024193548387097 0.8614285714285714 0.08225806451612903 0.10571428571428572
1 0.4870967741935484 0.9757142857142858 0.08064516129032258 0.04857142857142857
1 0.09435483870967742 0.9014285714285715 0.07419354838709677 0.12
1 0.07661290322580645 0.8157142857142857 0.06774193548387097 0.11142857142857143
1 0.24838709677419354 0.59 0.07419354838709677 0.15142857142857144
1 0.35161290322580646 0.68 0.07580645161290323 0.13428571428571429
1 0.589516129032258 0.7885714285714286 0.1032258064516129 0.18285714285714286
1 0.6161290322580645 0.20142857142857143 0.07096774193548387 0.12