0 0.5093085106382979 0.2617924528301887 0.05585106382978723 0.11556603773584906
0 0.418218085106383 0.35259433962264153 0.0425531914893617 0.08018867924528301
0 0.375 0.06367924528301887 0.041223404255319146 0.07311320754716981
0 0.4162234042553192 0.041273584905660375 0.04521276595744681 0.05660377358490566
0 0.4242021276595745 0.7747641509433962 0.05053191489361702 0.09198113207547169
1 0.3550531914893617 0.8054245283018868 0.04654255319148936 0.08490566037735849
1 0.4541223404255319 0.5129716981132075 0.05319148936170213 0.09905660377358491
1 0.3982712765957447 0.28891509433962265 0.04920212765957447 0.08490566037735849
1 0.5684840425531915 0.33490566037735847 0.04920212765957447 0.11084905660377359
1 0.4461436170212766 0.22877358490566038 0.05319148936170213 0.09433962264150944
1 0.4621010638297872 0.024764150943396228 0.04920212765957447 0.049528301886792456
1 0.5771276595744681 0.2099056603773585 0.06382978723404255 0.11320754716981132
1 0.6628989361702128 0.15683962264150944 0.05851063829787234 0.09905660377358491