0 0.7469418960244648 0.6270949720670391 0.04434250764525994 0.10893854748603352
0 0.7140672782874617 0.5 0.04281345565749235 0.12849162011173185
0 0.7622324159021406 0.276536312849162 0.039755351681957186 0.10335195530726257
0 0.3761467889908257 0.659217877094972 0.04128440366972477 0.07541899441340782
0 0.363914373088685 0.7332402234636871 0.04892966360856269 0.08379888268156424
0 0.4434250764525994 0.6103351955307262 0.05198776758409786 0.10335195530726257
1 0.42813455657492355 0.9567039106145251 0.06116207951070336 0.08100558659217877
1 0.4059633027522936 0.34497206703910616 0.05657492354740061 0.0893854748603352
1 0.7301223241590215 0.31145251396648044 0.05657492354740061 0.08100558659217877
1 0.7110091743119266 0.9804469273743017 0.045871559633027525 0.03910614525139665
1 0.6743119266055045 0.9832402234636871 0.03363914373088685 0.0335195530726257