0 0.11842105263157894 0.4894859813084112 0.06184210526315789 0.11214953271028037
0 0.20065789473684212 0.3492990654205608 0.056578947368421055 0.102803738317757
0 0.3703947368421053 0.4357476635514019 0.07368421052631578 0.12149532710280374
0 0.4486842105263158 0.316588785046729 0.05131578947368421 0.08878504672897196
0 0.30723684210526314 0.1413551401869159 0.05789473684210526 0.09579439252336448
0 0.27631578947368424 0.19626168224299065 0.06184210526315789 0.10514018691588785
0 0.6684210526315789 0.46845794392523366 0.060526315789473685 0.10747663551401869
1 0.7072368421052632 0.3644859813084112 0.05526315789473684 0.09579439252336448
1 0.5203947368421052 0.42990654205607476 0.06447368421052632 0.11214953271028037
1 0.4217105263157895 0.2605140186915888 0.056578947368421055 0.10046728971962617
1 0.3881578947368421 0.5584112149532711 0.06710526315789474 0.10981308411214953
1 0.3743421052631579 0.32009345794392524 0.06184210526315789 0.10981308411214953
1 0.2532894736842105 0.26985981308411217 0.056578947368421055 0.10514018691588785
1 0.3203947368421053 0.530373831775701 0.075 0.13317757009345793
1 0.2631578947368421 0.6542056074766355 0.06578947368421052 0.1191588785046729