0 0.7828125 0.1125 0.10625 0.15555555555555556
0 0.76640625 0.19444444444444445 0.078125 0.125
0 0.471875 0.6402777777777777 0.08125 0.15
0 0.43984375 0.6763888888888889 0.08125 0.1388888888888889
0 0.1125 0.6680555555555555 0.0703125 0.1111111111111111
0 0.3359375 0.8055555555555556 0.0921875 0.18333333333333332
1 0.13125 0.7736111111111111 0.0953125 0.1388888888888889
1 0.2390625 0.6319444444444444 0.065625 0.12222222222222222
1 0.65234375 0.6805555555555556 0.0703125 0.1361111111111111
1 0.47421875 0.9625 0.0859375 0.075
1 0.68984375 0.05416666666666667 0.0828125 0.10833333333333334
1 0.86484375 0.36666666666666664 0.1015625 0.14166666666666666