0 0.4152777777777778 0.5960591133004927 0.059722222222222225 0.10837438423645321
0 0.3854166666666667 0.7931034482758621 0.05277777777777778 0.0960591133004926
0 0.7576388888888889 0.8066502463054187 0.0625 0.15024630541871922
0 0.5729166666666666 0.6366995073891626 0.06527777777777778 0.13793103448275862
0 0.63125 0.15517241379310345 0.08055555555555556 0.15517241379310345
0 0.5055555555555555 0.6009852216748769 0.07222222222222222 0.11330049261083744
0 0.4395833333333333 0.47783251231527096 0.0763888888888889 0.12315270935960591
1 0.4270833333333333 0.8793103448275862 0.06388888888888888 0.11330049261083744
1 0.33819444444444446 0.24876847290640394 0.058333333333333334 0.11822660098522167
1 0.44930555555555557 0.09975369458128079 0.05416666666666667 0.09852216748768473
1 0.5451388888888888 0.20935960591133004 0.05416666666666667 0.12315270935960591
1 0.7451388888888889 0.5825123152709359 0.05555555555555555 0.13793103448275862
1 0.6006944444444444 0.5295566502463054 0.06666666666666667 0.10591133004926108