0 0.8586956521739131 0.7994505494505495 0.07298136645962733 0.1346153846153846
0 0.8330745341614907 0.9175824175824175 0.07453416149068323 0.12912087912087913
0 0.5364906832298136 0.36538461538461536 0.08385093167701864 0.14560439560439561
0 0.1529503105590062 0.42445054945054944 0.11024844720496894 0.17307692307692307
0 0.18944099378881987 0.6538461538461539 0.08074534161490683 0.1401098901098901
0 0.23835403726708074 0.6923076923076923 0.09937888198757763 0.16758241758241757
1 0.7360248447204969 0.6675824175824175 0.08074534161490683 0.14285714285714285
1 0.6645962732919255 0.5782967032967034 0.07142857142857142 0.12362637362637363
1 0.2127329192546584 0.18406593406593408 0.09627329192546584 0.17032967032967034
1 0.059006211180124224 0.385989010989011 0.09782608695652174 0.17857142857142858
1 0.421583850931677 0.9409340659340659 0.09161490683229814 0.11813186813186813
1 0.7562111801242236 0.9010989010989011 0.10403726708074534 0.17582417582417584
1 0.6855590062111802 0.7582417582417582 0.09627329192546584 0.17582417582417584