0 0.7824232081911263 0.8 0.08191126279863481 0.12121212121212122
0 0.25 0.8545454545454545 0.07337883959044368 0.12121212121212122
0 0.17747440273037543 0.796969696969697 0.06996587030716724 0.09090909090909091
0 0.25341296928327645 0.3 0.04948805460750853 0.10909090909090909
0 0.30802047781569963 0.20757575757575758 0.05631399317406143 0.08484848484848485
0 0.25 0.24393939393939393 0.05802047781569966 0.08181818181818182
0 0.04863481228668942 0.8 0.06143344709897611 0.1
1 0.06484641638225255 0.4712121212121212 0.04778156996587031 0.06666666666666667
1 0.1075085324232082 0.5272727272727272 0.08361774744027303 0.07575757575757576
1 0.11774744027303755 0.5909090909090909 0.07849829351535836 0.07878787878787878
1 0.11177474402730375 0.24545454545454545 0.04778156996587031 0.10606060606060606
1 0.4735494880546075 0.22272727272727272 0.06143344709897611 0.11212121212121212
1 0.5443686006825939 0.8833333333333333 0.052901023890784986 0.13333333333333333
1 0.4522184300341297 0.853030303030303 0.06143344709897611 0.11212121212121212