0 0.527972027972028 0.937888198757764 0.06293706293706294 0.12422360248447205
0 0.6590909090909091 0.12888198757763975 0.07342657342657342 0.14906832298136646
0 0.26835664335664333 0.9596273291925466 0.06643356643356643 0.034161490683229816
0 0.32604895104895104 0.9006211180124224 0.055944055944055944 0.16459627329192547
0 0.5979020979020979 0.9285714285714286 0.050699300699300696 0.11801242236024845
1 0.48776223776223776 0.782608695652174 0.06643356643356643 0.13975155279503104
1 0.5463286713286714 0.6288819875776398 0.08566433566433566 0.11180124223602485
1 0.6215034965034965 0.6226708074534162 0.05944055944055944 0.10869565217391304
1 0.6337412587412588 0.47360248447204967 0.057692307692307696 0.10559006211180125
1 0.270979020979021 0.6242236024844721 0.07517482517482517 0.15217391304347827
1 0.270979020979021 0.2204968944099379 0.06818181818181818 0.15217391304347827