0 0.25747282608695654 0.7463942307692307 0.08016304347826086 0.16346153846153846
0 0.6134510869565217 0.5180288461538461 0.08016304347826086 0.13942307692307693
0 0.5319293478260869 0.05889423076923077 0.058423913043478264 0.10576923076923077
0 0.41847826086956524 0.0625 0.08423913043478261 0.125
1 0.5244565217391305 0.7259615384615384 0.06385869565217392 0.11057692307692307
1 0.5 0.796875 0.058423913043478264 0.11057692307692307
1 0.41915760869565216 0.75 0.06385869565217392 0.12740384615384615
1 0.2601902173913043 0.5612980769230769 0.06929347826086957 0.125
1 0.31997282608695654 0.3798076923076923 0.06793478260869565 0.11538461538461539
1 0.4110054347826087 0.35697115384615385 0.08016304347826086 0.14423076923076922
1 0.4592391304347826 0.016826923076923076 0.07065217391304347 0.03365384615384615