0 0.3905038759689923 0.09574468085106383 0.07364341085271318 0.14893617021276595
0 0.4060077519379845 0.3067375886524823 0.08527131782945736 0.1347517730496454
0 0.3236434108527132 0.6436170212765957 0.06395348837209303 0.11702127659574468
0 0.39341085271317827 0.6808510638297872 0.07170542635658915 0.13829787234042554
0 0.6928294573643411 0.49822695035460995 0.07945736434108527 0.13829787234042554
0 0.7538759689922481 0.4769503546099291 0.044573643410852716 0.1276595744680851
0 0.6036821705426356 0.5921985815602837 0.07364341085271318 0.16312056737588654
0 0.7742248062015504 0.7836879432624113 0.03294573643410853 0.1453900709219858
1 0.2693798449612403 0.1524822695035461 0.060077519379844964 0.1347517730496454
1 0.3478682170542636 0.2393617021276596 0.07364341085271318 0.11702127659574468
1 0.5465116279069767 0.01950354609929078 0.06201550387596899 0.03900709219858156
1 0.6472868217054264 0.040780141843971635 0.06976744186046512 0.08156028368794327
1 0.7238372093023255 0.0726950354609929 0.06589147286821706 0.12411347517730496
1 0.2936046511627907 0.9875886524822695 0.06395348837209303 0.024822695035460994