0 0.8266187050359712 0.6253298153034301 0.06474820143884892 0.09762532981530343
0 0.7287769784172662 0.6926121372031663 0.05467625899280575 0.0870712401055409
0 0.4201438848920863 0.7229551451187335 0.07482014388489208 0.10817941952506596
0 0.39568345323741005 0.19920844327176782 0.06618705035971223 0.12137203166226913
0 0.3474820143884892 0.3496042216358839 0.08057553956834532 0.13192612137203166
0 0.07841726618705036 0.4815303430079156 0.06618705035971223 0.12137203166226913
0 0.2525179856115108 0.8139841688654353 0.06330935251798561 0.09498680738786279
1 0.7920863309352518 0.28232189973614774 0.07338129496402877 0.11081794195250659
1 0.8165467625899281 0.4340369393139842 0.06618705035971223 0.11873350923482849
1 0.7553956834532374 0.4313984168865435 0.06474820143884892 0.11345646437994723
1 0.5762589928057554 0.6345646437994723 0.07482014388489208 0.13192612137203166
1 0.1841726618705036 0.2757255936675462 0.06762589928057554 0.11609498680738786
1 0.2237410071942446 0.6319261213720316 0.0776978417266187 0.12401055408970976
1 0.2870503597122302 0.6094986807387863 0.06330935251798561 0.11081794195250659
1 0.1251798561151079 0.6464379947229552 0.07050359712230216 0.12401055408970976