0 0.4817629179331307 0.49162011173184356 0.0729483282674772 0.1340782122905028
0 0.6610942249240122 0.2053072625698324 0.06990881458966565 0.1340782122905028
0 0.3723404255319149 0.023743016759776536 0.0668693009118541 0.04748603351955307
0 0.6664133738601824 0.10335195530726257 0.06382978723404255 0.10335195530726257
0 0.8822188449848024 0.6424581005586593 0.0668693009118541 0.11452513966480447
0 0.8693009118541033 0.4720670391061452 0.0729483282674772 0.11731843575418995
0 0.7575987841945289 0.3463687150837989 0.07598784194528875 0.12849162011173185
0 0.49012158054711247 0.585195530726257 0.06231003039513678 0.1340782122905028
1 0.6268996960486323 0.09217877094972067 0.06382978723404255 0.11452513966480447
1 0.8844984802431611 0.23743016759776536 0.0668693009118541 0.12011173184357542
1 0.9673252279635258 0.3198324022346369 0.06534954407294832 0.11452513966480447
1 0.9521276595744681 0.42178770949720673 0.07598784194528875 0.11173184357541899
1 0.662613981762918 0.4720670391061452 0.07142857142857142 0.12569832402234637
1 0.44376899696048633 0.25 0.07598784194528875 0.12569832402234637
1 0.29103343465045595 0.40782122905027934 0.0729483282674772 0.11731843575418995
1 0.6306990881458967 0.7206703910614525 0.06838905775075987 0.12290502793296089