0 0.18277945619335348 0.04558011049723757 0.06042296072507553 0.09116022099447514
0 0.1691842900302115 0.06353591160220995 0.055891238670694864 0.09116022099447514
0 0.43277945619335345 0.39640883977900554 0.07099697885196375 0.1132596685082873
0 0.3889728096676737 0.4281767955801105 0.05891238670694864 0.09668508287292818
0 0.5173716012084593 0.31077348066298344 0.07250755287009064 0.11878453038674033
0 0.05966767371601209 0.3660220994475138 0.05891238670694864 0.09392265193370165
0 0.4312688821752266 0.9116022099447514 0.061933534743202415 0.10497237569060773
1 0.36027190332326287 0.13121546961325967 0.0513595166163142 0.10220994475138122
1 0.3323262839879154 0.0925414364640884 0.06042296072507553 0.1132596685082873
1 0.2756797583081571 0.18646408839779005 0.05740181268882175 0.10773480662983426
1 0.13444108761329304 0.28314917127071826 0.061933534743202415 0.11878453038674033
1 0.07326283987915408 0.27900552486187846 0.06797583081570997 0.10773480662983426
1 0.16314199395770393 0.6339779005524862 0.05891238670694864 0.10220994475138122
1 0.25226586102719034 0.6450276243093923 0.061933534743202415 0.09668508287292818
1 0.30438066465256797 0.6657458563535912 0.06646525679758308 0.11878453038674033