0 0.43956043956043955 0.32524271844660196 0.06593406593406594 0.13592233009708737
0 0.3585164835164835 0.6589805825242718 0.059065934065934064 0.11893203883495146
0 0.43956043956043955 0.6468446601941747 0.06318681318681318 0.12135922330097088
0 0.6085164835164835 0.9405339805825242 0.07417582417582418 0.11893203883495146
0 0.6346153846153846 0.8737864077669902 0.07554945054945054 0.13349514563106796
0 0.7678571428571429 0.26941747572815533 0.07417582417582418 0.1407766990291262
1 0.3550824175824176 0.23179611650485438 0.05631868131868132 0.0970873786407767
1 0.3873626373626374 0.6055825242718447 0.0673076923076923 0.13106796116504854
1 0.3228021978021978 0.8786407766990292 0.046703296703296704 0.07524271844660194
1 0.3791208791208791 0.8980582524271845 0.07280219780219781 0.13106796116504854
1 0.4065934065934066 0.9575242718446602 0.04532967032967033 0.05825242718446602
1 0.7129120879120879 0.5230582524271845 0.08653846153846154 0.1553398058252427