0 0.9201807228915663 0.6607142857142857 0.07078313253012049 0.12087912087912088
0 0.7123493975903614 0.4876373626373626 0.0677710843373494 0.12637362637362637
0 0.6957831325301205 0.4107142857142857 0.06927710843373494 0.10714285714285714
0 0.5625 0.3516483516483517 0.06626506024096386 0.12637362637362637
0 0.536144578313253 0.3131868131868132 0.06626506024096386 0.1401098901098901
0 0.3057228915662651 0.5054945054945055 0.0783132530120482 0.13736263736263737
0 0.35316265060240964 0.8324175824175825 0.07228915662650602 0.11538461538461539
0 0.13855421686746988 0.25 0.06927710843373494 0.11813186813186813
1 0.8516566265060241 0.8502747252747253 0.07680722891566265 0.12362637362637363
1 0.7891566265060241 0.45054945054945056 0.06626506024096386 0.11538461538461539
1 0.8456325301204819 0.6565934065934066 0.06475903614457831 0.10989010989010989
1 0.5406626506024096 0.6153846153846154 0.08132530120481928 0.12362637362637363
1 0.4329819277108434 0.046703296703296704 0.05572289156626506 0.09340659340659341
1 0.6935240963855421 0.37774725274725274 0.0677710843373494 0.1043956043956044
1 0.42168674698795183 0.8021978021978022 0.07078313253012049 0.1346153846153846
1 0.19954819277108435 0.6964285714285714 0.0677710843373494 0.11813186813186813
1 0.17243975903614459 0.012362637362637362 0.06475903614457831 0.024725274725274724