0 0.5940514469453376 0.10428571428571429 0.06430868167202572 0.09714285714285714
0 0.3995176848874598 0.32 0.07234726688102894 0.12285714285714286
0 0.3392282958199357 0.39285714285714285 0.07556270096463022 0.12
0 0.09887459807073955 0.3414285714285714 0.06913183279742766 0.10571428571428572
0 0.7516077170418006 0.05285714285714286 0.06913183279742766 0.10571428571428572
0 0.9381028938906752 0.3514285714285714 0.05466237942122187 0.09428571428571429
0 0.9268488745980707 0.4514285714285714 0.06913183279742766 0.10857142857142857
0 0.5128617363344051 0.8585714285714285 0.0819935691318328 0.1457142857142857
1 0.8745980707395499 0.1757142857142857 0.0594855305466238 0.09428571428571429
1 0.7893890675241158 0.24285714285714285 0.06430868167202572 0.10571428571428572
1 0.7540192926045016 0.44142857142857145 0.07395498392282958 0.12857142857142856
1 0.6969453376205788 0.6671428571428571 0.07395498392282958 0.13428571428571429
1 0.7411575562700965 0.027142857142857142 0.05787781350482315 0.054285714285714284
1 0.5241157556270096 0.18285714285714286 0.0707395498392283 0.11142857142857143
1 0.3207395498392283 0.17857142857142858 0.0594855305466238 0.10571428571428572
1 0.027331189710610933 0.5185714285714286 0.05466237942122187 0.11714285714285715