0 0.22609561752988047 0.11861313868613138 0.06573705179282868 0.12043795620437957
0 0.2699203187250996 0.09124087591240876 0.0796812749003984 0.12408759124087591
0 0.3705179282868526 0.48722627737226276 0.07569721115537849 0.12773722627737227
0 0.11055776892430279 0.6259124087591241 0.08167330677290836 0.12408759124087591
0 0.31772908366533864 0.7864963503649635 0.06772908366533864 0.11313868613138686
0 0.3615537848605578 0.9361313868613139 0.08167330677290836 0.12773722627737227
1 0.46912350597609564 0.12773722627737227 0.06772908366533864 0.14963503649635038
1 0.0199203187250996 0.12956204379562045 0.0398406374501992 0.11313868613138686
1 0.10159362549800798 0.927007299270073 0.0697211155378486 0.12043795620437957
1 0.08167330677290836 0.7791970802919708 0.06573705179282868 0.12408759124087591
1 0.35756972111553786 0.6386861313868614 0.07569721115537849 0.13138686131386862
1 0.13645418326693226 0.48722627737226276 0.06374501992031872 0.12773722627737227