0 0.964765100671141 0.7070552147239264 0.05201342281879195 0.10429447852760736
0 0.8674496644295302 0.9493865030674846 0.07046979865771812 0.10122699386503067
0 0.8154362416107382 0.7223926380368099 0.07550335570469799 0.1165644171779141
0 0.5159395973154363 0.946319018404908 0.06543624161073826 0.10736196319018405
0 0.40184563758389263 0.8665644171779141 0.07046979865771812 0.10736196319018405
0 0.4052013422818792 0.7484662576687117 0.06543624161073826 0.1165644171779141
0 0.45050335570469796 0.6457055214723927 0.06711409395973154 0.11349693251533742
0 0.6426174496644296 0.3328220858895706 0.06375838926174497 0.11042944785276074
0 0.4899328859060403 0.3604294478527607 0.07550335570469799 0.1196319018404908
0 0.11912751677852348 0.7852760736196319 0.0738255033557047 0.13190184049079753
1 0.9337248322147651 0.9601226993865031 0.05201342281879195 0.07975460122699386
1 0.9052013422818792 0.6503067484662577 0.06040268456375839 0.0950920245398773
1 0.636744966442953 0.6641104294478528 0.0587248322147651 0.10736196319018405
1 0.6333892617449665 0.553680981595092 0.053691275167785234 0.10429447852760736
1 0.45805369127516776 0.5674846625766872 0.05201342281879195 0.09202453987730061
1 0.34815436241610737 0.6549079754601227 0.0738255033557047 0.12576687116564417
1 0.3087248322147651 0.5521472392638037 0.06879194630872483 0.12576687116564417
1 0.6535234899328859 0.8512269938650306 0.07550335570469799 0.09202453987730061
1 0.6023489932885906 0.7177914110429447 0.07718120805369127 0.11349693251533742
1 0.7231543624161074 0.9432515337423313 0.06879194630872483 0.11042944785276074