0 0.5379061371841155 0.9503311258278145 0.06859205776173286 0.09933774834437085
0 0.4602888086642599 0.9205298013245033 0.08483754512635379 0.15562913907284767
0 0.22382671480144403 0.8526490066225165 0.06678700361010831 0.0728476821192053
0 0.26353790613718414 0.023178807947019868 0.06859205776173286 0.046357615894039736
0 0.49097472924187724 0.3162251655629139 0.0776173285198556 0.1357615894039735
0 0.6425992779783394 0.3956953642384106 0.08303249097472924 0.1390728476821192
0 0.6967509025270758 0.3609271523178808 0.07942238267148015 0.1456953642384106
1 0.9314079422382672 0.45364238410596025 0.0776173285198556 0.1490066225165563
1 0.8808664259927798 0.44039735099337746 0.06678700361010831 0.16556291390728478
1 0.2364620938628159 0.7649006622516556 0.0703971119133574 0.1357615894039735
1 0.4268953068592058 0.018211920529801324 0.0740072202166065 0.03642384105960265
1 0.648014440433213 0.5927152317880795 0.0776173285198556 0.1357615894039735
1 0.47924187725631767 0.2367549668874172 0.06859205776173286 0.11920529801324503