0 0.771513353115727 0.2723684210526316 0.04896142433234421 0.10526315789473684
0 0.7908011869436202 0.3881578947368421 0.05637982195845697 0.08947368421052632
0 0.3850148367952522 0.26973684210526316 0.06528189910979229 0.09736842105263158
0 0.11127596439169139 0.7052631578947368 0.09643916913946587 0.09736842105263158
0 0.21364985163204747 0.8447368421052631 0.06083086053412463 0.09736842105263158
0 0.263353115727003 0.8236842105263158 0.07863501483679525 0.11052631578947368
0 0.8353115727002968 0.7973684210526316 0.06824925816023739 0.09736842105263158
0 0.8286350148367952 0.6842105263157895 0.07863501483679525 0.1
1 0.6350148367952523 0.29605263157894735 0.05934718100890208 0.10263157894736842
1 0.5519287833827893 0.3013157894736842 0.05341246290801187 0.0868421052631579
1 0.07937685459940653 0.4605263157894737 0.06973293768545995 0.12105263157894737
1 0.032640949554896145 0.7710526315789473 0.05489614243323442 0.1394736842105263
1 0.4896142433234421 0.8526315789473684 0.0771513353115727 0.12105263157894737
1 0.6698813056379822 0.8171052631578948 0.08902077151335312 0.12631578947368421
1 0.7270029673590505 0.45526315789473687 0.08160237388724036 0.11842105263157894
1 0.6261127596439169 0.41710526315789476 0.06528189910979229 0.1368421052631579