0 0.3821752265861027 0.18850267379679145 0.05740181268882175 0.09358288770053476
0 0.493202416918429 0.6243315508021391 0.07250755287009064 0.13903743315508021
0 0.4380664652567976 0.6871657754010695 0.08006042296072508 0.13368983957219252
0 0.31344410876132933 0.8877005347593583 0.08459214501510574 0.12834224598930483
0 0.6623867069486404 0.9812834224598931 0.09818731117824774 0.0374331550802139
0 0.8957703927492447 0.7245989304812834 0.06042296072507553 0.12032085561497326
0 0.7348942598187311 0.5 0.05740181268882175 0.12834224598930483
0 0.4984894259818731 0.3729946524064171 0.0634441087613293 0.13368983957219252
1 0.22280966767371602 0.75 0.07854984894259819 0.13101604278074866
1 0.5294561933534743 0.9505347593582888 0.0770392749244713 0.09893048128342247
1 0.7605740181268882 0.6470588235294118 0.07401812688821752 0.12834224598930483
1 0.8572507552870091 0.6283422459893048 0.0649546827794562 0.08823529411764706
1 0.6744712990936556 0.47192513368983957 0.0634441087613293 0.11229946524064172
1 0.4244712990936556 0.3890374331550802 0.07099697885196375 0.09090909090909091
1 0.30060422960725075 0.4411764705882353 0.07099697885196375 0.13636363636363635