0 0.5675465838509317 0.5398351648351648 0.07919254658385093 0.14560439560439561
0 0.5815217391304348 0.8104395604395604 0.07453416149068323 0.16758241758241757
0 0.18400621118012422 0.6607142857142857 0.059006211180124224 0.12087912087912088
0 0.5248447204968945 0.034340659340659344 0.06832298136645963 0.06868131868131869
1 0.29037267080745344 0.14972527472527472 0.052795031055900624 0.12087912087912088
1 0.2686335403726708 0.2651098901098901 0.052795031055900624 0.1043956043956044
1 0.6661490683229814 0.24313186813186813 0.07763975155279502 0.12637362637362637
1 0.546583850931677 0.43956043956043955 0.08540372670807453 0.1401098901098901
1 0.6513975155279503 0.08928571428571429 0.03571428571428571 0.057692307692307696
1 0.30434782608695654 0.635989010989011 0.08540372670807453 0.14285714285714285
1 0.41304347826086957 0.929945054945055 0.06677018633540373 0.11538461538461539