0 0.42664670658682635 0.27049180327868855 0.061377245508982034 0.10109289617486339
0 0.4094311377245509 0.3319672131147541 0.058383233532934134 0.11202185792349727
0 0.5359281437125748 0.5519125683060109 0.06736526946107785 0.1092896174863388
0 0.6534431137724551 0.23497267759562843 0.06287425149700598 0.1284153005464481
0 0.6684131736526946 0.5546448087431693 0.061377245508982034 0.12295081967213115
0 0.7155688622754491 0.6352459016393442 0.06437125748502993 0.11475409836065574
1 0.7732035928143712 0.29508196721311475 0.061377245508982034 0.11475409836065574
1 0.717814371257485 0.23770491803278687 0.06287425149700598 0.11202185792349727
1 0.5988023952095808 0.5710382513661202 0.06437125748502993 0.13387978142076504
1 0.5913173652694611 0.24863387978142076 0.07035928143712575 0.13387978142076504
1 0.4812874251497006 0.020491803278688523 0.06437125748502993 0.040983606557377046
1 0.3727544910179641 0.5956284153005464 0.07035928143712575 0.13114754098360656