0 0.23513986013986013 0.9456521739130435 0.09615384615384616 0.10869565217391304
0 0.4222027972027972 0.9658385093167702 0.11363636363636363 0.06832298136645963
0 0.45104895104895104 0.4083850931677019 0.06643356643356643 0.12732919254658384
0 0.5874125874125874 0.265527950310559 0.08391608391608392 0.14285714285714285
0 0.5550699300699301 0.5993788819875776 0.09265734265734266 0.14285714285714285
0 0.6617132867132867 0.734472049689441 0.09265734265734266 0.15217391304347827
0 0.7937062937062938 0.8183229813664596 0.08566433566433566 0.13043478260869565
1 0.20104895104895104 0.6506211180124224 0.07692307692307693 0.11180124223602485
1 0.3041958041958042 0.703416149068323 0.07517482517482517 0.13043478260869565
1 0.5305944055944056 0.8586956521739131 0.0944055944055944 0.16770186335403728
1 0.7980769230769231 0.5248447204968945 0.08566433566433566 0.16149068322981366
1 0.9213286713286714 0.5962732919254659 0.08916083916083917 0.14906832298136646
1 0.8784965034965035 0.7841614906832298 0.07342657342657342 0.11180124223602485
1 0.3811188811188811 0.37422360248447206 0.06468531468531469 0.11180124223602485