0 0.5908385093167702 0.9395604395604396 0.05745341614906832 0.10714285714285714
0 0.6312111801242236 0.8791208791208791 0.06366459627329192 0.11263736263736264
0 0.5885093167701864 0.5467032967032966 0.07142857142857142 0.13736263736263737
0 0.546583850931677 0.2651098901098901 0.08850931677018634 0.15384615384615385
0 0.33773291925465837 0.34065934065934067 0.07919254658385093 0.13736263736263737
0 0.468944099378882 0.22802197802197802 0.08229813664596274 0.15384615384615385
1 0.5 0.7060439560439561 0.06987577639751552 0.12637362637362637
1 0.546583850931677 0.6332417582417582 0.07919254658385093 0.14560439560439561
1 0.6933229813664596 0.8337912087912088 0.06677018633540373 0.10714285714285714
1 0.6692546583850931 0.5879120879120879 0.07453416149068323 0.13186813186813187
1 0.7127329192546584 0.4835164835164835 0.08695652173913043 0.1510989010989011
1 0.734472049689441 0.2815934065934066 0.07763975155279502 0.15384615384615385
1 0.46506211180124224 0.5824175824175825 0.07453416149068323 0.13736263736263737