0 0.7947368421052632 0.3359375 0.07017543859649122 0.11875
0 0.6964912280701754 0.265625 0.07192982456140351 0.1125
0 0.7578947368421053 0.53125 0.08070175438596491 0.14375
0 0.6429824561403509 0.6984375 0.09298245614035087 0.14375
0 0.2885964912280702 0.7203125 0.09298245614035087 0.15625
0 0.8850877192982456 0.9515625 0.07894736842105263 0.096875
1 0.525438596491228 0.1625 0.0824561403508772 0.15
1 0.5052631578947369 0.8484375 0.08070175438596491 0.140625
1 0.8157894736842105 0.60625 0.07017543859649122 0.134375
1 0.9421052631578948 0.4703125 0.06315789473684211 0.10625
1 0.9342105263157895 0.6484375 0.08947368421052632 0.146875
1 0.7026315789473684 0.9390625 0.09298245614035087 0.121875
1 0.5947368421052631 0.415625 0.0824561403508772 0.13125