0 0.7138783269961977 0.037162162162162164 0.0741444866920152 0.07432432432432433
0 0.46387832699619774 0.17905405405405406 0.07034220532319392 0.12837837837837837
0 0.39923954372623577 0.2685810810810811 0.09125475285171103 0.17229729729729729
0 0.502851711026616 0.4510135135135135 0.0779467680608365 0.13851351351351351
0 0.5674904942965779 0.5287162162162162 0.08745247148288973 0.13851351351351351
0 0.7129277566539924 0.793918918918919 0.09885931558935361 0.15878378378378377
1 0.9344106463878327 0.11824324324324324 0.058935361216730035 0.12162162162162163
1 0.9068441064638784 0.6402027027027027 0.09505703422053231 0.15878378378378377
1 0.8669201520912547 0.518581081081081 0.07224334600760456 0.13513513513513514
1 0.47433460076045625 0.9273648648648649 0.0817490494296578 0.14527027027027026
1 0.30988593155893535 0.5472972972972973 0.08555133079847908 0.14527027027027026
1 0.37167300380228135 0.0625 0.06463878326996197 0.060810810810810814
1 0.6216730038022814 0.08277027027027027 0.06844106463878327 0.12162162162162163