0 0.833596214511041 0.4860335195530726 0.055205047318611984 0.11173184357541899
0 0.8296529968454258 0.5977653631284916 0.061514195583596214 0.11173184357541899
0 0.833596214511041 0.3687150837988827 0.05993690851735016 0.09497206703910614
0 0.9045741324921136 0.7346368715083799 0.06624605678233439 0.1005586592178771
0 0.32097791798107256 0.7807262569832403 0.07570977917981073 0.13687150837988826
0 0.138801261829653 0.5740223463687151 0.07255520504731862 0.11731843575418995
0 0.0638801261829653 0.8212290502793296 0.0694006309148265 0.12849162011173185
0 0.3864353312302839 0.20810055865921787 0.05993690851735016 0.10335195530726257
1 0.6892744479495269 0.7472067039106145 0.07728706624605679 0.13128491620111732
1 0.6482649842271293 0.4930167597765363 0.07570977917981073 0.1340782122905028
1 0.6569400630914827 0.361731843575419 0.0694006309148265 0.12290502793296089
1 0.888801261829653 0.6550279329608939 0.07570977917981073 0.08100558659217877
1 0.5496845425867508 0.8282122905027933 0.08517350157728706 0.15921787709497207
1 0.22634069400630916 0.6298882681564246 0.0804416403785489 0.13687150837988826
1 0.278391167192429 0.20949720670391062 0.06466876971608833 0.1340782122905028