0 0.5015974440894568 0.71875 0.07348242811501597 0.13352272727272727
0 0.5031948881789138 0.5653409090909091 0.0878594249201278 0.18181818181818182
0 0.33785942492012777 0.36079545454545453 0.08146964856230032 0.17045454545454544
0 0.5623003194888179 0.078125 0.09105431309904154 0.1534090909090909
0 0.7348242811501597 0.2059659090909091 0.08146964856230032 0.1534090909090909
1 0.4289137380191693 0.11789772727272728 0.06070287539936102 0.11931818181818182
1 0.4792332268370607 0.17329545454545456 0.07987220447284345 0.15056818181818182
1 0.2659744408945687 0.27982954545454547 0.054313099041533544 0.11363636363636363
1 0.542332268370607 0.33948863636363635 0.06869009584664537 0.125
1 0.6773162939297125 0.38636363636363635 0.07667731629392971 0.17045454545454544
1 0.6972843450479234 0.6051136363636364 0.09744408945686901 0.15056818181818182