0 0.5938538205980066 0.4441176470588235 0.06312292358803986 0.14411764705882352
0 0.7009966777408638 0.23529411764705882 0.053156146179401995 0.13823529411764707
0 0.6445182724252492 0.061764705882352944 0.06312292358803986 0.12352941176470589
0 0.38953488372093026 0.6779411764705883 0.07973421926910298 0.1588235294117647
0 0.23172757475083056 0.4602941176470588 0.061461794019933555 0.1588235294117647
1 0.2707641196013289 0.925 0.036544850498338874 0.13823529411764707
1 0.3289036544850498 0.9794117647058823 0.07641196013289037 0.041176470588235294
1 0.5299003322259136 0.9441176470588235 0.07641196013289037 0.11176470588235295
1 0.5656146179401993 0.7867647058823529 0.06976744186046512 0.15294117647058825
1 0.6196013289036545 0.35294117647058826 0.04983388704318937 0.10294117647058823
1 0.5406976744186046 0.014705882352941176 0.054817275747508304 0.029411764705882353
1 0.7043189368770764 0.36617647058823527 0.05813953488372093 0.10882352941176471