0 0.3784046692607004 0.2689655172413793 0.06614785992217899 0.1206896551724138
0 0.2850194552529183 0.3448275862068966 0.07976653696498054 0.1206896551724138
0 0.23929961089494164 0.3482758620689655 0.08560311284046693 0.1310344827586207
0 0.3472762645914397 0.8896551724137931 0.0914396887159533 0.1482758620689655
0 0.796692607003891 0.7810344827586206 0.07587548638132295 0.11724137931034483
1 0.0943579766536965 0.6948275862068966 0.08754863813229571 0.1413793103448276
1 0.07587548638132295 0.4879310344827586 0.06809338521400778 0.11379310344827587
1 0.1819066147859922 0.7155172413793104 0.10700389105058365 0.15517241379310345
1 0.33657587548638135 0.9793103448275862 0.0933852140077821 0.041379310344827586
1 0.5593385214007782 0.9293103448275862 0.08754863813229571 0.1413793103448276
1 0.585603112840467 0.13793103448275862 0.08560311284046693 0.16206896551724137
1 0.45330739299610895 0.42758620689655175 0.09727626459143969 0.15172413793103448
1 0.9153696498054474 0.029310344827586206 0.04085603112840467 0.05862068965517241