0 0.7752890173410405 0.6397435897435897 0.0708092485549133 0.11538461538461539
0 0.6553468208092486 0.8269230769230769 0.08959537572254335 0.15128205128205127
0 0.4963872832369942 0.8192307692307692 0.05491329479768786 0.09743589743589744
0 0.2420520231213873 0.9307692307692308 0.06791907514450866 0.1076923076923077
0 0.434971098265896 0.7333333333333333 0.059248554913294796 0.09487179487179487
0 0.4884393063583815 0.5692307692307692 0.06213872832369942 0.09743589743589744
0 0.3930635838150289 0.3384615384615385 0.06502890173410404 0.09743589743589744
0 0.3634393063583815 0.4987179487179487 0.06936416184971098 0.11538461538461539
1 0.763728323699422 0.3923076923076923 0.05202312138728324 0.07692307692307693
1 0.8323699421965318 0.7371794871794872 0.05346820809248555 0.11538461538461539
1 0.5852601156069365 0.5205128205128206 0.07803468208092486 0.1076923076923077
1 0.5621387283236994 0.30641025641025643 0.06213872832369942 0.12051282051282051
1 0.2796242774566474 0.6615384615384615 0.06936416184971098 0.12564102564102564
1 0.20953757225433525 0.8192307692307692 0.0708092485549133 0.12564102564102564
1 0.4479768786127168 0.867948717948718 0.06069364161849711 0.12051282051282051
1 0.2658959537572254 0.22948717948717948 0.06647398843930635 0.10512820512820513