0 0.14732142857142858 0.17391304347826086 0.05803571428571429 0.09239130434782608
0 0.10342261904761904 0.18206521739130435 0.050595238095238096 0.08423913043478261
0 0.15848214285714285 0.28940217391304346 0.06696428571428571 0.10054347826086957
0 0.3794642857142857 0.8627717391304348 0.07142857142857142 0.11956521739130435
0 0.3854166666666667 0.7323369565217391 0.0625 0.11141304347826086
0 0.28348214285714285 0.4592391304347826 0.06398809523809523 0.10869565217391304
0 0.4836309523809524 0.5855978260869565 0.06398809523809523 0.11413043478260869
0 0.34151785714285715 0.25679347826086957 0.06398809523809523 0.10326086956521739
0 0.47470238095238093 0.24048913043478262 0.052083333333333336 0.10054347826086957
0 0.5066964285714286 0.24728260869565216 0.06845238095238096 0.13043478260869565
1 0.3244047619047619 0.07880434782608696 0.05654761904761905 0.09510869565217392
1 0.04241071428571429 0.41983695652173914 0.05654761904761905 0.07880434782608696
1 0.14285714285714285 0.5475543478260869 0.05654761904761905 0.08423913043478261
1 0.20982142857142858 0.65625 0.0625 0.09782608695652174
1 0.23735119047619047 0.532608695652174 0.05505952380952381 0.10597826086956522
1 0.44345238095238093 0.6616847826086957 0.06696428571428571 0.12228260869565218
1 0.3325892857142857 0.4008152173913043 0.05803571428571429 0.10326086956521739
1 0.4888392857142857 0.47282608695652173 0.06398809523809523 0.10597826086956522
1 0.6294642857142857 0.422554347826087 0.05803571428571429 0.11141304347826086