0 0.6398176291793313 0.2905405405405405 0.06382978723404255 0.1
0 0.8054711246200608 0.8364864864864865 0.060790273556231005 0.10540540540540541
0 0.8974164133738601 0.8391891891891892 0.06838905775075987 0.12432432432432433
0 0.6975683890577508 0.8864864864864865 0.06534954407294832 0.10270270270270271
0 0.5486322188449848 0.5945945945945946 0.07446808510638298 0.1
0 0.5273556231003039 0.5202702702702703 0.05927051671732523 0.1
0 0.21808510638297873 0.3972972972972973 0.05623100303951368 0.08108108108108109
0 0.1945288753799392 0.6297297297297297 0.06990881458966565 0.08378378378378379
0 0.18085106382978725 0.4418918918918919 0.05167173252279635 0.08108108108108109
1 0.1838905775075988 0.6905405405405406 0.06231003039513678 0.08378378378378379
1 0.3860182370820669 0.522972972972973 0.06534954407294832 0.07837837837837838
1 0.3472644376899696 0.3891891891891892 0.05623100303951368 0.0918918918918919
1 0.45896656534954405 0.372972972972973 0.05015197568389058 0.08648648648648649
1 0.34194528875379937 0.7135135135135136 0.05319148936170213 0.1
1 0.3700607902735562 0.8256756756756757 0.057750759878419454 0.11621621621621622
1 0.45364741641337386 0.9297297297297298 0.0668693009118541 0.12972972972972974
1 0.5661094224924013 0.7486486486486487 0.0668693009118541 0.10540540540540541
1 0.9772036474164134 0.6810810810810811 0.04559270516717325 0.0972972972972973