0 0.08041958041958042 0.2686335403726708 0.0944055944055944 0.14596273291925466
0 0.15384615384615385 0.5388198757763976 0.11888111888111888 0.2080745341614907
0 0.5288461538461539 0.9316770186335404 0.10664335664335664 0.13664596273291926
0 0.6949300699300699 0.9751552795031055 0.09615384615384616 0.049689440993788817
0 0.7316433566433567 0.546583850931677 0.09090909090909091 0.15527950310559005
0 0.6258741258741258 0.2981366459627329 0.10139860139860139 0.17391304347826086
0 0.5611888111888111 0.15683229813664595 0.08566433566433566 0.14906832298136646
0 0.34615384615384615 0.027950310559006212 0.08741258741258741 0.055900621118012424
1 0.1381118881118881 0.034161490683229816 0.08741258741258741 0.06832298136645963
1 0.007867132867132868 0.3027950310559006 0.015734265734265736 0.10248447204968944
1 0.32342657342657344 0.7360248447204969 0.09090909090909091 0.16149068322981366
1 0.5061188811188811 0.7158385093167702 0.11888111888111888 0.2080745341614907
1 0.4125874125874126 0.2531055900621118 0.08566433566433566 0.15838509316770186
1 0.3758741258741259 0.05434782608695652 0.08391608391608392 0.10869565217391304
1 0.8138111888111889 0.35248447204968947 0.08741258741258741 0.13975155279503104