0 0.9438596491228071 0.10737179487179487 0.04912280701754386 0.10576923076923077
0 0.8263157894736842 0.1282051282051282 0.07017543859649122 0.10576923076923077
0 0.7105263157894737 0.32371794871794873 0.07543859649122807 0.1282051282051282
0 0.6640350877192982 0.3076923076923077 0.08596491228070176 0.1282051282051282
0 0.5701754385964912 0.28525641025641024 0.07192982456140351 0.14102564102564102
0 0.5043859649122807 0.2692307692307692 0.07192982456140351 0.11538461538461539
0 0.6596491228070176 0.5961538461538461 0.07543859649122807 0.1346153846153846
0 0.9964912280701754 0.530448717948718 0.007017543859649123 0.125
0 0.5070175438596491 0.905448717948718 0.08421052631578947 0.14102564102564102
0 0.656140350877193 0.8525641025641025 0.07719298245614035 0.1282051282051282
1 0.9710526315789474 0.28846153846153844 0.042105263157894736 0.11217948717948718
1 0.9035087719298246 0.3525641025641026 0.07543859649122807 0.1282051282051282
1 0.8368421052631579 0.4823717948717949 0.07543859649122807 0.14423076923076922
1 0.8701754385964913 0.625 0.06140350877192982 0.09935897435897435
1 0.8578947368421053 0.7419871794871795 0.06140350877192982 0.10576923076923077
1 0.2885964912280702 0.969551282051282 0.08596491228070176 0.060897435897435896
1 0.32456140350877194 0.18108974358974358 0.06666666666666667 0.11858974358974358
1 0.6728070175438596 0.06570512820512821 0.07543859649122807 0.10256410256410256
1 0.7482456140350877 0.06891025641025642 0.07894736842105263 0.11858974358974358
1 0.7684210526315789 0.035256410256410256 0.07368421052631578 0.07051282051282051