0 0.45871559633027525 0.4901685393258427 0.08256880733944955 0.1348314606741573
0 0.4717125382262997 0.6713483146067416 0.07033639143730887 0.12078651685393259
0 0.24311926605504589 0.17696629213483145 0.0779816513761468 0.12640449438202248
0 0.5328746177370031 0.021067415730337078 0.06880733944954129 0.042134831460674156
0 0.7943425076452599 0.15168539325842698 0.07339449541284404 0.11235955056179775
0 0.8501529051987767 0.3061797752808989 0.06116207951070336 0.10393258426966293
0 0.5909785932721713 0.26264044943820225 0.07951070336391437 0.12078651685393259
0 0.6796636085626911 0.13623595505617977 0.07339449541284404 0.12359550561797752
1 0.4808868501529052 0.05898876404494382 0.07186544342507645 0.11797752808988764
1 0.863914373088685 0.04915730337078652 0.07951070336391437 0.09831460674157304
1 0.6376146788990825 0.35252808988764045 0.07339449541284404 0.11797752808988764
1 0.3845565749235474 0.30337078651685395 0.07033639143730887 0.1404494382022472
1 0.25840978593272174 0.4943820224719101 0.06880733944954129 0.12921348314606743
1 0.6452599388379205 0.5856741573033708 0.07186544342507645 0.12078651685393259