0 0.5408309455587392 0.38612565445026176 0.07736389684813753 0.1518324607329843
0 0.8818051575931232 0.5287958115183246 0.0659025787965616 0.10471204188481675
0 0.8946991404011462 0.8089005235602095 0.0659025787965616 0.10209424083769633
0 0.8904011461318052 0.8704188481675392 0.06446991404011461 0.0968586387434555
0 0.9269340974212035 0.8782722513089005 0.05873925501432665 0.10209424083769633
0 0.4283667621776504 0.8900523560209425 0.07449856733524356 0.13350785340314136
0 0.22492836676217765 0.6989528795811518 0.07020057306590258 0.11780104712041885
0 0.17908309455587393 0.6636125654450262 0.08166189111747851 0.14397905759162305
1 0.11819484240687679 0.42539267015706805 0.05157593123209169 0.08900523560209424
1 0.3853868194842407 0.837696335078534 0.05873925501432665 0.10209424083769633
1 0.6088825214899714 0.9633507853403142 0.06017191977077364 0.07329842931937172
1 0.6755014326647565 0.9646596858638743 0.07879656160458452 0.07068062827225131
1 0.7686246418338109 0.9489528795811518 0.07879656160458452 0.10209424083769633
1 0.839541547277937 0.9764397905759162 0.06303724928366762 0.04712041884816754
1 0.7643266475644699 0.45287958115183247 0.05730659025787966 0.12303664921465969
1 0.8130372492836676 0.7002617801047121 0.07163323782234957 0.12303664921465969
1 0.6984240687679083 0.4162303664921466 0.06160458452722063 0.12041884816753927