0 0.6 0.07177033492822966 0.06621621621621622 0.1291866028708134
0 0.42162162162162165 0.6471291866028708 0.052702702702702706 0.08851674641148326
0 0.4722972972972973 0.7452153110047847 0.05 0.09569377990430622
0 0.5614864864864865 0.3911483253588517 0.07297297297297298 0.1339712918660287
0 0.6952702702702702 0.5801435406698564 0.07972972972972973 0.15550239234449761
0 0.7777027027027027 0.8026315789473685 0.043243243243243246 0.05980861244019139
1 0.3783783783783784 0.06578947368421052 0.041891891891891894 0.05741626794258373
1 0.3777027027027027 0.3672248803827751 0.05945945945945946 0.10526315789473684
1 0.6398648648648648 0.7212918660287081 0.07702702702702703 0.145933014354067
1 0.7168918918918918 0.8444976076555024 0.05675675675675676 0.08373205741626795
1 0.7155405405405405 0.4222488038277512 0.07972972972972973 0.15311004784688995