0 0.07608695652173914 0.6071428571428571 0.05217391304347826 0.08994708994708994
0 0.1536231884057971 0.8492063492063492 0.057971014492753624 0.09523809523809523
0 0.213768115942029 0.6812169312169312 0.059420289855072465 0.10052910052910052
0 0.4963768115942029 0.9007936507936508 0.0536231884057971 0.08994708994708994
0 0.4311594202898551 0.9417989417989417 0.04927536231884058 0.07671957671957672
0 0.553623188405797 0.7777777777777778 0.057971014492753624 0.09259259259259259
0 0.5239130434782608 0.7023809523809523 0.06521739130434782 0.08994708994708994
0 0.41739130434782606 0.3306878306878307 0.04927536231884058 0.09259259259259259
0 0.39710144927536234 0.4007936507936508 0.05507246376811594 0.0873015873015873
1 0.0782608695652174 0.83994708994709 0.05507246376811594 0.07407407407407407
1 0.14202898550724638 0.5886243386243386 0.05652173913043478 0.06084656084656084
1 0.3601449275362319 0.6693121693121693 0.06086956521739131 0.08465608465608465
1 0.3782608695652174 0.5661375661375662 0.050724637681159424 0.0873015873015873
1 0.5362318840579711 0.6018518518518519 0.057971014492753624 0.07407407407407407
1 0.5855072463768116 0.4060846560846561 0.059420289855072465 0.10052910052910052
1 0.7217391304347827 0.8492063492063492 0.05217391304347826 0.09523809523809523
1 0.26521739130434785 0.8783068783068783 0.050724637681159424 0.07936507936507936
1 0.358695652173913 0.8346560846560847 0.0536231884057971 0.07671957671957672
1 0.38623188405797104 0.7235449735449735 0.05217391304347826 0.08994708994708994