0 0.5591397849462365 0.12380952380952381 0.04838709677419355 0.09047619047619047
0 0.4025537634408602 0.5988095238095238 0.041666666666666664 0.07857142857142857
0 0.41397849462365593 0.65 0.04704301075268817 0.09761904761904762
0 0.6471774193548387 0.9011904761904762 0.053763440860215055 0.0761904761904762
0 0.6223118279569892 0.8333333333333334 0.05779569892473118 0.08571428571428572
1 0.323252688172043 0.9714285714285714 0.03494623655913978 0.0380952380952381
1 0.4307795698924731 0.3238095238095238 0.030913978494623656 0.06904761904761905
1 0.5564516129032258 0.6547619047619048 0.041666666666666664 0.09047619047619047
1 0.6001344086021505 0.49166666666666664 0.03494623655913978 0.07380952380952381
1 0.7022849462365591 0.11785714285714285 0.041666666666666664 0.08571428571428572
1 0.4327956989247312 0.06785714285714285 0.03763440860215054 0.07142857142857142