0 0.13225255972696245 0.6333333333333333 0.06996587030716724 0.14545454545454545
0 0.1825938566552901 0.8515151515151516 0.059726962457337884 0.1
0 0.5409556313993175 0.45 0.09044368600682594 0.1606060606060606
0 0.5674061433447098 0.21666666666666667 0.08020477815699659 0.14545454545454545
0 0.8233788395904437 0.3242424242424242 0.09556313993174062 0.15757575757575756
0 0.5648464163822525 0.5742424242424242 0.09897610921501707 0.14242424242424243
0 0.9607508532423208 0.6484848484848484 0.07849829351535836 0.1393939393939394
1 0.3003412969283277 0.5636363636363636 0.07849829351535836 0.15151515151515152
1 0.7098976109215017 0.8378787878787879 0.07849829351535836 0.1303030303030303
1 0.7918088737201365 0.703030303030303 0.12286689419795221 0.17272727272727273
1 0.7696245733788396 0.4393939393939394 0.07167235494880546 0.1393939393939394
1 0.765358361774744 0.1621212121212121 0.07849829351535836 0.14545454545454545
1 0.3796928327645051 0.4484848484848485 0.07849829351535836 0.12121212121212122