0 0.7702702702702703 0.6215469613259669 0.07957957957957958 0.1298342541436464
0 0.8190690690690691 0.8328729281767956 0.07507507507507508 0.1270718232044199
0 0.5075075075075075 0.7140883977900553 0.07507507507507508 0.1270718232044199
0 0.53003003003003 0.81353591160221 0.06906906906906907 0.1270718232044199
0 0.46321321321321324 0.7154696132596685 0.07357357357357357 0.12430939226519337
0 0.5615615615615616 0.4157458563535912 0.07507507507507508 0.14917127071823205
0 0.2575075075075075 0.21685082872928177 0.07957957957957958 0.12154696132596685
0 0.14864864864864866 0.3052486187845304 0.06606606606606606 0.11602209944751381
1 0.240990990990991 0.5593922651933702 0.07357357357357357 0.1270718232044199
1 0.42567567567567566 0.05662983425414365 0.08258258258258258 0.1132596685082873
1 0.6073573573573574 0.09530386740331492 0.0915915915915916 0.1270718232044199
1 0.9174174174174174 0.3660220994475138 0.08858858858858859 0.13812154696132597
1 0.7214714714714715 0.9806629834254144 0.06756756756756757 0.03867403314917127
1 0.6403903903903904 0.9226519337016574 0.07207207207207207 0.1132596685082873
1 0.6854354354354354 0.675414364640884 0.06906906906906907 0.13812154696132597
1 0.3551051051051051 0.5828729281767956 0.07207207207207207 0.12430939226519337