0 0.6473988439306358 0.43333333333333335 0.0708092485549133 0.12564102564102564
0 0.3345375722543353 0.10384615384615385 0.06213872832369942 0.11282051282051282
0 0.282514450867052 0.17307692307692307 0.07225433526011561 0.12307692307692308
0 0.171242774566474 0.4128205128205128 0.06502890173410404 0.11794871794871795
0 0.1199421965317919 0.45897435897435895 0.07369942196531792 0.13333333333333333
0 0.6163294797687862 0.9782051282051282 0.06791907514450866 0.04358974358974359
0 0.7565028901734104 0.9794871794871794 0.10549132947976879 0.041025641025641026
1 0.5007225433526011 0.31025641025641026 0.06647398843930635 0.12051282051282051
1 0.4486994219653179 0.23076923076923078 0.06358381502890173 0.12051282051282051
1 0.41835260115606937 0.3474358974358974 0.08670520231213873 0.15897435897435896
1 0.3179190751445087 0.2935897435897436 0.09393063583815028 0.15897435897435896
1 0.27167630057803466 0.6461538461538462 0.09104046242774566 0.16153846153846155
1 0.41329479768786126 0.8333333333333334 0.08670520231213873 0.14871794871794872
1 0.8648843930635838 0.8717948717948718 0.09104046242774566 0.1564102564102564