0 0.38722826086956524 0.3858173076923077 0.059782608695652176 0.09615384615384616
0 0.748641304347826 0.2620192307692308 0.04755434782608696 0.06971153846153846
0 0.7554347826086957 0.3329326923076923 0.04755434782608696 0.07932692307692307
0 0.6120923913043478 0.4951923076923077 0.05298913043478261 0.09375
0 0.8152173913043478 0.4735576923076923 0.05434782608695652 0.09615384615384616
0 0.8491847826086957 0.6658653846153846 0.05434782608695652 0.10576923076923077
0 0.47758152173913043 0.6225961538461539 0.059782608695652176 0.10336538461538461
0 0.38858695652173914 0.2283653846153846 0.04076086956521739 0.09375
1 0.29959239130434784 0.35216346153846156 0.0625 0.11057692307692307
1 0.5448369565217391 0.3629807692307692 0.0625 0.09134615384615384
1 0.6134510869565217 0.3088942307692308 0.05434782608695652 0.09134615384615384
1 0.6114130434782609 0.40024038461538464 0.05434782608695652 0.0889423076923077
1 0.7792119565217391 0.41346153846153844 0.050271739130434784 0.08173076923076923
1 0.6711956521739131 0.5709134615384616 0.058423913043478264 0.0985576923076923
1 0.6745923913043478 0.6706730769230769 0.0625 0.10096153846153846
1 0.6365489130434783 0.8064903846153846 0.06657608695652174 0.11057692307692307