0 0.9708480565371025 0.6241935483870967 0.054770318021201414 0.08709677419354839
0 0.9690812720848057 0.5145161290322581 0.06007067137809187 0.0935483870967742
0 0.6687279151943463 0.23387096774193547 0.08833922261484099 0.11935483870967742
0 0.6024734982332155 0.23387096774193547 0.061837455830388695 0.1064516129032258
0 0.5468197879858657 0.3467741935483871 0.07773851590106007 0.12258064516129032
0 0.5432862190812721 0.23709677419354838 0.05830388692579505 0.1
0 0.3286219081272085 0.7387096774193549 0.07420494699646643 0.13548387096774195
0 0.48674911660777387 0.9838709677419355 0.06890459363957598 0.03225806451612903
0 0.8913427561837456 0.7080645161290322 0.07420494699646643 0.0967741935483871
1 0.5591872791519434 0.5709677419354838 0.08657243816254417 0.10967741935483871
1 0.39664310954063603 0.6258064516129033 0.06713780918727916 0.09032258064516129
1 0.29063604240282687 0.9629032258064516 0.06890459363957598 0.041935483870967745
1 0.3568904593639576 0.2629032258064516 0.061837455830388695 0.12258064516129032
1 0.7879858657243817 0.27580645161290324 0.06007067137809187 0.1032258064516129
1 0.9134275618374559 0.2435483870967742 0.06007067137809187 0.07419354838709677
1 0.741166077738516 0.9080645161290323 0.06890459363957598 0.07096774193548387
1 0.7102473498233216 0.9612903225806452 0.07773851590106007 0.07741935483870968
1 0.9628975265017667 0.896774193548387 0.054770318021201414 0.09032258064516129