0 0.19724025974025974 0.7931034482758621 0.05844155844155844 0.11781609195402298
0 0.2694805194805195 0.6652298850574713 0.07954545454545454 0.10632183908045977
0 0.413961038961039 0.5402298850574713 0.06168831168831169 0.11206896551724138
0 0.6331168831168831 0.38936781609195403 0.06493506493506493 0.11206896551724138
0 0.5584415584415584 0.6637931034482759 0.08928571428571429 0.12643678160919541
0 0.9691558441558441 0.7155172413793104 0.06168831168831169 0.14367816091954022
0 0.974025974025974 0.6580459770114943 0.05194805194805195 0.11494252873563218
0 0.6907467532467533 0.8864942528735632 0.0698051948051948 0.10057471264367816
1 0.3887987012987013 0.7341954022988506 0.0762987012987013 0.14367816091954022
1 0.3612012987012987 0.4295977011494253 0.06168831168831169 0.1235632183908046
1 0.40584415584415584 0.39511494252873564 0.06168831168831169 0.10632183908045977
1 0.5933441558441559 0.40373563218390807 0.0762987012987013 0.14942528735632185
1 0.6185064935064936 0.08045977011494253 0.05844155844155844 0.10057471264367816
1 0.8027597402597403 0.40948275862068967 0.10064935064935066 0.14080459770114942
1 0.7694805194805194 0.514367816091954 0.08603896103896104 0.14367816091954022