0 0.7641342756183745 0.1171875 0.12190812720848057 0.20625
0 0.7217314487632509 0.3015625 0.10777385159010601 0.184375
0 0.5335689045936396 0.7203125 0.10070671378091872 0.1625
0 0.7535335689045937 0.5390625 0.10777385159010601 0.165625
0 0.5521201413427562 0.515625 0.1166077738515901 0.184375
0 0.20141342756183744 0.9265625 0.11307420494699646 0.146875
0 0.08657243816254417 0.9578125 0.053003533568904596 0.084375
0 0.23851590106007067 0.196875 0.08480565371024736 0.13125
0 0.03356890459363958 0.346875 0.06713780918727916 0.13125
1 0.5335689045936396 0.0515625 0.0812720848056537 0.103125
1 0.25618374558303886 0.53125 0.09363957597173145 0.165625
1 0.48851590106007065 0.884375 0.09010600706713781 0.1625
1 0.5742049469964664 0.8 0.09010600706713781 0.15
1 0.6934628975265018 0.378125 0.08480565371024736 0.128125
1 0.24028268551236748 0.4421875 0.08657243816254417 0.13125
1 0.6263250883392226 0.0578125 0.06713780918727916 0.109375