0 0.7900355871886121 0.5537974683544303 0.08185053380782918 0.14240506329113925
0 0.5596085409252669 0.2721518987341772 0.08540925266903915 0.14556962025316456
0 0.4750889679715303 0.35443037974683544 0.08362989323843416 0.1550632911392405
0 0.594306049822064 0.9319620253164557 0.10320284697508897 0.1360759493670886
1 0.9395017793594306 0.7357594936708861 0.07829181494661921 0.1360759493670886
1 0.7126334519572953 0.4462025316455696 0.07829181494661921 0.13924050632911392
1 0.6476868327402135 0.5332278481012658 0.09074733096085409 0.16455696202531644
1 0.7660142348754448 0.7658227848101266 0.10498220640569395 0.18037974683544303
1 0.4288256227758007 0.939873417721519 0.08540925266903915 0.12025316455696203
1 0.8087188612099644 0.9113924050632911 0.09074733096085409 0.15822784810126583
1 0.8834519572953736 0.9541139240506329 0.0800711743772242 0.09177215189873418