0 0.7710280373831776 0.21875 0.06853582554517133 0.07670454545454546
0 0.9665109034267912 0.6065340909090909 0.06074766355140187 0.08806818181818182
0 0.911993769470405 0.78125 0.048286604361370715 0.08238636363636363
0 0.6651090342679128 0.9176136363636364 0.06386292834890965 0.09659090909090909
0 0.6378504672897196 0.6818181818181818 0.06386292834890965 0.10511363636363637
0 0.43146417445482865 0.40482954545454547 0.048286604361370715 0.09375
0 0.616822429906542 0.2556818181818182 0.06074766355140187 0.07386363636363637
0 0.2772585669781931 0.8451704545454546 0.04205607476635514 0.10227272727272728
0 0.2538940809968847 0.9105113636363636 0.04205607476635514 0.09375
1 0.7998442367601246 0.5298295454545454 0.07320872274143302 0.07386363636363637
1 0.867601246105919 0.4474431818181818 0.04672897196261682 0.10227272727272728
1 0.7398753894080997 0.7897727272727273 0.059190031152647975 0.10227272727272728
1 0.8753894080996885 0.8821022727272727 0.0514018691588785 0.10511363636363637
1 0.48442367601246106 0.8977272727272727 0.06074766355140187 0.09659090909090909
1 0.441588785046729 0.8849431818181818 0.04361370716510903 0.1278409090909091
1 0.4158878504672897 0.9872159090909091 0.0529595015576324 0.02556818181818182
1 0.40264797507788164 0.3153409090909091 0.045171339563862926 0.10511363636363637
1 0.6191588785046729 0.3508522727272727 0.07165109034267912 0.10227272727272728
1 0.647196261682243 0.2784090909090909 0.0514018691588785 0.10227272727272728