0 0.5754901960784313 0.3871527777777778 0.07450980392156863 0.13541666666666666
0 0.7068627450980393 0.3697916666666667 0.07254901960784314 0.14583333333333334
0 0.5127450980392156 0.4930555555555556 0.07254901960784314 0.14930555555555555
0 0.3058823529411765 0.7065972222222222 0.0784313725490196 0.11805555555555555
0 0.37058823529411766 0.4375 0.06666666666666667 0.13541666666666666
0 0.28431372549019607 0.296875 0.058823529411764705 0.1284722222222222
1 0.3392156862745098 0.036458333333333336 0.060784313725490195 0.052083333333333336
1 0.27941176470588236 0.03298611111111111 0.049019607843137254 0.03125
1 0.3284313725490196 0.1076388888888889 0.06274509803921569 0.10069444444444445
1 0.29705882352941176 0.40625 0.054901960784313725 0.1111111111111111
1 0.41274509803921566 0.08854166666666667 0.0784313725490196 0.12152777777777778
1 0.4892156862745098 0.03993055555555555 0.08431372549019608 0.0798611111111111