0 0.6313432835820896 0.9788359788359788 0.07761194029850746 0.042328042328042326
0 0.814179104477612 0.8955026455026455 0.0626865671641791 0.10317460317460317
0 0.7746268656716417 0.5185185185185185 0.05223880597014925 0.09523809523809523
0 0.4664179104477612 0.38095238095238093 0.06865671641791045 0.12962962962962962
0 0.48955223880597015 0.3386243386243386 0.0626865671641791 0.09788359788359788
0 0.07686567164179105 0.7619047619047619 0.058208955223880594 0.10846560846560846
0 0.25522388059701495 0.8835978835978836 0.06865671641791045 0.10052910052910052
1 0.6320895522388059 0.9034391534391535 0.06567164179104477 0.11375661375661375
1 0.8082089552238806 0.7883597883597884 0.07014925373134329 0.1111111111111111
1 0.6402985074626866 0.458994708994709 0.06417910447761194 0.13227513227513227
1 0.4783582089552239 0.6256613756613757 0.07462686567164178 0.0873015873015873
1 0.45671641791044776 0.9312169312169312 0.06567164179104477 0.13756613756613756
1 0.29701492537313434 0.7711640211640212 0.07313432835820896 0.12698412698412698
1 0.40223880597014927 0.17857142857142858 0.0626865671641791 0.09788359788359788