0 0.536923076923077 0.44803370786516855 0.07230769230769231 0.1348314606741573
0 0.4084615384615385 0.7092696629213483 0.07230769230769231 0.14325842696629212
0 0.6576923076923077 0.5758426966292135 0.052307692307692305 0.12359550561797752
0 0.6130769230769231 0.449438202247191 0.06615384615384616 0.12078651685393259
0 0.7738461538461539 0.3061797752808989 0.05846153846153846 0.12640449438202248
1 0.7892307692307692 0.1404494382022472 0.06307692307692307 0.047752808988764044
1 0.6707692307692308 0.2907303370786517 0.05076923076923077 0.09550561797752809
1 0.7307692307692307 0.3300561797752809 0.05384615384615385 0.10955056179775281
1 0.75 0.6502808988764045 0.03538461538461538 0.10112359550561797
1 0.6423076923076924 0.8258426966292135 0.06923076923076923 0.14606741573033707
1 0.4046153846153846 0.4297752808988764 0.05846153846153846 0.10393258426966293