0 0.489010989010989 0.8288834951456311 0.06043956043956044 0.10679611650485436
0 0.617445054945055 0.5631067961165048 0.054945054945054944 0.0970873786407767
0 0.603021978021978 0.42597087378640774 0.06318681318681318 0.11165048543689321
0 0.6346153846153846 0.24757281553398058 0.0782967032967033 0.14320388349514562
0 0.43887362637362637 0.05703883495145631 0.0673076923076923 0.11407766990291263
0 0.24656593406593408 0.595873786407767 0.08791208791208792 0.1650485436893204
1 0.5 0.7742718446601942 0.061813186813186816 0.10922330097087378
1 0.4725274725274725 0.6080097087378641 0.07692307692307693 0.13106796116504854
1 0.3289835164835165 0.3337378640776699 0.0782967032967033 0.13106796116504854
1 0.4567307692307692 0.2366504854368932 0.08791208791208792 0.15776699029126215
1 0.7438186813186813 0.29975728155339804 0.06318681318681318 0.11650485436893204