0 0.7091988130563798 0.21710526315789475 0.06231454005934718 0.10526315789473684
0 0.3093471810089021 0.3868421052631579 0.06379821958456973 0.11578947368421053
0 0.1632047477744807 0.95 0.10089020771513353 0.1
0 0.31231454005934717 0.9710526315789474 0.07566765578635015 0.05789473684210526
0 0.8449554896142433 0.5407894736842105 0.07566765578635015 0.13157894736842105
0 0.8108308605341247 0.4881578947368421 0.0712166172106825 0.12631578947368421
0 0.6305637982195845 0.33157894736842103 0.08753709198813056 0.14473684210526316
0 0.6758160237388724 0.13421052631578947 0.06083086053412463 0.11315789473684211
1 0.5274480712166172 0.2394736842105263 0.06528189910979229 0.11315789473684211
1 0.47403560830860536 0.2986842105263158 0.06379821958456973 0.12105263157894737
1 0.5459940652818991 0.3592105263157895 0.07566765578635015 0.12631578947368421
1 0.798219584569733 0.36973684210526314 0.06973293768545995 0.11842105263157894
1 0.6194362017804155 0.41973684210526313 0.06676557863501484 0.12894736842105264
1 0.6810089020771514 0.718421052631579 0.06973293768545995 0.12105263157894737
1 0.5296735905044511 0.8578947368421053 0.08753709198813056 0.15
1 0.05934718100890208 0.8026315789473685 0.07566765578635015 0.12631578947368421