0 0.58 0.10393258426966293 0.052307692307692305 0.12359550561797752
0 0.6707692307692308 0.29353932584269665 0.04153846153846154 0.07584269662921349
0 0.64 0.35814606741573035 0.07846153846153846 0.10674157303370786
0 0.4230769230769231 0.7752808988764045 0.05692307692307692 0.11797752808988764
0 0.24846153846153846 0.9269662921348315 0.05076923076923077 0.06460674157303371
0 0.23692307692307693 0.6825842696629213 0.04923076923076923 0.10674157303370786
0 0.32 0.1446629213483146 0.06307692307692307 0.12640449438202248
1 0.6253846153846154 0.6460674157303371 0.06307692307692307 0.11235955056179775
1 0.2592307692307692 0.6980337078651685 0.052307692307692305 0.10674157303370786
1 0.29923076923076924 0.5969101123595506 0.043076923076923075 0.10674157303370786
1 0.26153846153846155 0.33848314606741575 0.05846153846153846 0.1151685393258427
1 0.38153846153846155 0.03651685393258427 0.043076923076923075 0.07303370786516854