0 0.17246376811594202 0.44576719576719576 0.06811594202898551 0.09788359788359788
0 0.1108695652173913 0.4166666666666667 0.05507246376811594 0.09788359788359788
0 0.0463768115942029 0.34523809523809523 0.04782608695652174 0.08465608465608465
0 0.4391304347826087 0.26322751322751325 0.06231884057971015 0.10052910052910052
0 0.3282608695652174 0.8703703703703703 0.059420289855072465 0.082010582010582
0 0.7152173913043478 0.38492063492063494 0.06376811594202898 0.11375661375661375
0 0.8123188405797102 0.6005291005291006 0.06231884057971015 0.10846560846560846
1 0.26304347826086955 0.0701058201058201 0.06811594202898551 0.1111111111111111
1 0.6485507246376812 0.1970899470899471 0.05507246376811594 0.10846560846560846
1 0.5369565217391304 0.3835978835978836 0.04492753623188406 0.09788359788359788
1 0.9253623188405797 0.41798941798941797 0.06231884057971015 0.10582010582010581
1 0.3391304347826087 0.6349206349206349 0.0782608695652174 0.10052910052910052
1 0.09057971014492754 0.3029100529100529 0.05217391304347826 0.11375661375661375
1 0.08985507246376812 0.5727513227513228 0.07391304347826087 0.10317460317460317
1 0.034782608695652174 0.544973544973545 0.06086956521739131 0.09259259259259259