0 0.8374485596707819 0.6058394160583942 0.10493827160493827 0.17883211678832117
0 0.75 0.6332116788321168 0.12962962962962962 0.20072992700729927
0 0.676954732510288 0.3302919708029197 0.11316872427983539 0.17518248175182483
0 0.6090534979423868 0.25 0.102880658436214 0.17883211678832117
0 0.4711934156378601 0.24635036496350365 0.09259259259259259 0.1678832116788321
0 0.7057613168724279 0.041970802919708027 0.0823045267489712 0.08394160583941605
1 0.6512345679012346 0.08394160583941605 0.08436213991769548 0.13503649635036497
1 0.8292181069958847 0.060218978102189784 0.102880658436214 0.12043795620437957
1 0.8786008230452675 0.11861313868613138 0.09053497942386832 0.16058394160583941
1 0.8734567901234568 0.29744525547445255 0.10493827160493827 0.17518248175182483
1 0.9465020576131687 0.29927007299270075 0.08847736625514403 0.145985401459854