0 0.41555851063829785 0.6698113207547169 0.047872340425531915 0.09669811320754718
0 0.511968085106383 0.2841981132075472 0.047872340425531915 0.10141509433962265
0 0.44813829787234044 0.031839622641509434 0.0425531914893617 0.0589622641509434
0 0.41023936170212766 0.025943396226415096 0.0398936170212766 0.03773584905660377
1 0.40757978723404253 0.27712264150943394 0.041223404255319146 0.07075471698113207
1 0.42021276595744683 0.3714622641509434 0.0425531914893617 0.06839622641509434
1 0.4601063829787234 0.28773584905660377 0.043882978723404256 0.07547169811320754
1 0.4913563829787234 0.015330188679245283 0.03856382978723404 0.030660377358490566
1 0.557845744680851 0.2134433962264151 0.04521276595744681 0.08490566037735849
1 0.6216755319148937 0.24056603773584906 0.04920212765957447 0.09669811320754718
1 0.6901595744680851 0.19811320754716982 0.04920212765957447 0.08726415094339622
1 0.6968085106382979 0.660377358490566 0.05452127659574468 0.10613207547169812
1 0.6090425531914894 0.8372641509433962 0.047872340425531915 0.07783018867924528