0 0.4052013422818792 0.23660714285714285 0.06711409395973154 0.12202380952380952
0 0.41946308724832215 0.6785714285714286 0.07046979865771812 0.10416666666666667
0 0.6786912751677853 0.9732142857142857 0.05201342281879195 0.05357142857142857
0 0.7458053691275168 0.8125 0.05704697986577181 0.13690476190476192
0 0.7432885906040269 0.7038690476190477 0.06879194630872483 0.13095238095238096
1 0.2835570469798658 0.18601190476190477 0.06711409395973154 0.08630952380952381
1 0.41778523489932884 0.5669642857142857 0.06375838926174497 0.1488095238095238
1 0.4161073825503356 0.9538690476190477 0.05201342281879195 0.08333333333333333
1 0.48070469798657717 0.9642857142857143 0.050335570469798654 0.07142857142857142
1 0.5218120805369127 0.8318452380952381 0.06711409395973154 0.13392857142857142
1 0.7609060402684564 0.23363095238095238 0.06208053691275168 0.13392857142857142