0 0.38449367088607594 0.05377906976744186 0.04430379746835443 0.09011627906976744
0 0.34098101265822783 0.49127906976744184 0.05063291139240506 0.11627906976744186
0 0.4074367088607595 0.5072674418604651 0.055379746835443035 0.11918604651162791
0 0.5965189873417721 0.42005813953488375 0.0680379746835443 0.125
0 0.6210443037974683 0.3168604651162791 0.0680379746835443 0.12209302325581395
0 0.7088607594936709 0.3502906976744186 0.06487341772151899 0.11918604651162791
0 0.7128164556962026 0.6046511627906976 0.06487341772151899 0.11627906976744186
1 0.3251582278481013 0.059593023255813955 0.0490506329113924 0.09011627906976744
1 0.34098101265822783 0.1613372093023256 0.058544303797468354 0.11337209302325581
1 0.3291139240506329 0.7601744186046512 0.055379746835443035 0.10174418604651163
1 0.5411392405063291 0.05813953488372093 0.056962025316455694 0.11627906976744186
1 0.6867088607594937 0.023255813953488372 0.056962025316455694 0.046511627906976744
1 0.7325949367088608 0.9447674418604651 0.055379746835443035 0.07267441860465117