0 0.6296052631578948 0.7207943925233645 0.05921052631578947 0.10747663551401869
0 0.3684210526315789 0.8679906542056075 0.07105263157894737 0.14485981308411214
0 0.2565789473684211 0.3037383177570093 0.075 0.1308411214953271
0 0.5184210526315789 0.22546728971962618 0.06578947368421052 0.1191588785046729
0 0.5473684210526316 0.31542056074766356 0.06315789473684211 0.1191588785046729
0 0.5921052631578947 0.3901869158878505 0.05394736842105263 0.09813084112149532
1 0.6072368421052632 0.9404205607476636 0.04473684210526316 0.0630841121495327
1 0.5717105263157894 0.9626168224299065 0.04078947368421053 0.05841121495327103
1 0.3138157894736842 0.6203271028037384 0.07236842105263158 0.12383177570093458
1 0.35592105263157897 0.39485981308411217 0.08289473684210526 0.14018691588785046
1 0.5210526315789473 0.5911214953271028 0.05921052631578947 0.10514018691588785
1 0.6105263157894737 0.6577102803738317 0.05789473684210526 0.08411214953271028
1 0.5473684210526316 0.04205607476635514 0.05789473684210526 0.08411214953271028