0 0.7964396284829721 0.05508474576271186 0.06191950464396285 0.10451977401129943
0 0.4481424148606811 0.4166666666666667 0.08359133126934984 0.14689265536723164
0 0.33900928792569657 0.6892655367231638 0.0804953560371517 0.13559322033898305
0 0.5735294117647058 0.942090395480226 0.06037151702786378 0.10451977401129943
0 0.9605263157894737 0.557909604519774 0.07894736842105263 0.1440677966101695
0 0.9140866873065016 0.3050847457627119 0.08359133126934984 0.1327683615819209
0 0.8544891640866873 0.5692090395480226 0.07275541795665634 0.1327683615819209
1 0.8281733746130031 0.690677966101695 0.09287925696594428 0.1553672316384181
1 0.760061919504644 0.788135593220339 0.06191950464396285 0.11016949152542373
1 0.6772445820433437 0.1596045197740113 0.06811145510835913 0.1271186440677966
1 0.628482972136223 0.3446327683615819 0.06501547987616099 0.11016949152542373
1 0.1323529411764706 0.885593220338983 0.07430340557275542 0.1271186440677966
1 0.1540247678018576 0.9745762711864406 0.0696594427244582 0.05084745762711865
1 0.5154798761609907 0.9533898305084746 0.07739938080495357 0.09322033898305085
1 0.8846749226006192 0.4957627118644068 0.07585139318885449 0.12429378531073447
1 0.9705882352941176 0.442090395480226 0.058823529411764705 0.11016949152542373