0 0.010067114093959731 0.3619631901840491 0.020134228187919462 0.12883435582822086
0 0.24161073825503357 0.5214723926380368 0.08053691275167785 0.13190184049079753
0 0.18791946308724833 0.9079754601226994 0.06040268456375839 0.12269938650306748
0 0.5058724832214765 0.8006134969325154 0.08221476510067115 0.1441717791411043
0 0.7072147651006712 0.7914110429447853 0.07046979865771812 0.13496932515337423
0 0.74748322147651 0.8911042944785276 0.07046979865771812 0.09202453987730061
1 0.6593959731543624 0.8404907975460123 0.06375838926174497 0.15030674846625766
1 0.5419463087248322 0.9432515337423313 0.07718120805369127 0.11349693251533742
1 0.8649328859060402 0.593558282208589 0.07046979865771812 0.1411042944785276
1 0.6703020134228188 0.0598159509202454 0.07885906040268456 0.1196319018404908
1 0.5411073825503355 0.009202453987730062 0.05536912751677853 0.018404907975460124
1 0.1686241610738255 0.35276073619631904 0.0587248322147651 0.13803680981595093
1 0.03859060402684564 0.5920245398773006 0.07214765100671142 0.12269938650306748
1 0.35151006711409394 0.8282208588957055 0.06879194630872483 0.13496932515337423