0 0.5664556962025317 0.9578488372093024 0.06645569620253164 0.08430232558139535
0 0.7080696202531646 0.28343023255813954 0.08702531645569621 0.17151162790697674
0 0.6613924050632911 0.3851744186046512 0.07278481012658228 0.13662790697674418
0 0.6503164556962026 0.7311046511627907 0.08386075949367089 0.15406976744186046
0 0.5221518987341772 0.4113372093023256 0.08069620253164557 0.1569767441860465
0 0.3916139240506329 0.6715116279069767 0.06645569620253164 0.13953488372093023
0 0.41218354430379744 0.7165697674418605 0.061708860759493674 0.11337209302325581
1 0.48813291139240506 0.9723837209302325 0.07436708860759493 0.055232558139534885
1 0.46439873417721517 0.6976744186046512 0.07278481012658228 0.1308139534883721
1 0.34335443037974683 0.36773255813953487 0.07911392405063292 0.13372093023255813
1 0.5862341772151899 0.7354651162790697 0.056962025316455694 0.10465116279069768
1 0.5886075949367089 0.4011627906976744 0.08386075949367089 0.15406976744186046
1 0.7191455696202531 0.7165697674418605 0.06487341772151899 0.11918604651162791
1 0.7784810126582279 0.6351744186046512 0.06645569620253164 0.12209302325581395