0 0.7410714285714286 0.16939890710382513 0.06101190476190476 0.11748633879781421
0 0.5104166666666666 0.3989071038251366 0.05357142857142857 0.13387978142076504
0 0.6555059523809523 0.6379781420765027 0.05654761904761905 0.10382513661202186
0 0.6852678571428571 0.7144808743169399 0.06696428571428571 0.10655737704918032
0 0.5863095238095238 0.9043715846994536 0.05803571428571429 0.12568306010928962
0 0.4479166666666667 0.41530054644808745 0.05357142857142857 0.12021857923497267
1 0.5915178571428571 0.07240437158469945 0.06398809523809523 0.11475409836065574
1 0.7313988095238095 0.6461748633879781 0.06696428571428571 0.1448087431693989
1 0.5029761904761905 0.7390710382513661 0.05654761904761905 0.11748633879781421
1 0.5773809523809523 0.3319672131147541 0.06547619047619048 0.13934426229508196
1 0.38913690476190477 0.6898907103825137 0.07291666666666667 0.12568306010928962