0 0.5871559633027523 0.7793296089385475 0.06422018348623854 0.12011173184357542
0 0.5129969418960245 0.6703910614525139 0.07033639143730887 0.13128491620111732
0 0.5703363914373089 0.729050279329609 0.0672782874617737 0.12569832402234637
0 0.6758409785932722 0.3840782122905028 0.06880733944954129 0.1424581005586592
0 0.4510703363914373 0.02094972067039106 0.07033639143730887 0.04189944134078212
0 0.37767584097859325 0.02653631284916201 0.0581039755351682 0.05307262569832402
0 0.25076452599388377 0.6620111731843575 0.08103975535168195 0.1564245810055866
1 0.2775229357798165 0.8156424581005587 0.0672782874617737 0.12849162011173185
1 0.4396024464831804 0.9650837988826816 0.05963302752293578 0.06983240223463687
1 0.5344036697247706 0.4622905027932961 0.07339449541284404 0.1340782122905028
1 0.6498470948012233 0.4762569832402235 0.06269113149847094 0.11173184357541899
1 0.3769113149847095 0.24581005586592178 0.07186544342507645 0.13966480446927373
1 0.3119266055045872 0.3058659217877095 0.07492354740061162 0.13687150837988826