0 0.26731927710843373 0.2967032967032967 0.05572289156626506 0.12087912087912088
0 0.4058734939759036 0.3392857142857143 0.06475903614457831 0.12362637362637363
0 0.6129518072289156 0.29532967032967034 0.05421686746987952 0.10989010989010989
0 0.5911144578313253 0.34615384615384615 0.06475903614457831 0.12362637362637363
0 0.545933734939759 0.3585164835164835 0.06325301204819277 0.12362637362637363
0 0.4992469879518072 0.7362637362637363 0.0677710843373494 0.0989010989010989
0 0.4141566265060241 0.9574175824175825 0.06927710843373494 0.08516483516483517
1 0.4977409638554217 0.4217032967032967 0.06475903614457831 0.11263736263736264
1 0.6287650602409639 0.6510989010989011 0.060240963855421686 0.10989010989010989
1 0.5707831325301205 0.0260989010989011 0.0572289156626506 0.0521978021978022
1 0.4879518072289157 0.038461538461538464 0.06325301204819277 0.07692307692307693
1 0.3117469879518072 0.1662087912087912 0.05421686746987952 0.12087912087912088
1 0.2740963855421687 0.5439560439560439 0.05421686746987952 0.12912087912087913
1 0.32379518072289154 0.7239010989010989 0.058734939759036146 0.12362637362637363