0 0.2998310810810811 0.07453416149068323 0.0625 0.10248447204968944
0 0.4341216216216216 0.6413043478260869 0.05912162162162162 0.09627329192546584
0 0.5143581081081081 0.6894409937888198 0.057432432432432436 0.09627329192546584
0 0.5067567567567568 0.6133540372670807 0.07094594594594594 0.09937888198757763
0 0.6317567567567568 0.16459627329192547 0.06587837837837837 0.10559006211180125
0 0.9121621621621622 0.3167701863354037 0.05912162162162162 0.09937888198757763
0 0.9383445945945946 0.4968944099378882 0.06756756756756757 0.09937888198757763
0 0.785472972972973 0.25 0.0777027027027027 0.11180124223602485
1 0.28547297297297297 0.40062111801242234 0.06418918918918919 0.10248447204968944
1 0.589527027027027 0.026397515527950312 0.07432432432432433 0.052795031055900624
1 0.8842905405405406 0.06055900621118013 0.06587837837837837 0.11801242236024845
1 0.5168918918918919 0.2686335403726708 0.08108108108108109 0.11180124223602485
1 0.6934121621621622 0.44254658385093165 0.07601351351351351 0.11801242236024845
1 0.7010135135135135 0.6909937888198758 0.07601351351351351 0.12422360248447205
1 0.9788851351351351 0.2236024844720497 0.03885135135135135 0.11801242236024845
1 0.9788851351351351 0.09161490683229814 0.03547297297297297 0.12111801242236025