0 0.17313218390804597 0.5306122448979592 0.07471264367816093 0.10204081632653061
0 0.2435344827586207 0.20918367346938777 0.0603448275862069 0.13010204081632654
0 0.6127873563218391 0.41709183673469385 0.0617816091954023 0.1096938775510204
0 0.639367816091954 0.39285714285714285 0.07183908045977011 0.11734693877551021
0 0.5783045977011494 0.5395408163265306 0.07902298850574713 0.14795918367346939
0 0.8699712643678161 0.9668367346938775 0.07902298850574713 0.0663265306122449
1 0.15660919540229884 0.4260204081632653 0.0603448275862069 0.10459183673469388
1 0.33189655172413796 0.45153061224489793 0.06896551724137931 0.11479591836734694
1 0.4410919540229885 0.35841836734693877 0.06609195402298851 0.12755102040816327
1 0.4813218390804598 0.3252551020408163 0.07040229885057471 0.11224489795918367
1 0.7564655172413793 0.2627551020408163 0.05028735632183908 0.08673469387755102
1 0.7758620689655172 0.4502551020408163 0.06752873563218391 0.13010204081632654
1 0.8879310344827587 0.7002551020408163 0.08189655172413793 0.12755102040816327
1 0.5862068965517241 0.7385204081632653 0.07614942528735633 0.11224489795918367