0 0.785472972972973 0.2949101796407186 0.09121621621621621 0.12574850299401197
0 0.9704391891891891 0.7005988023952096 0.05912162162162162 0.12574850299401197
0 0.7820945945945946 0.8218562874251497 0.07263513513513513 0.11377245508982035
0 0.3597972972972973 0.937125748502994 0.09797297297297297 0.12574850299401197
0 0.15033783783783783 0.6227544910179641 0.05912162162162162 0.11377245508982035
0 0.30827702702702703 0.3263473053892216 0.0777027027027027 0.12275449101796407
0 0.5380067567567568 0.19161676646706588 0.0929054054054054 0.12275449101796407
0 0.581081081081081 0.2619760479041916 0.07939189189189189 0.11077844311377245
1 0.3251689189189189 0.6811377245508982 0.07432432432432433 0.12275449101796407
1 0.14611486486486486 0.9550898203592815 0.07263513513513513 0.08982035928143713
1 0.14189189189189189 0.5104790419161677 0.06756756756756757 0.11077844311377245
1 0.35557432432432434 0.32934131736526945 0.06418918918918919 0.11676646706586827
1 0.40118243243243246 0.4221556886227545 0.0625 0.11676646706586827
1 0.8048986486486487 0.05239520958083832 0.07939189189189189 0.10479041916167664
1 0.7221283783783784 0.6946107784431138 0.08783783783783784 0.16467065868263472
1 0.5548986486486487 0.874251497005988 0.0777027027027027 0.1497005988023952