0 0.48057432432432434 0.03143712574850299 0.06587837837837837 0.06287425149700598
0 0.41638513513513514 0.23952095808383234 0.07601351351351351 0.1437125748502994
0 0.47635135135135137 0.2964071856287425 0.07601351351351351 0.1437125748502994
0 0.25506756756756754 0.7559880239520959 0.07601351351351351 0.15269461077844312
1 0.5954391891891891 0.9011976047904192 0.08445945945945946 0.1347305389221557
1 0.5413851351351351 0.7155688622754491 0.09628378378378379 0.15568862275449102
1 0.4535472972972973 0.6826347305389222 0.07432432432432433 0.12874251497005987
1 0.40625 0.7485029940119761 0.06756756756756757 0.1497005988023952
1 0.3623310810810811 0.6107784431137725 0.07432432432432433 0.12275449101796407
1 0.3158783783783784 0.21706586826347304 0.07939189189189189 0.1347305389221557
1 0.2668918918918919 0.8263473053892215 0.07094594594594594 0.11976047904191617