0 0.903250773993808 0.5240112994350282 0.05727554179566564 0.09887005649717515
0 0.7770897832817337 0.2853107344632768 0.07120743034055728 0.0847457627118644
0 0.6780185758513931 0.5211864406779662 0.07120743034055728 0.11016949152542373
0 0.9195046439628483 0.615819209039548 0.06811145510835913 0.0847457627118644
0 0.49922600619195046 0.9576271186440678 0.05417956656346749 0.0847457627118644
0 0.22445820433436534 0.96045197740113 0.058823529411764705 0.07909604519774012
0 0.15325077399380804 0.9661016949152542 0.06811145510835913 0.06779661016949153
0 0.02321981424148607 0.577683615819209 0.04643962848297214 0.11016949152542373
1 0.5526315789473685 0.3093220338983051 0.05572755417956656 0.10451977401129943
1 0.6377708978328174 0.2980225988700565 0.06191950464396285 0.08757062146892655
1 0.8537151702786377 0.2754237288135593 0.05417956656346749 0.07627118644067797
1 0.9202786377708978 0.827683615819209 0.06656346749226007 0.06779661016949153
1 0.6726006191950464 0.9336158192090396 0.07275541795665634 0.10451977401129943
1 0.4264705882352941 0.963276836158192 0.06656346749226007 0.07344632768361582
1 0.13157894736842105 0.6483050847457628 0.07430340557275542 0.09322033898305085
1 0.0890092879256966 0.9152542372881356 0.0696594427244582 0.096045197740113
1 0.10139318885448917 0.7966101694915254 0.047987616099071206 0.10734463276836158