0 0.2647058823529412 0.966824644549763 0.06417112299465241 0.06635071090047394
0 0.2446524064171123 0.8767772511848341 0.05748663101604278 0.0995260663507109
0 0.38836898395721925 0.7381516587677726 0.07352941176470588 0.11848341232227488
0 0.3997326203208556 0.476303317535545 0.05748663101604278 0.0995260663507109
0 0.22259358288770054 0.5734597156398105 0.05614973262032086 0.09004739336492891
0 0.2179144385026738 0.7109004739336493 0.05614973262032086 0.09004739336492891
0 0.6056149732620321 0.254739336492891 0.06684491978609626 0.11374407582938388
1 0.5721925133689839 0.11966824644549763 0.05080213903743316 0.09004739336492891
1 0.4318181818181818 0.3127962085308057 0.06283422459893048 0.11611374407582939
1 0.34893048128342247 0.47511848341232227 0.05213903743315508 0.0924170616113744
1 0.4659090909090909 0.7061611374407583 0.06684491978609626 0.0971563981042654
1 0.24866310160427807 0.7665876777251185 0.05481283422459893 0.1018957345971564
1 0.3355614973262032 0.5853080568720379 0.06417112299465241 0.11611374407582939
1 0.41510695187165775 0.8270142180094787 0.06283422459893048 0.10900473933649289
1 0.4318181818181818 0.9372037914691943 0.06951871657754011 0.12559241706161137