0 0.6242816091954023 0.6466836734693877 0.06321839080459771 0.11479591836734694
0 0.6487068965517241 0.5357142857142857 0.06752873563218391 0.125
0 0.43462643678160917 0.047193877551020405 0.07327586206896551 0.09438775510204081
0 0.4245689655172414 0.12244897959183673 0.06465517241379311 0.12244897959183673
0 0.4339080459770115 0.31887755102040816 0.08045977011494253 0.14795918367346939
0 0.24281609195402298 0.2193877551020408 0.05459770114942529 0.08418367346938775
0 0.4353448275862069 0.8839285714285714 0.07902298850574713 0.15306122448979592
1 0.5244252873563219 0.23469387755102042 0.0617816091954023 0.11734693877551021
1 0.5495689655172413 0.3048469387755102 0.0617816091954023 0.11479591836734694
1 0.28448275862068967 0.1683673469387755 0.041666666666666664 0.0663265306122449
1 0.26436781609195403 0.5280612244897959 0.06609195402298851 0.11479591836734694
1 0.2550287356321839 0.35586734693877553 0.07040229885057471 0.15816326530612246
1 0.5912356321839081 0.6084183673469388 0.07614942528735633 0.14030612244897958