0 0.276578073089701 0.17205882352941176 0.08305647840531562 0.14705882352941177
0 0.23089700996677742 0.24558823529411763 0.05813953488372093 0.09705882352941177
0 0.3853820598006645 0.5235294117647059 0.08637873754152824 0.14411764705882352
0 0.15199335548172757 0.4 0.06976744186046512 0.12352941176470589
0 0.10631229235880399 0.5 0.06976744186046512 0.12058823529411765
0 0.06395348837209303 0.5647058823529412 0.059800664451827246 0.09411764705882353
0 0.6852159468438538 0.5735294117647058 0.07973421926910298 0.1411764705882353
1 0.4426910299003322 0.3191176470588235 0.0681063122923588 0.11470588235294117
1 0.5 0.40588235294117647 0.06312292358803986 0.11176470588235295
1 0.42524916943521596 0.4264705882352941 0.07142857142857142 0.1264705882352941
1 0.3289036544850498 0.5852941176470589 0.07807308970099668 0.13823529411764707
1 0.2956810631229236 0.7073529411764706 0.07142857142857142 0.1264705882352941
1 0.24086378737541528 0.7838235294117647 0.05149501661129568 0.07058823529411765