0 0.5648907103825137 0.3321256038647343 0.05191256830601093 0.08454106280193237
0 0.6065573770491803 0.40458937198067635 0.05874316939890711 0.12077294685990338
0 0.46311475409836067 0.1473429951690821 0.08060109289617487 0.1570048309178744
0 0.2725409836065574 0.32971014492753625 0.06147540983606557 0.1111111111111111
0 0.38866120218579236 0.9251207729468599 0.07650273224043716 0.1497584541062802
0 0.6441256830601093 0.751207729468599 0.05874316939890711 0.10144927536231885
1 0.5669398907103825 0.05434782608695652 0.045081967213114756 0.10144927536231885
1 0.3709016393442623 0.4166666666666667 0.07650273224043716 0.13768115942028986
1 0.3237704918032787 0.6545893719806763 0.06967213114754098 0.12318840579710146
1 0.6270491803278688 0.6896135265700483 0.06284153005464481 0.10386473429951691
1 0.5389344262295082 0.6135265700483091 0.07650273224043716 0.11594202898550725