0 0.6885474860335196 0.4430693069306931 0.0712290502793296 0.1311881188118812
0 0.7646648044692738 0.8712871287128713 0.05307262569832402 0.04950495049504951
0 0.6298882681564246 0.9455445544554455 0.055865921787709494 0.04455445544554455
0 0.5384078212290503 0.9331683168316832 0.0712290502793296 0.13366336633663367
0 0.4713687150837989 0.5247524752475248 0.0712290502793296 0.14108910891089108
0 0.4518156424581006 0.349009900990099 0.0670391061452514 0.13366336633663367
0 0.5858938547486033 0.4752475247524752 0.0782122905027933 0.15841584158415842
1 0.5754189944134078 0.06435643564356436 0.055865921787709494 0.10891089108910891
1 0.6487430167597765 0.6584158415841584 0.06005586592178771 0.12128712871287128
1 0.6892458100558659 0.625 0.06424581005586592 0.12871287128712872
1 0.7353351955307262 0.5272277227722773 0.07262569832402235 0.11138613861386139
1 0.47416201117318435 0.8613861386138614 0.0712290502793296 0.10148514851485149
1 0.3812849162011173 0.35767326732673266 0.06284916201117319 0.12871287128712872