0 0.973404255319149 0.19273743016759776 0.05319148936170213 0.08379888268156424
0 0.791033434650456 0.8463687150837989 0.060790273556231005 0.07262569832402235
0 0.675531914893617 0.8365921787709497 0.060790273556231005 0.08659217877094973
0 0.35714285714285715 0.6368715083798883 0.06231003039513678 0.11731843575418995
0 0.4399696048632219 0.055865921787709494 0.05623100303951368 0.11173184357541899
0 0.3731003039513678 0.19273743016759776 0.0729483282674772 0.13687150837988826
0 0.0737082066869301 0.20391061452513967 0.05623100303951368 0.12290502793296089
0 0.1838905775075988 0.6298882681564246 0.06838905775075987 0.10893854748603352
1 0.21580547112462006 0.05865921787709497 0.05167173252279635 0.10614525139664804
1 0.1534954407294833 0.2849162011173184 0.05623100303951368 0.11173184357541899
1 0.20896656534954408 0.4371508379888268 0.07142857142857142 0.12011173184357542
1 0.10030395136778116 0.3784916201117318 0.05319148936170213 0.08659217877094973
1 0.5303951367781155 0.6815642458100558 0.07142857142857142 0.11731843575418995
1 0.6572948328267477 0.5921787709497207 0.0668693009118541 0.10335195530726257
1 0.8085106382978723 0.6354748603351955 0.07142857142857142 0.0893854748603352
1 0.8161094224924013 0.4720670391061452 0.07598784194528875 0.11173184357541899