0 0.5366568914956011 0.4585561497326203 0.06451612903225806 0.11764705882352941
0 0.6385630498533724 0.786096256684492 0.060117302052785926 0.11764705882352941
0 0.6693548387096774 0.4732620320855615 0.05718475073313783 0.11764705882352941
0 0.7280058651026393 0.393048128342246 0.05865102639296188 0.11497326203208556
0 0.40249266862170086 0.6577540106951871 0.05718475073313783 0.10962566844919786
0 0.42008797653958946 0.6925133689839572 0.05865102639296188 0.10695187165775401
1 0.4626099706744868 0.9745989304812834 0.05718475073313783 0.05080213903743316
1 0.38929618768328444 0.3917112299465241 0.05571847507331378 0.10160427807486631
1 0.5777126099706745 0.7687165775401069 0.05718475073313783 0.10427807486631016
1 0.6019061583577713 0.45989304812834225 0.05718475073313783 0.10160427807486631
1 0.6891495601173021 0.7941176470588235 0.05571847507331378 0.10427807486631016
1 0.7617302052785924 0.7486631016042781 0.05571847507331378 0.0962566844919786