0 0.27583586626139817 0.441340782122905 0.07142857142857142 0.12011173184357542
0 0.23328267477203649 0.7946927374301676 0.07142857142857142 0.09776536312849161
0 0.3913373860182371 0.8715083798882681 0.0668693009118541 0.11452513966480447
0 0.6261398176291794 0.6243016759776536 0.057750759878419454 0.09217877094972067
0 0.6808510638297872 0.5446927374301676 0.057750759878419454 0.10335195530726257
0 0.831306990881459 0.308659217877095 0.057750759878419454 0.09776536312849161
1 0.8100303951367781 0.03910614525139665 0.0729483282674772 0.0782122905027933
1 0.5098784194528876 0.1787709497206704 0.06534954407294832 0.11452513966480447
1 0.03875379939209726 0.37988826815642457 0.06231003039513678 0.11731843575418995
1 0.25455927051671734 0.9818435754189944 0.05927051671732523 0.036312849162011177
1 0.513677811550152 0.6620111731843575 0.06231003039513678 0.11173184357541899
1 0.5706686930091185 0.29608938547486036 0.0790273556231003 0.11173184357541899
1 0.6382978723404256 0.21787709497206703 0.0729483282674772 0.1424581005586592
1 0.8305471124620061 0.4175977653631285 0.06534954407294832 0.1340782122905028