0 0.6104240282685512 0.2806451612903226 0.09010600706713781 0.15483870967741936
0 0.411660777385159 0.4112903225806452 0.08657243816254417 0.14193548387096774
0 0.22703180212014135 0.7661290322580645 0.07420494699646643 0.12580645161290321
0 0.2835689045936396 0.8145161290322581 0.07420494699646643 0.13548387096774195
0 0.5432862190812721 0.9338709677419355 0.06890459363957598 0.13225806451612904
0 0.9355123674911661 0.8951612903225806 0.06537102473498234 0.13548387096774195
1 0.8736749116607774 0.95 0.10070671378091872 0.1
1 0.773851590106007 0.9693548387096774 0.06713780918727916 0.06129032258064516
1 0.9169611307420494 0.3032258064516129 0.07243816254416961 0.13548387096774195
1 0.8056537102473498 0.42258064516129035 0.0706713780918728 0.11612903225806452
1 0.14752650176678445 0.3564516129032258 0.07950530035335689 0.13225806451612904
1 0.12279151943462897 0.5016129032258064 0.07597173144876325 0.12903225806451613
1 0.4787985865724382 0.8983870967741936 0.08480565371024736 0.16129032258064516