0 0.46956521739130436 0.0398936170212766 0.04927536231884058 0.0797872340425532
0 0.6028985507246377 0.42686170212765956 0.04927536231884058 0.11170212765957446
0 0.644927536231884 0.35638297872340424 0.0536231884057971 0.09574468085106383
0 0.6181159420289855 0.5013297872340425 0.04927536231884058 0.10904255319148937
0 0.4384057971014493 0.43617021276595747 0.06521739130434782 0.10106382978723404
0 0.4405797101449275 0.973404255319149 0.043478260869565216 0.05319148936170213
1 0.6144927536231884 0.9228723404255319 0.050724637681159424 0.10638297872340426
1 0.30217391304347824 0.7819148936170213 0.0463768115942029 0.1276595744680851
1 0.2644927536231884 0.4654255319148936 0.043478260869565216 0.14361702127659576
1 0.6768115942028986 0.015957446808510637 0.028985507246376812 0.02127659574468085
1 0.6623188405797101 0.13829787234042554 0.043478260869565216 0.10904255319148937
1 0.5253623188405797 0.1449468085106383 0.059420289855072465 0.09308510638297872
1 0.5884057971014492 0.7247340425531915 0.04927536231884058 0.10638297872340426