0 0.5362654320987654 0.6557377049180327 0.043209876543209874 0.11748633879781421
0 0.5300925925925926 0.5519125683060109 0.05401234567901234 0.12021857923497267
0 0.42746913580246915 0.11475409836065574 0.043209876543209874 0.12021857923497267
0 0.3271604938271605 0.39207650273224043 0.05555555555555555 0.1092896174863388
0 0.25771604938271603 0.07923497267759563 0.04938271604938271 0.09562841530054644
0 0.6558641975308642 0.01912568306010929 0.06790123456790123 0.03278688524590164
1 0.7214506172839507 0.5778688524590164 0.047839506172839504 0.12295081967213115
1 0.6589506172839507 0.3948087431693989 0.07407407407407407 0.11475409836065574
1 0.4737654320987654 0.2103825136612022 0.05401234567901234 0.10382513661202186
1 0.5995370370370371 0.24863387978142076 0.05709876543209876 0.10655737704918032
1 0.3541666666666667 0.11065573770491803 0.06018518518518518 0.10655737704918032