0 0.716715976331361 0.7027027027027027 0.08284023668639054 0.15405405405405406
0 0.6789940828402367 0.46756756756756757 0.07692307692307693 0.14324324324324325
0 0.4511834319526627 0.7635135135135135 0.07100591715976332 0.12702702702702703
0 0.46597633136094674 0.6824324324324325 0.07248520710059171 0.13783783783783785
0 0.26997041420118345 0.572972972972973 0.06804733727810651 0.12702702702702703
1 0.606508875739645 0.1891891891891892 0.07100591715976332 0.13513513513513514
1 0.6849112426035503 0.22972972972972974 0.07544378698224852 0.14864864864864866
1 0.33136094674556216 0.31486486486486487 0.07248520710059171 0.13783783783783785
1 0.367603550295858 0.5027027027027027 0.0650887573964497 0.11891891891891893
1 0.5377218934911243 0.9702702702702702 0.06656804733727811 0.05945945945945946
1 0.7714497041420119 0.6081081081081081 0.06656804733727811 0.12432432432432433