0 0.9516423357664233 0.14333333333333334 0.04562043795620438 0.11
0 0.8558394160583942 0.22666666666666666 0.06569343065693431 0.11666666666666667
0 0.7372262773722628 0.26166666666666666 0.08759124087591241 0.13333333333333333
0 0.5583941605839416 0.16333333333333333 0.08211678832116788 0.13666666666666666
0 0.5456204379562044 0.3016666666666667 0.08211678832116788 0.15
0 0.677007299270073 0.81 0.08576642335766424 0.13333333333333333
0 0.6970802919708029 0.9016666666666666 0.072992700729927 0.08666666666666667
0 0.5374087591240876 0.9566666666666667 0.07481751824817519 0.08666666666666667
1 0.9087591240875912 0.5766666666666667 0.08394160583941605 0.14333333333333334
1 0.9333941605839416 0.43166666666666664 0.07664233576642336 0.12
1 0.8083941605839416 0.03333333333333333 0.06934306569343066 0.06666666666666667
1 0.781934306569343 0.13833333333333334 0.06751824817518248 0.12
1 0.7372262773722628 0.08666666666666667 0.06751824817518248 0.10666666666666667
1 0.3604014598540146 0.18166666666666667 0.06386861313868614 0.14
1 0.9032846715328468 0.7916666666666666 0.06934306569343066 0.12333333333333334
1 0.9005474452554745 0.6783333333333333 0.08759124087591241 0.14666666666666667