0 0.24918300653594772 0.06287425149700598 0.029411764705882353 0.12574850299401197
0 0.2949346405228758 0.594311377245509 0.05555555555555555 0.12275449101796407
0 0.3341503267973856 0.842814371257485 0.06045751633986928 0.1347305389221557
0 0.553921568627451 0.38323353293413176 0.049019607843137254 0.11077844311377245
0 0.5645424836601307 0.27245508982035926 0.05392156862745098 0.11377245508982035
0 0.5245098039215687 0.5868263473053892 0.04738562091503268 0.12574850299401197
1 0.42892156862745096 0.029940119760479042 0.07026143790849673 0.059880239520958084
1 0.238562091503268 0.5748502994011976 0.027777777777777776 0.11377245508982035
1 0.4542483660130719 0.7050898203592815 0.06862745098039216 0.11976047904191617
1 0.3545751633986928 0.39820359281437123 0.08169934640522876 0.1437125748502994
1 0.5784313725490197 0.7170658682634731 0.058823529411764705 0.11676646706586827