0 0.13831615120274915 0.4146341463414634 0.07731958762886598 0.0975609756097561
0 0.20790378006872853 0.5487804878048781 0.0859106529209622 0.11280487804878049
0 0.3127147766323024 0.5076219512195121 0.07388316151202749 0.0975609756097561
0 0.49140893470790376 0.9634146341463414 0.07903780068728522 0.07317073170731707
0 0.5360824742268041 0.4557926829268293 0.08247422680412371 0.13109756097560976
0 0.9183848797250859 0.4451219512195122 0.058419243986254296 0.08231707317073171
0 0.9467353951890034 0.5670731707317073 0.05326460481099656 0.06707317073170732
1 0.9656357388316151 0.8948170731707317 0.061855670103092786 0.08231707317073171
1 0.7439862542955327 0.41615853658536583 0.04982817869415808 0.08841463414634146
1 0.697594501718213 0.4024390243902439 0.05154639175257732 0.09451219512195122
1 0.43041237113402064 0.8582317073170732 0.07216494845360824 0.11280487804878049
1 0.0979381443298969 0.8948170731707317 0.054982817869415807 0.10975609756097561
1 0.19845360824742267 0.17073170731707318 0.06357388316151202 0.07621951219512195