0 0.4334677419354839 0.017857142857142856 0.041666666666666664 0.03571428571428571
0 0.48185483870967744 0.01904761904761905 0.04973118279569892 0.0380952380952381
0 0.5416666666666666 0.2845238095238095 0.05510752688172043 0.10238095238095238
0 0.5248655913978495 0.48333333333333334 0.05510752688172043 0.10476190476190476
0 0.3850806451612903 0.6261904761904762 0.0456989247311828 0.0880952380952381
1 0.42876344086021506 0.2523809523809524 0.04973118279569892 0.0880952380952381
1 0.4321236559139785 0.35714285714285715 0.04838709677419355 0.08571428571428572
1 0.2553763440860215 0.9023809523809524 0.051075268817204304 0.0880952380952381
1 0.6397849462365591 0.9464285714285714 0.053763440860215055 0.10714285714285714
1 0.6888440860215054 0.3678571428571429 0.056451612903225805 0.12857142857142856
1 0.6176075268817204 0.24047619047619048 0.05779569892473118 0.12142857142857143
1 0.5436827956989247 0.02023809523809524 0.05510752688172043 0.0380952380952381
1 0.4852150537634409 0.2654761904761905 0.05241935483870968 0.11190476190476191