0 0.579250720461095 0.13421052631578947 0.05475504322766571 0.11315789473684211
0 0.40057636887608067 0.2026315789473684 0.056195965417867436 0.11842105263157894
0 0.30187319884726227 0.29605263157894735 0.06340057636887608 0.11842105263157894
0 0.3472622478386167 0.5868421052631579 0.05475504322766571 0.11315789473684211
0 0.26440922190201727 0.5684210526315789 0.04899135446685879 0.10789473684210527
0 0.5742074927953891 0.45789473684210524 0.06340057636887608 0.09736842105263158
0 0.6296829971181557 0.44473684210526315 0.04610951008645533 0.1
1 0.654178674351585 0.08026315789473684 0.0446685878962536 0.10789473684210527
1 0.6361671469740634 0.17105263157894737 0.05187319884726225 0.10263157894736842
1 0.6419308357348703 0.7013157894736842 0.05043227665706052 0.0868421052631579
1 0.33861671469740634 0.034210526315789476 0.05475504322766571 0.06842105263157895
1 0.2730547550432277 0.44473684210526315 0.04610951008645533 0.11052631578947368
1 0.25504322766570603 0.8828947368421053 0.06340057636887608 0.10789473684210527