0 0.8822188449848024 0.32916666666666666 0.05015197568389058 0.08055555555555556
0 0.7735562310030395 0.3388888888888889 0.057750759878419454 0.08888888888888889
0 0.5235562310030395 0.2791666666666667 0.05319148936170213 0.075
0 0.5 0.37083333333333335 0.060790273556231005 0.09166666666666666
0 0.9171732522796353 0.5875 0.05015197568389058 0.08611111111111111
0 0.6443768996960486 0.8097222222222222 0.0547112462006079 0.08611111111111111
0 0.5980243161094225 0.8472222222222222 0.05927051671732523 0.1
0 0.5896656534954408 0.9458333333333333 0.06382978723404255 0.09166666666666666
0 0.16109422492401215 0.9583333333333334 0.060790273556231005 0.08333333333333333
1 0.8449848024316109 0.6097222222222223 0.060790273556231005 0.09722222222222222
1 0.9148936170212766 0.8361111111111111 0.057750759878419454 0.07777777777777778
1 0.8062310030395137 0.7694444444444445 0.05015197568389058 0.08333333333333333
1 0.7370820668693009 0.8833333333333333 0.05167173252279635 0.1
1 0.45972644376899696 0.9569444444444445 0.05927051671732523 0.08611111111111111
1 0.3662613981762918 0.2263888888888889 0.0486322188449848 0.09166666666666666
1 0.682370820668693 0.28055555555555556 0.0486322188449848 0.07777777777777778
1 0.7272036474164134 0.2611111111111111 0.05015197568389058 0.08333333333333333
1 0.02811550151975684 0.7916666666666666 0.05623100303951368 0.09444444444444444