0 0.3967889908256881 0.8212290502793296 0.0581039755351682 0.10335195530726257
0 0.21636085626911314 0.8938547486033519 0.05963302752293578 0.07262569832402235
0 0.27446483180428133 0.36312849162011174 0.05504587155963303 0.10893854748603352
0 0.6123853211009175 0.29748603351955305 0.05504587155963303 0.11173184357541899
0 0.6620795107033639 0.3254189944134078 0.06422018348623854 0.12290502793296089
0 0.6414373088685015 0.4022346368715084 0.047400611620795105 0.11173184357541899
1 0.6628440366972477 0.05027932960893855 0.05045871559633028 0.0335195530726257
1 0.595565749235474 0.6829608938547486 0.06116207951070336 0.12011173184357542
1 0.5214067278287462 0.5837988826815642 0.06880733944954129 0.13128491620111732
1 0.27675840978593275 0.7192737430167597 0.04434250764525994 0.11173184357541899
1 0.2423547400611621 0.5167597765363129 0.04892966360856269 0.11452513966480447
1 0.32339449541284404 0.025139664804469275 0.05045871559633028 0.05027932960893855
1 0.37844036697247707 0.03910614525139665 0.053516819571865444 0.0782122905027933