0 0.01892744479495268 0.329608938547486 0.03785488958990536 0.11731843575418995
0 0.11435331230283911 0.6201117318435754 0.0946372239747634 0.15921787709497207
0 0.47791798107255523 0.9511173184357542 0.07886435331230283 0.09776536312849161
0 0.6719242902208202 0.9581005586592178 0.08517350157728706 0.08379888268156424
0 0.501577287066246 0.2723463687150838 0.08675078864353312 0.15363128491620112
0 0.19794952681388012 0.055865921787709494 0.07728706624605679 0.11173184357541899
0 0.12618296529968454 0.11033519553072625 0.07097791798107256 0.13128491620111732
1 0.2302839116719243 0.276536312849162 0.08832807570977919 0.164804469273743
1 0.3280757097791798 0.16759776536312848 0.07570977917981073 0.13966480446927373
1 0.0694006309148265 0.23324022346368714 0.07886435331230283 0.12569832402234637
1 0.6593059936908517 0.23184357541899442 0.07728706624605679 0.13687150837988826
1 0.48580441640378547 0.8240223463687151 0.09936908517350158 0.16759776536312848
1 0.29258675078864355 0.7681564245810056 0.08675078864353312 0.15921787709497207
1 0.16640378548895898 0.5237430167597765 0.08990536277602523 0.16759776536312848