0 0.6149851632047477 0.3263157894736842 0.06083086053412463 0.10789473684210527
0 0.9102373887240356 0.3171052631578947 0.06973293768545995 0.10789473684210527
0 0.8167655786350149 0.7736842105263158 0.06824925816023739 0.11578947368421053
0 0.5474777448071216 0.8118421052631579 0.08011869436201781 0.13421052631578947
0 0.6750741839762612 0.6381578947368421 0.05489614243323442 0.09473684210526316
0 0.4102373887240356 0.5144736842105263 0.06824925816023739 0.1
0 0.228486646884273 0.9407894736842105 0.057863501483679525 0.09736842105263158
0 0.26112759643916916 0.9828947368421053 0.06528189910979229 0.034210526315789476
1 0.15578635014836795 0.6947368421052632 0.06528189910979229 0.1
1 0.25667655786350146 0.531578947368421 0.050445103857566766 0.08947368421052632
1 0.44807121661721067 0.43026315789473685 0.05489614243323442 0.08947368421052632
1 0.443620178041543 0.968421052631579 0.06231454005934718 0.06315789473684211
1 0.7084569732937686 0.5092105263157894 0.05489614243323442 0.1
1 0.6364985163204748 0.9434210526315789 0.057863501483679525 0.06315789473684211
1 0.836053412462908 0.11710526315789474 0.05192878338278932 0.07894736842105263
1 0.9888724035608308 0.725 0.02225519287833828 0.0868421052631579