0 0.6452464788732394 0.36774193548387096 0.08098591549295775 0.16451612903225807
0 0.670774647887324 0.29193548387096774 0.07746478873239436 0.15161290322580645
0 0.6073943661971831 0.33225806451612905 0.06866197183098592 0.12580645161290321
0 0.2676056338028169 0.5516129032258065 0.0897887323943662 0.16774193548387098
0 0.5299295774647887 0.00967741935483871 0.05985915492957746 0.01935483870967742
0 0.7007042253521126 0.7725806451612903 0.08098591549295775 0.16774193548387098
1 0.35827464788732394 0.7967741935483871 0.08450704225352113 0.16129032258064516
1 0.5616197183098591 0.8387096774193549 0.11091549295774648 0.2
1 0.4040492957746479 0.33225806451612905 0.07922535211267606 0.15161290322580645
1 0.6610915492957746 0.18870967741935485 0.08274647887323944 0.1870967741935484
1 0.8169014084507042 0.27580645161290324 0.07746478873239436 0.12258064516129032