0 0.23202614379084968 0.14221556886227546 0.0718954248366013 0.08383233532934131
0 0.5253267973856209 0.10479041916167664 0.07679738562091504 0.12574850299401197
0 0.6658496732026143 0.11976047904191617 0.08496732026143791 0.1347305389221557
0 0.815359477124183 0.1497005988023952 0.0718954248366013 0.1437125748502994
0 0.4714052287581699 0.6152694610778443 0.06862745098039216 0.11077844311377245
0 0.41421568627450983 0.6601796407185628 0.0718954248366013 0.11976047904191617
0 0.5727124183006536 0.5164670658682635 0.07679738562091504 0.11377245508982035
0 0.8660130718954249 0.29790419161676646 0.07026143790849673 0.11976047904191617
1 0.23937908496732027 0.47904191616766467 0.08006535947712418 0.15269461077844312
1 0.5016339869281046 0.02245508982035928 0.06535947712418301 0.04491017964071856
1 0.6200980392156863 0.3652694610778443 0.0784313725490196 0.1497005988023952
1 0.4338235294117647 0.2559880239520958 0.09313725490196079 0.17365269461077845
1 0.6544117647058824 0.5838323353293413 0.07516339869281045 0.1317365269461078
1 0.8725490196078431 0.0374251497005988 0.0718954248366013 0.0748502994011976