0 0.780448717948718 0.9852941176470589 0.07051282051282051 0.029411764705882353
0 0.7163461538461539 0.9897058823529412 0.057692307692307696 0.020588235294117647
0 0.5200320512820513 0.3205882352941177 0.0625 0.10294117647058823
0 0.11698717948717949 0.2073529411764706 0.060897435897435896 0.08823529411764706
0 0.03685897435897436 0.5 0.0625 0.10294117647058823
0 0.010416666666666666 0.5602941176470588 0.020833333333333332 0.10294117647058823
0 0.030448717948717948 0.8102941176470588 0.060897435897435896 0.09117647058823529
0 0.47676282051282054 0.9691176470588235 0.0625 0.061764705882352944
0 0.010416666666666666 0.5235294117647059 0.020833333333333332 0.10588235294117647
1 0.2564102564102564 0.25735294117647056 0.0673076923076923 0.10294117647058823
1 0.3405448717948718 0.27794117647058825 0.060897435897435896 0.11764705882352941
1 0.05448717948717949 0.2676470588235294 0.07532051282051282 0.10882352941176471
1 0.125 0.7529411764705882 0.06570512820512821 0.08529411764705883
1 0.18269230769230768 0.8647058823529412 0.0641025641025641 0.10882352941176471
1 0.03445512820512821 0.7647058823529411 0.06891025641025642 0.08823529411764706
1 0.27003205128205127 0.9205882352941176 0.06570512820512821 0.09705882352941177
1 0.5352564102564102 0.9691176470588235 0.060897435897435896 0.061764705882352944
1 0.9110576923076923 0.8352941176470589 0.060897435897435896 0.12058823529411765