0 0.6966966966966966 0.7207446808510638 0.05855855855855856 0.09840425531914894
0 0.8235735735735735 0.7313829787234043 0.07657657657657657 0.09840425531914894
0 0.6809309309309309 0.8803191489361702 0.07207207207207207 0.10638297872340426
0 0.6253753753753754 0.8829787234042553 0.07507507507507508 0.12234042553191489
0 0.4144144144144144 0.3204787234042553 0.06156156156156156 0.09308510638297872
0 0.8115615615615616 0.28191489361702127 0.05105105105105105 0.07446808510638298
0 0.2072072072072072 0.5571808510638298 0.07357357357357357 0.1356382978723404
0 0.22522522522522523 0.8789893617021277 0.07207207207207207 0.11436170212765957
1 0.03978978978978979 0.6289893617021277 0.06456456456456457 0.10904255319148937
1 0.6043543543543544 0.3470744680851064 0.05855855855855856 0.09042553191489362
1 0.6944444444444444 0.4015957446808511 0.06306306306306306 0.0851063829787234
1 0.8033033033033034 0.4734042553191489 0.06756756756756757 0.08776595744680851
1 0.49624624624624625 0.6143617021276596 0.06306306306306306 0.10638297872340426
1 0.43543543543543545 0.9029255319148937 0.07207207207207207 0.11170212765957446
1 0.8558558558558559 0.8257978723404256 0.06156156156156156 0.08776595744680851