0 0.6157142857142858 0.6738578680203046 0.07428571428571429 0.13959390862944163
0 0.45785714285714285 0.666243654822335 0.06142857142857143 0.1116751269035533
0 0.525 0.9708121827411168 0.05285714285714286 0.0583756345177665
0 0.31285714285714283 0.2893401015228426 0.07 0.12944162436548223
1 0.23357142857142857 0.35913705583756345 0.055714285714285716 0.09898477157360407
1 0.3578571428571429 0.6154822335025381 0.07142857142857142 0.1218274111675127
1 0.4592857142857143 0.7639593908629442 0.05714285714285714 0.10152284263959391
1 0.5921428571428572 0.5291878172588832 0.06 0.12690355329949238
1 0.6357142857142857 0.9187817258883249 0.05285714285714286 0.06852791878172589
1 0.5264285714285715 0.7817258883248731 0.07142857142857142 0.12436548223350254
1 0.6678571428571428 0.6192893401015228 0.06714285714285714 0.1218274111675127
1 0.7342857142857143 0.5799492385786802 0.07857142857142857 0.13451776649746192