0 0.18788819875776397 0.9491758241758241 0.09316770186335403 0.10164835164835165
0 0.41770186335403725 0.6318681318681318 0.06987577639751552 0.1346153846153846
0 0.4984472049689441 0.635989010989011 0.10248447204968944 0.1510989010989011
0 0.2639751552795031 0.5865384615384616 0.09316770186335403 0.1565934065934066
0 0.27251552795031053 0.46291208791208793 0.08229813664596274 0.13736263736263737
0 0.43788819875776397 0.21978021978021978 0.08229813664596274 0.13736263736263737
0 0.812888198757764 0.15934065934065933 0.08540372670807453 0.15384615384615385
0 0.7492236024844721 0.6497252747252747 0.09782608695652174 0.16483516483516483
1 0.9433229813664596 0.5576923076923077 0.07453416149068323 0.12637362637362637
1 0.7236024844720497 0.01098901098901099 0.06832298136645963 0.02197802197802198
1 0.3190993788819876 0.35027472527472525 0.07453416149068323 0.10714285714285714
1 0.13664596273291926 0.41208791208791207 0.06055900621118013 0.0989010989010989
1 0.11413043478260869 0.5260989010989011 0.07453416149068323 0.13186813186813187
1 0.10015527950310558 0.7142857142857143 0.09006211180124224 0.12637362637362637
1 0.3059006211180124 0.9258241758241759 0.06987577639751552 0.10714285714285714
1 0.2942546583850932 0.4766483516483517 0.07763975155279502 0.1620879120879121