0 0.3946153846153846 0.13342696629213482 0.046153846153846156 0.12078651685393259
0 0.44153846153846155 0.1446629213483146 0.07230769230769231 0.11235955056179775
0 0.4453846153846154 0.32303370786516855 0.06307692307692307 0.12359550561797752
0 0.40923076923076923 0.46769662921348315 0.07384615384615385 0.12921348314606743
0 0.693076923076923 0.9508426966292135 0.047692307692307694 0.09831460674157304
0 0.6230769230769231 0.9480337078651685 0.04 0.10393258426966293
1 0.38 0.523876404494382 0.055384615384615386 0.0898876404494382
1 0.49923076923076926 0.8258426966292135 0.05846153846153846 0.12359550561797752
1 0.4823076923076923 0.8764044943820225 0.047692307692307694 0.1151685393258427
1 0.7492307692307693 0.6221910112359551 0.046153846153846156 0.11235955056179775
1 0.3769230769230769 0.8932584269662921 0.046153846153846156 0.10674157303370786