0 0.7380546075085325 0.3712121212121212 0.08361774744027303 0.14242424242424243
0 0.3216723549488055 0.05454545454545454 0.06313993174061433 0.10909090909090909
0 0.27986348122866894 0.13484848484848486 0.059726962457337884 0.10303030303030303
0 0.3609215017064846 0.2606060606060606 0.08873720136518772 0.15757575757575756
0 0.16552901023890784 0.44696969696969696 0.07849829351535836 0.1393939393939394
0 0.11433447098976109 0.5075757575757576 0.06313993174061433 0.10909090909090909
0 0.8745733788395904 0.9833333333333333 0.07337883959044368 0.03333333333333333
1 0.4854948805460751 0.18636363636363637 0.07167235494880546 0.1303030303030303
1 0.5477815699658704 0.24393939393939393 0.06825938566552901 0.12424242424242424
1 0.4522184300341297 0.31212121212121213 0.08873720136518772 0.15757575757575756
1 0.17150170648464164 0.29848484848484846 0.07167235494880546 0.12424242424242424
1 0.37372013651877134 0.36515151515151517 0.09215017064846416 0.14242424242424243
1 0.2986348122866894 0.693939393939394 0.10409556313993173 0.19393939393939394
1 0.4778156996587031 0.8924242424242425 0.09897610921501707 0.17575757575757575