0 0.3121508379888268 0.556930693069307 0.06983240223463687 0.1188118811881188
0 0.38058659217877094 0.9851485148514851 0.07681564245810056 0.0297029702970297
0 0.5118715083798883 0.6336633663366337 0.0824022346368715 0.14603960396039603
0 0.49441340782122906 0.5371287128712872 0.07402234636871509 0.13613861386138615
0 0.7185754189944135 0.2400990099009901 0.07262569832402235 0.12871287128712872
0 0.6571229050279329 0.3626237623762376 0.06564245810055866 0.10891089108910891
0 0.8428770949720671 0.36386138613861385 0.08100558659217877 0.14108910891089108
1 0.5726256983240223 0.2636138613861386 0.06005586592178771 0.10891089108910891
1 0.6089385474860335 0.34529702970297027 0.05446927374301676 0.09900990099009901
1 0.6180167597765364 0.46905940594059403 0.061452513966480445 0.11633663366336634
1 0.3442737430167598 0.46410891089108913 0.06005586592178771 0.09653465346534654
1 0.263268156424581 0.3316831683168317 0.061452513966480445 0.09405940594059406
1 0.7932960893854749 0.620049504950495 0.0670391061452514 0.12128712871287128
1 0.7081005586592178 0.6361386138613861 0.07960893854748603 0.1311881188118812