0 0.2574750830564784 0.2426470588235294 0.05813953488372093 0.12058823529411765
0 0.45930232558139533 0.3014705882352941 0.07142857142857142 0.1264705882352941
0 0.9418604651162791 0.35441176470588237 0.09634551495016612 0.12941176470588237
0 0.1345514950166113 0.6367647058823529 0.08637873754152824 0.11470588235294117
0 0.7981727574750831 0.913235294117647 0.08970099667774087 0.1264705882352941
0 0.057308970099667775 0.7323529411764705 0.05813953488372093 0.12941176470588237
1 0.38870431893687707 0.29558823529411765 0.07308970099667775 0.13823529411764707
1 0.6312292358803987 0.4338235294117647 0.06976744186046512 0.15
1 0.7034883720930233 0.3323529411764706 0.08970099667774087 0.12058823529411765
1 0.5789036544850499 0.9470588235294117 0.07475083056478406 0.10588235294117647
1 0.20431893687707642 0.8455882352941176 0.07641196013289037 0.1264705882352941
1 0.21179401993355482 0.3411764705882353 0.0946843853820598 0.13823529411764707