0 0.7768115942028986 0.3412698412698413 0.06666666666666667 0.12169312169312169
0 0.7898550724637681 0.7711640211640212 0.06811594202898551 0.11904761904761904
0 0.5594202898550724 0.36243386243386244 0.07101449275362319 0.12698412698412698
0 0.08695652173913043 0.33465608465608465 0.07536231884057971 0.12962962962962962
0 0.15217391304347827 0.38095238095238093 0.08260869565217391 0.14285714285714285
0 0.4210144927536232 0.83994708994709 0.07391304347826087 0.12962962962962962
0 0.45217391304347826 0.9193121693121693 0.06521739130434782 0.11904761904761904
1 0.10434782608695652 0.15211640211640212 0.06666666666666667 0.11375661375661375
1 0.18985507246376812 0.578042328042328 0.059420289855072465 0.10317460317460317
1 0.28043478260869564 0.708994708994709 0.06956521739130435 0.12962962962962962
1 0.6036231884057971 0.9642857142857143 0.06521739130434782 0.07142857142857142
1 0.7884057971014493 0.5052910052910053 0.06086956521739131 0.10582010582010581
1 0.4326086956521739 0.17063492063492064 0.06811594202898551 0.11904761904761904
1 0.6804347826086956 0.37962962962962965 0.07681159420289856 0.1349206349206349
1 0.7521739130434782 0.2724867724867725 0.06231884057971015 0.11375661375661375
1 0.8956521739130435 0.5264550264550265 0.06666666666666667 0.12169312169312169