0 0.872478386167147 0.4026315789473684 0.059077809798270896 0.07894736842105263
0 0.9257925072046109 0.4631578947368421 0.03890489913544669 0.07105263157894737
0 0.8645533141210374 0.5118421052631579 0.04899135446685879 0.0868421052631579
0 0.7118155619596542 0.5907894736842105 0.04610951008645533 0.08157894736842106
0 0.569164265129683 0.775 0.04755043227665706 0.06842105263157895
0 0.5482708933717579 0.9013157894736842 0.053314121037463975 0.09210526315789473
0 0.5122478386167147 0.5960526315789474 0.05187319884726225 0.09210526315789473
0 0.6642651296829971 0.42105263157894735 0.04899135446685879 0.09210526315789473
0 0.5778097982708934 0.2776315789473684 0.03890489913544669 0.07894736842105263
0 0.5446685878962536 0.2776315789473684 0.0446685878962536 0.0868421052631579
1 0.39481268011527376 0.35 0.04755043227665706 0.09473684210526316
1 0.7427953890489913 0.23157894736842105 0.040345821325648415 0.07894736842105263
1 0.845821325648415 0.1736842105263158 0.0446685878962536 0.060526315789473685
1 0.9387608069164265 0.7065789473684211 0.04899135446685879 0.07368421052631578
1 0.8249279538904899 0.7592105263157894 0.04610951008645533 0.06315789473684211
1 0.7377521613832853 0.8092105263157895 0.04178674351585014 0.08947368421052632
1 0.739193083573487 0.6960526315789474 0.040345821325648415 0.08157894736842106
1 0.526657060518732 0.6894736842105263 0.05043227665706052 0.09736842105263158
1 0.670749279538905 0.5144736842105263 0.043227665706051875 0.09736842105263158
1 0.4899135446685879 0.5092105263157894 0.05475504322766571 0.0868421052631579