0 0.655223880597015 0.7129629629629629 0.08507462686567165 0.1455026455026455
0 0.5231343283582089 0.5846560846560847 0.08507462686567165 0.15343915343915343
0 0.28059701492537314 0.44312169312169314 0.06865671641791045 0.12169312169312169
0 0.44776119402985076 0.2275132275132275 0.08358208955223881 0.17195767195767195
1 0.6432835820895523 0.7936507936507936 0.0791044776119403 0.15608465608465608
1 0.8305970149253732 0.6865079365079365 0.05373134328358209 0.08465608465608465
1 0.32313432835820893 0.46164021164021163 0.07462686567164178 0.12962962962962962
1 0.15298507462686567 0.3505291005291005 0.07761194029850746 0.12698412698412698
1 0.25522388059701495 0.26851851851851855 0.07611940298507462 0.12433862433862433
1 0.4052238805970149 0.06481481481481481 0.07611940298507462 0.12698412698412698
1 0.5156716417910447 0.19576719576719576 0.08059701492537313 0.14814814814814814
1 0.6119402985074627 0.06746031746031746 0.08059701492537313 0.1349206349206349
1 0.26940298507462684 0.36507936507936506 0.08208955223880597 0.14814814814814814