0 0.8324652777777778 0.6319018404907976 0.06597222222222222 0.1165644171779141
0 0.8732638888888888 0.7223926380368099 0.08159722222222222 0.12883435582822086
0 0.6519097222222222 0.37576687116564417 0.08333333333333333 0.12576687116564417
0 0.7439236111111112 0.2822085889570552 0.059027777777777776 0.10122699386503067
0 0.7152777777777778 0.18711656441717792 0.059027777777777776 0.1196319018404908
0 0.2612847222222222 0.348159509202454 0.09027777777777778 0.1411042944785276
0 0.07291666666666667 0.9570552147239264 0.041666666666666664 0.08588957055214724
1 0.4661458333333333 0.29754601226993865 0.07465277777777778 0.12576687116564417
1 0.5355902777777778 0.25920245398773006 0.06944444444444445 0.12883435582822086
1 0.5538194444444444 0.39570552147239263 0.08506944444444445 0.13803680981595093
1 0.8428819444444444 0.495398773006135 0.06770833333333333 0.10736196319018405
1 0.6241319444444444 0.49693251533742333 0.08333333333333333 0.147239263803681
1 0.6614583333333334 0.8542944785276073 0.08333333333333333 0.15337423312883436
1 0.4678819444444444 0.9493865030674846 0.0954861111111111 0.10122699386503067