0 0.20353159851301114 0.06335616438356165 0.09107806691449814 0.1267123287671233
0 0.02509293680297398 0.3133561643835616 0.05018587360594796 0.10616438356164383
0 0.11245353159851301 0.6147260273972602 0.08364312267657993 0.14726027397260275
0 0.4349442379182156 0.7534246575342466 0.0724907063197026 0.11986301369863013
0 0.5195167286245354 0.7671232876712328 0.07434944237918216 0.13013698630136986
0 0.7611524163568774 0.785958904109589 0.0724907063197026 0.1232876712328767
0 0.8057620817843866 0.2534246575342466 0.07063197026022305 0.1267123287671233
1 0.8754646840148699 0.4914383561643836 0.09293680297397769 0.1643835616438356
1 0.5325278810408922 0.17636986301369864 0.08364312267657993 0.14726027397260275
1 0.31691449814126393 0.6147260273972602 0.07992565055762081 0.14383561643835616
1 0.5343866171003717 0.375 0.09851301115241635 0.14383561643835616
1 0.6301115241635687 0.4075342465753425 0.09293680297397769 0.1815068493150685
1 0.7109665427509294 0.8835616438356164 0.08550185873605948 0.17123287671232876