0 0.12246376811594203 0.2804232804232804 0.04927536231884058 0.07936507936507936
0 0.25 0.3002645502645503 0.057971014492753624 0.0873015873015873
0 0.3565217391304348 0.5370370370370371 0.059420289855072465 0.09523809523809523
0 0.05217391304347826 0.6243386243386243 0.0463768115942029 0.07407407407407407
0 0.39202898550724635 0.7619047619047619 0.06231884057971015 0.10317460317460317
0 0.38115942028985506 0.8373015873015873 0.059420289855072465 0.08465608465608465
0 0.3050724637681159 0.18121693121693122 0.05507246376811594 0.08994708994708994
0 0.48985507246376814 0.35714285714285715 0.057971014492753624 0.10052910052910052
1 0.6268115942028986 0.25793650793650796 0.04782608695652174 0.07936507936507936
1 0.45869565217391306 0.2605820105820106 0.059420289855072465 0.09523809523809523
1 0.26594202898550723 0.1746031746031746 0.05652173913043478 0.08465608465608465
1 0.0963768115942029 0.4087301587301587 0.05217391304347826 0.07407407407407407
1 0.17971014492753623 0.44312169312169314 0.04782608695652174 0.0873015873015873
1 0.19130434782608696 0.5859788359788359 0.06376811594202898 0.0873015873015873
1 0.21159420289855072 0.6851851851851852 0.05217391304347826 0.08465608465608465
1 0.2108695652173913 0.7817460317460317 0.0463768115942029 0.07407407407407407