0 0.7003205128205128 0.7161764705882353 0.06570512820512821 0.12058823529411765
0 0.7003205128205128 0.29411764705882354 0.06570512820512821 0.12058823529411765
0 0.6105769230769231 0.6014705882352941 0.07692307692307693 0.15
0 0.47115384615384615 0.7044117647058824 0.060897435897435896 0.11470588235294117
0 0.3894230769230769 0.7941176470588235 0.057692307692307696 0.10294117647058823
0 0.39663461538461536 0.6985294117647058 0.0625 0.11470588235294117
1 0.7524038461538461 0.7661764705882353 0.05448717948717949 0.10882352941176471
1 0.78125 0.6735294117647059 0.0625 0.11764705882352941
1 0.6450320512820513 0.3220588235294118 0.06891025641025642 0.13529411764705881
1 0.43669871794871795 0.6 0.05608974358974359 0.10882352941176471
1 0.5496794871794872 0.9544117647058824 0.0641025641025641 0.09117647058823529
1 0.3229166666666667 0.40441176470588236 0.057692307692307696 0.10294117647058823