0 0.5225321888412017 0.24045801526717558 0.10085836909871244 0.1717557251908397
0 0.621244635193133 0.4122137404580153 0.10300429184549356 0.14122137404580154
0 0.7896995708154506 0.32061068702290074 0.0944206008583691 0.13358778625954199
0 0.5890557939914163 0.7194656488549618 0.10515021459227468 0.16412213740458015
0 0.6469957081545065 0.8854961832061069 0.10944206008583691 0.16412213740458015
0 0.9227467811158798 0.950381679389313 0.06437768240343347 0.09923664122137404
0 0.9334763948497854 0.4770992366412214 0.08583690987124463 0.12595419847328243
0 0.9012875536480687 0.5343511450381679 0.09012875536480687 0.12595419847328243
1 0.924892703862661 0.6202290076335878 0.09012875536480687 0.12595419847328243
1 0.6845493562231759 0.5916030534351145 0.09656652360515021 0.16412213740458015
1 0.8572961373390557 0.6984732824427481 0.07939914163090128 0.12595419847328243
1 0.8937768240343348 0.8225190839694656 0.08369098712446352 0.1297709923664122
1 0.721030042918455 0.3244274809160305 0.0815450643776824 0.10305343511450382
1 0.9527896995708155 0.41030534351145037 0.07725321888412018 0.10305343511450382
1 0.8454935622317596 0.4580152671755725 0.08369098712446352 0.1297709923664122