0 0.4642857142857143 0.5892857142857143 0.06655844155844155 0.13392857142857142
0 0.45616883116883117 0.4642857142857143 0.0698051948051948 0.13095238095238096
0 0.5478896103896104 0.04017857142857143 0.05357142857142857 0.08035714285714286
0 0.5568181818181818 0.3318452380952381 0.06655844155844155 0.13392857142857142
0 0.5998376623376623 0.35714285714285715 0.06655844155844155 0.14583333333333334
0 0.7077922077922078 0.5818452380952381 0.06818181818181818 0.12797619047619047
0 0.7540584415584416 0.59375 0.05519480519480519 0.12797619047619047
0 0.7159090909090909 0.8095238095238095 0.040584415584415584 0.11607142857142858
1 0.4715909090909091 0.02976190476190476 0.056818181818181816 0.05952380952380952
1 0.49107142857142855 0.06696428571428571 0.060064935064935064 0.13392857142857142
1 0.44886363636363635 0.15625 0.0633116883116883 0.12202380952380952
1 0.3116883116883117 0.6875 0.0633116883116883 0.11607142857142858
1 0.7045454545454546 0.16964285714285715 0.0698051948051948 0.125
1 0.7702922077922078 0.20535714285714285 0.060064935064935064 0.11011904761904762
1 0.8214285714285714 0.26339285714285715 0.05519480519480519 0.10416666666666667