0 0.7213622291021672 0.2627118644067797 0.058823529411764705 0.12146892655367232
0 0.6447368421052632 0.2584745762711864 0.06501547987616099 0.12146892655367232
0 0.423374613003096 0.6694915254237288 0.05727554179566564 0.1016949152542373
0 0.43343653250773995 0.7429378531073446 0.058823529411764705 0.10734463276836158
0 0.4713622291021672 0.5550847457627118 0.06811145510835913 0.12429378531073447
1 0.5557275541795665 0.8700564971751412 0.06501547987616099 0.11864406779661017
1 0.5332817337461301 0.9717514124293786 0.06037151702786378 0.05649717514124294
1 0.3498452012383901 0.384180790960452 0.07275541795665634 0.12994350282485875
1 0.6145510835913313 0.038135593220338986 0.06811145510835913 0.07627118644067797
1 0.8065015479876161 0.614406779661017 0.05727554179566564 0.10734463276836158
1 0.7786377708978328 0.6581920903954802 0.06037151702786378 0.11864406779661017