0 0.6459790209790209 0.013975155279503106 0.08566433566433566 0.027950310559006212
0 0.34965034965034963 0.2795031055900621 0.09965034965034965 0.16770186335403728
0 0.40734265734265734 0.4984472049689441 0.09265734265734266 0.17391304347826086
0 0.659965034965035 0.5217391304347826 0.0979020979020979 0.15527950310559005
0 0.7963286713286714 0.5667701863354038 0.10314685314685315 0.15217391304347827
0 0.8216783216783217 0.4503105590062112 0.10139860139860139 0.16770186335403728
0 0.9466783216783217 0.33229813664596275 0.08216783216783216 0.13664596273291926
1 0.8382867132867133 0.10559006211180125 0.07342657342657342 0.11801242236024845
1 0.7692307692307693 0.17391304347826086 0.08391608391608392 0.13664596273291926
1 0.6879370629370629 0.16925465838509315 0.0944055944055944 0.15217391304347827
1 0.6075174825174825 0.7670807453416149 0.08916083916083917 0.16149068322981366
1 0.5034965034965035 0.2080745341614907 0.08041958041958042 0.14285714285714285
1 0.49475524475524474 0.11180124223602485 0.08216783216783216 0.13975155279503104