0 0.9347426470588235 0.9228187919463087 0.03308823529411765 0.08389261744966443
0 0.9200367647058824 0.860738255033557 0.07352941176470588 0.12080536912751678
0 0.8492647058823529 0.9110738255033557 0.07536764705882353 0.12416107382550336
0 0.6378676470588235 0.3271812080536913 0.06433823529411764 0.1174496644295302
0 0.6056985294117647 0.28523489932885904 0.07904411764705882 0.15436241610738255
0 0.7205882352941176 0.5671140939597316 0.07904411764705882 0.14093959731543623
0 0.44485294117647056 0.5604026845637584 0.07904411764705882 0.13758389261744966
0 0.6544117647058824 0.8473154362416108 0.08639705882352941 0.14093959731543623
0 0.43566176470588236 0.8540268456375839 0.08639705882352941 0.14093959731543623
0 0.3759191176470588 0.9295302013422819 0.0661764705882353 0.07718120805369127
1 0.6571691176470589 0.9563758389261745 0.07169117647058823 0.087248322147651
1 0.4329044117647059 0.714765100671141 0.08272058823529412 0.1476510067114094
1 0.6534926470588235 0.7030201342281879 0.07904411764705882 0.15100671140939598
1 0.5055147058823529 0.4714765100671141 0.07352941176470588 0.1342281879194631
1 0.421875 0.19463087248322147 0.06985294117647059 0.13758389261744966
1 0.8373161764705882 0.46812080536912754 0.06801470588235294 0.13087248322147652
1 0.9623161764705882 0.5385906040268457 0.07169117647058823 0.10738255033557047