0 0.7570532915360502 0.9571428571428572 0.09090909090909091 0.08571428571428572
0 0.39184952978056425 0.91 0.07523510971786834 0.12857142857142856
0 0.15282131661442006 0.6857142857142857 0.08150470219435736 0.14285714285714285
0 0.11598746081504702 0.09571428571428571 0.08463949843260188 0.14857142857142858
0 0.4090909090909091 0.19714285714285715 0.08620689655172414 0.13428571428571429
0 0.5031347962382445 0.24857142857142858 0.08934169278996865 0.16285714285714287
0 0.8816614420062696 0.5728571428571428 0.07523510971786834 0.14285714285714285
1 0.7570532915360502 0.4471428571428571 0.07523510971786834 0.14857142857142858
1 0.6896551724137931 0.3357142857142857 0.07836990595611286 0.14285714285714285
1 0.4780564263322884 0.022857142857142857 0.07210031347962383 0.045714285714285714
1 0.2601880877742947 0.08857142857142856 0.07053291536050156 0.13142857142857142
1 0.04075235109717868 0.3871428571428571 0.08150470219435736 0.12857142857142856
1 0.3283699059561129 0.86 0.07366771159874608 0.12857142857142856
1 0.5760188087774295 0.97 0.08620689655172414 0.06