0 0.410427807486631 0.02962085308056872 0.07219251336898395 0.05924170616113744
0 0.5875668449197861 0.0462085308056872 0.05213903743315508 0.06398104265402843
0 0.33088235294117646 0.5071090047393365 0.06550802139037433 0.12085308056872038
0 0.46858288770053474 0.9703791469194313 0.05481283422459893 0.05924170616113744
0 0.5808823529411765 0.683649289099526 0.05481283422459893 0.0971563981042654
0 0.5594919786096256 0.6220379146919431 0.058823529411764705 0.0947867298578199
1 0.5514705882352942 0.2381516587677725 0.05748663101604278 0.12085308056872038
1 0.6510695187165776 0.3921800947867299 0.05213903743315508 0.11611374407582939
1 0.6450534759358288 0.8862559241706162 0.05080213903743316 0.09004739336492891
1 0.5635026737967914 0.8116113744075829 0.05080213903743316 0.1066350710900474
1 0.3442513368983957 0.18009478672985782 0.06283422459893048 0.11137440758293839
1 0.28141711229946526 0.5876777251184834 0.06550802139037433 0.13033175355450238