0 0.5514705882352942 0.024709302325581394 0.06045751633986928 0.04941860465116279
0 0.37173202614379086 0.4738372093023256 0.08169934640522876 0.1511627906976744
0 0.25735294117647056 0.6758720930232558 0.07679738562091504 0.1744186046511628
0 0.6421568627450981 0.9840116279069767 0.07516339869281045 0.03197674418604651
0 0.7483660130718954 0.1380813953488372 0.06372549019607843 0.06395348837209303
0 0.6078431372549019 0.09011627906976744 0.07516339869281045 0.12790697674418605
1 0.7508169934640523 0.4956395348837209 0.06535947712418301 0.13372093023255813
1 0.7328431372549019 0.6191860465116279 0.08169934640522876 0.125
1 0.40604575163398693 0.11482558139534883 0.08169934640522876 0.1308139534883721
1 0.4272875816993464 0.4186046511627907 0.08823529411764706 0.14534883720930233
1 0.47875816993464054 0.0188953488372093 0.042483660130718956 0.0377906976744186
1 0.548202614379085 0.8691860465116279 0.08823529411764706 0.14825581395348839