0 0.09329710144927536 0.36935483870967745 0.08876811594202899 0.14516129032258066
0 0.12590579710144928 0.4774193548387097 0.08514492753623189 0.14193548387096774
0 0.18840579710144928 0.05967741935483871 0.07971014492753623 0.11935483870967742
0 0.35144927536231885 0.017741935483870968 0.07608695652173914 0.035483870967741936
0 0.41757246376811596 0.03387096774193549 0.08514492753623189 0.06774193548387097
1 0.26902173913043476 0.02258064516129032 0.08514492753623189 0.04516129032258064
1 0.5471014492753623 0.18387096774193548 0.07971014492753623 0.13548387096774195
1 0.3188405797101449 0.7080645161290322 0.08514492753623189 0.15161290322580645
1 0.16847826086956522 0.3774193548387097 0.08333333333333333 0.13548387096774195
1 0.1358695652173913 0.1032258064516129 0.07608695652173914 0.11612903225806452
1 0.11956521739130435 0.03064516129032258 0.06159420289855073 0.06129032258064516