0 0.7875766871165644 0.35190217391304346 0.08588957055214724 0.1331521739130435
0 0.9532208588957055 0.7133152173913043 0.0843558282208589 0.1358695652173913
0 0.727760736196319 0.7554347826086957 0.08128834355828221 0.125
0 0.6403374233128835 0.7717391304347826 0.06595092024539877 0.14130434782608695
0 0.19785276073619631 0.8980978260869565 0.06595092024539877 0.10869565217391304
0 0.25153374233128833 0.36684782608695654 0.0736196319018405 0.11413043478260869
0 0.49003067484662577 0.38179347826086957 0.07515337423312883 0.1358695652173913
1 0.330521472392638 0.32472826086956524 0.06441717791411043 0.125
1 0.17868098159509202 0.6317934782608695 0.06595092024539877 0.08423913043478261
1 0.3995398773006135 0.8029891304347826 0.05674846625766871 0.13858695652173914
1 0.42868098159509205 0.8926630434782609 0.0736196319018405 0.1358695652173913
1 0.5122699386503068 0.6671195652173914 0.07515337423312883 0.1358695652173913
1 0.9432515337423313 0.5285326086956522 0.07515337423312883 0.09510869565217392