0 0.25 0.4847417840375587 0.07936507936507936 0.1431924882629108
0 0.4662698412698413 0.1772300469483568 0.06349206349206349 0.11267605633802817
0 0.5912698412698413 0.44366197183098594 0.07407407407407407 0.12910798122065728
0 0.5720899470899471 0.5657276995305164 0.07275132275132275 0.13615023474178403
0 0.6494708994708994 0.8321596244131455 0.07539682539682539 0.13615023474178403
0 0.42658730158730157 0.9471830985915493 0.07275132275132275 0.1056338028169014
1 0.3392857142857143 0.36619718309859156 0.06878306878306878 0.11502347417840375
1 0.4828042328042328 0.2511737089201878 0.06878306878306878 0.12206572769953052
1 0.45965608465608465 0.34507042253521125 0.0582010582010582 0.10328638497652583
1 0.7566137566137566 0.744131455399061 0.056878306878306875 0.10328638497652583
1 0.4576719576719577 0.8192488262910798 0.07671957671957672 0.14553990610328638
1 0.335978835978836 0.6772300469483568 0.07671957671957672 0.13615023474178403