0 0.5684210526315789 0.2 0.0824561403508772 0.14375
0 0.7701754385964912 0.325 0.07719298245614035 0.125
0 0.6403508771929824 0.353125 0.0824561403508772 0.1375
0 0.6587719298245615 0.4859375 0.07719298245614035 0.134375
0 0.5991228070175438 0.7390625 0.08947368421052632 0.15625
0 0.5570175438596491 0.9234375 0.1 0.153125
0 0.6429824561403509 0.8234375 0.07894736842105263 0.153125
1 0.9429824561403509 0.75 0.08421052631578947 0.121875
1 0.8903508771929824 0.753125 0.07017543859649122 0.1125
1 0.8350877192982457 0.771875 0.08421052631578947 0.146875
1 0.7973684210526316 0.9546875 0.07894736842105263 0.090625
1 0.7789473684210526 0.6703125 0.08771929824561403 0.159375
1 0.8280701754385965 0.584375 0.0824561403508772 0.15625
1 0.8307017543859649 0.4671875 0.07017543859649122 0.115625
1 0.9122807017543859 0.45625 0.07719298245614035 0.128125
1 0.7228070175438597 0.309375 0.07017543859649122 0.11875
1 0.4298245614035088 0.6046875 0.007017543859649123 0.009375