0 0.3558201058201058 0.5363849765258216 0.062169312169312166 0.11971830985915492
0 0.23875661375661375 0.7300469483568075 0.05423280423280423 0.11737089201877934
0 0.37367724867724866 0.8157276995305164 0.06349206349206349 0.13145539906103287
0 0.5304232804232805 0.528169014084507 0.06349206349206349 0.13615023474178403
0 0.6044973544973545 0.4025821596244131 0.07804232804232804 0.13145539906103287
0 0.6481481481481481 0.0903755868544601 0.04365079365079365 0.06103286384976526
1 0.5443121693121693 0.03051643192488263 0.04365079365079365 0.06103286384976526
1 0.6369047619047619 0.6983568075117371 0.07539682539682539 0.1267605633802817
1 0.6216931216931217 0.7711267605633803 0.07671957671957672 0.11502347417840375
1 0.4351851851851852 0.7652582159624414 0.05555555555555555 0.09859154929577464
1 0.5376984126984127 0.8403755868544601 0.0701058201058201 0.13380281690140844
1 0.32142857142857145 0.7664319248826291 0.06349206349206349 0.11032863849765258