0 0.10932944606413994 0.5252659574468085 0.06268221574344024 0.10904255319148937
0 0.1348396501457726 0.49069148936170215 0.0728862973760933 0.1196808510638298
0 0.16982507288629736 0.09175531914893617 0.06997084548104957 0.11702127659574468
0 0.5087463556851312 0.28856382978723405 0.06268221574344024 0.10904255319148937
0 0.413265306122449 0.25 0.08017492711370262 0.1356382978723404
0 0.6698250728862973 0.21143617021276595 0.07142857142857142 0.125
0 0.6530612244897959 0.9601063829787234 0.08163265306122448 0.0797872340425532
0 0.40597667638483964 0.8896276595744681 0.06705539358600583 0.10904255319148937
0 0.04081632653061224 0.5997340425531915 0.06997084548104957 0.11170212765957446
1 0.2456268221574344 0.2526595744680851 0.06851311953352769 0.09840425531914894
1 0.29373177842565595 0.15425531914893617 0.056851311953352766 0.1196808510638298
1 0.3338192419825073 0.13297872340425532 0.06268221574344024 0.11436170212765957
1 0.5517492711370262 0.35771276595744683 0.06851311953352769 0.10372340425531915
1 0.5043731778425656 0.5678191489361702 0.07434402332361516 0.125
1 0.4846938775510204 0.9242021276595744 0.0728862973760933 0.12234042553191489
1 0.2536443148688047 0.7606382978723404 0.07871720116618076 0.11702127659574468
1 0.1793002915451895 0.7061170212765957 0.06268221574344024 0.11702127659574468
1 0.02988338192419825 0.5066489361702128 0.052478134110787174 0.09574468085106383