0 0.0375 0.29435483870967744 0.06911764705882353 0.12365591397849462
0 0.5220588235294118 0.3521505376344086 0.08088235294117647 0.15591397849462366
0 0.6139705882352942 0.35618279569892475 0.07352941176470588 0.13978494623655913
0 0.8205882352941176 0.6559139784946236 0.0838235294117647 0.1478494623655914
0 0.4147058823529412 0.7338709677419355 0.07647058823529412 0.13709677419354838
1 0.3610294117647059 0.07526881720430108 0.07058823529411765 0.13172043010752688
1 0.3948529411764706 0.09543010752688172 0.08676470588235294 0.1639784946236559
1 0.7602941176470588 0.5282258064516129 0.08088235294117647 0.16129032258064516
1 0.8066176470588236 0.9005376344086021 0.07647058823529412 0.13172043010752688
1 0.8632352941176471 0.9341397849462365 0.08823529411764706 0.13172043010752688
1 0.7051470588235295 0.9556451612903226 0.08088235294117647 0.08870967741935484
1 0.4919117647058823 0.8938172043010753 0.06911764705882353 0.13978494623655913
1 0.41691176470588237 0.9112903225806451 0.07941176470588235 0.14516129032258066
1 0.1375 0.5080645161290323 0.075 0.14516129032258066