0 0.30416666666666664 0.2781065088757396 0.07333333333333333 0.14497041420118342
0 0.3983333333333333 0.20710059171597633 0.07833333333333334 0.13609467455621302
0 0.4125 0.32840236686390534 0.08166666666666667 0.16272189349112426
0 0.5583333333333333 0.3431952662721893 0.065 0.15088757396449703
0 0.6091666666666666 0.4363905325443787 0.051666666666666666 0.11834319526627218
0 0.65 0.6124260355029586 0.07333333333333333 0.12721893491124261
0 0.6891666666666667 0.23964497041420119 0.065 0.1301775147928994
1 0.6733333333333333 0.32988165680473375 0.04833333333333333 0.1242603550295858
1 0.5908333333333333 0.05621301775147929 0.058333333333333334 0.08875739644970414
1 0.6458333333333334 0.10207100591715976 0.04833333333333333 0.11242603550295859
1 0.505 0.023668639053254437 0.056666666666666664 0.047337278106508875
1 0.5358333333333334 0.12130177514792899 0.056666666666666664 0.15976331360946747