0 0.8707430340557275 0.9703389830508474 0.06037151702786378 0.059322033898305086
0 0.8722910216718266 0.4435028248587571 0.06811145510835913 0.08757062146892655
0 0.7058823529411765 0.5211864406779662 0.058823529411764705 0.11016949152542373
0 0.7561919504643962 0.6299435028248588 0.06346749226006192 0.1016949152542373
0 0.4852941176470588 0.3601694915254237 0.06656346749226007 0.11299435028248588
0 0.16486068111455107 0.2033898305084746 0.06811145510835913 0.12429378531073447
0 0.27167182662538697 0.844632768361582 0.06346749226006192 0.10451977401129943
0 0.21439628482972137 0.8601694915254238 0.06191950464396285 0.08757062146892655
0 0.27167182662538697 0.8813559322033898 0.06191950464396285 0.0903954802259887
1 0.24303405572755418 0.4322033898305085 0.04643962848297214 0.09322033898305085
1 0.16873065015479877 0.6002824858757062 0.06346749226006192 0.1016949152542373
1 0.06888544891640867 0.6624293785310734 0.05727554179566564 0.09887005649717515
1 0.40789473684210525 0.9152542372881356 0.058823529411764705 0.12146892655367232
1 0.5472136222910217 0.655367231638418 0.0696594427244582 0.12429378531073447
1 0.6470588235294118 0.384180790960452 0.06191950464396285 0.12146892655367232
1 0.8359133126934984 0.5508474576271186 0.05572755417956656 0.11581920903954802
1 0.8769349845201239 0.730225988700565 0.0696594427244582 0.11016949152542373
1 0.7074303405572755 0.9788135593220338 0.06191950464396285 0.0423728813559322
1 0.20588235294117646 0.5084745762711864 0.06811145510835913 0.09887005649717515