0 0.8494623655913979 0.6452380952380953 0.05241935483870968 0.0880952380952381
0 0.7110215053763441 0.8214285714285714 0.07123655913978495 0.10714285714285714
0 0.36223118279569894 0.9130952380952381 0.05913978494623656 0.09285714285714286
0 0.20228494623655913 0.8333333333333334 0.06048387096774194 0.11190476190476191
0 0.4583333333333333 0.34285714285714286 0.06317204301075269 0.10952380952380952
0 0.7385752688172043 0.3202380952380952 0.05779569892473118 0.09047619047619047
0 0.7856182795698925 0.4083333333333333 0.04973118279569892 0.09761904761904762
1 0.6754032258064516 0.4869047619047619 0.06182795698924731 0.12380952380952381
1 0.614247311827957 0.35 0.053763440860215055 0.10238095238095238
1 0.8104838709677419 0.5357142857142857 0.06182795698924731 0.08095238095238096
1 0.3387096774193548 0.22976190476190475 0.05510752688172043 0.09761904761904762
1 0.3797043010752688 0.794047619047619 0.0739247311827957 0.11666666666666667
1 0.5443548387096774 0.8488095238095238 0.06048387096774194 0.11904761904761904
1 0.8622311827956989 0.7297619047619047 0.04973118279569892 0.09047619047619047
1 0.6854838709677419 0.7178571428571429 0.06048387096774194 0.1261904761904762