0 0.6263888888888889 0.5775862068965517 0.06527777777777778 0.11330049261083744
0 0.44166666666666665 0.038177339901477834 0.05277777777777778 0.07635467980295567
0 0.3854166666666667 0.06896551724137931 0.04722222222222222 0.07389162561576355
0 0.30069444444444443 0.18226600985221675 0.058333333333333334 0.11083743842364532
0 0.40208333333333335 0.9827586206896551 0.07083333333333333 0.034482758620689655
1 0.5152777777777777 0.2647783251231527 0.06805555555555555 0.12315270935960591
1 0.5409722222222222 0.3275862068965517 0.07083333333333333 0.10591133004926108
1 0.43819444444444444 0.31527093596059114 0.07222222222222222 0.14285714285714285
1 0.25625 0.4815270935960591 0.07361111111111111 0.12561576354679804
1 0.3215277777777778 0.6773399014778325 0.07916666666666666 0.1330049261083744
1 0.41388888888888886 0.7130541871921182 0.07916666666666666 0.1477832512315271
1 0.2423611111111111 0.1834975369458128 0.041666666666666664 0.05665024630541872