0 0.5272435897435898 0.3397058823529412 0.07371794871794872 0.13529411764705881
0 0.5080128205128205 0.2647058823529412 0.07211538461538461 0.12352941176470589
0 0.483974358974359 0.35441176470588237 0.07852564102564102 0.1411764705882353
0 0.14342948717948717 0.1411764705882353 0.06570512820512821 0.13529411764705881
0 0.1674679487179487 0.23970588235294119 0.07852564102564102 0.14411764705882352
0 0.11858974358974358 0.4588235294117647 0.0641025641025641 0.11764705882352941
0 0.3092948717948718 0.8088235294117647 0.08493589743589744 0.15
1 0.5544871794871795 0.9441176470588235 0.07371794871794872 0.11176470588235295
1 0.4831730769230769 0.9647058823529412 0.07532051282051282 0.07058823529411765
1 0.12259615384615384 0.6411764705882353 0.07211538461538461 0.1264705882352941
1 0.26842948717948717 0.6485294117647059 0.07371794871794872 0.14705882352941177
1 0.05128205128205128 0.4264705882352941 0.07051282051282051 0.11764705882352941
1 0.3108974358974359 0.07941176470588235 0.07211538461538461 0.12058823529411765
1 0.3405448717948718 0.1588235294117647 0.07051282051282051 0.13823529411764707
1 0.3076923076923077 0.3058823529411765 0.08012820512820513 0.15
1 0.6826923076923077 0.4308823529411765 0.07532051282051282 0.13823529411764707