0 0.4380664652567976 0.2660427807486631 0.0770392749244713 0.13903743315508021
0 0.4478851963746224 0.10160427807486631 0.08006042296072508 0.13101604278074866
0 0.11253776435045318 0.5882352941176471 0.09667673716012085 0.16042780748663102
0 0.45468277945619334 0.9572192513368984 0.08157099697885196 0.0855614973262032
0 0.506797583081571 0.9786096256684492 0.09214501510574018 0.0427807486631016
0 0.648036253776435 0.9772727272727273 0.09365558912386707 0.045454545454545456
0 0.6329305135951662 0.5267379679144385 0.07099697885196375 0.11764705882352941
0 0.5838368580060423 0.5828877005347594 0.07854984894259819 0.13903743315508021
1 0.7129909365558912 0.7700534759358288 0.08308157099697885 0.14171122994652408
1 0.7469788519637462 0.6751336898395722 0.07250755287009064 0.12566844919786097
1 0.2537764350453172 0.7526737967914439 0.09667673716012085 0.16310160427807488
1 0.5861027190332326 0.47058823529411764 0.07099697885196375 0.11764705882352941
1 0.44939577039274925 0.44919786096256686 0.09969788519637462 0.17647058823529413