0 0.4260355029585799 0.23783783783783785 0.060650887573964495 0.12432432432432433
0 0.40384615384615385 0.4527027027027027 0.06360946745562131 0.12162162162162163
0 0.45710059171597633 0.518918918918919 0.0621301775147929 0.12162162162162163
0 0.4489644970414201 0.1783783783783784 0.05621301775147929 0.11621621621621622
0 0.6042899408284024 0.20945945945945946 0.0650887573964497 0.12702702702702703
0 0.639792899408284 0.1635135135135135 0.060650887573964495 0.11621621621621622
0 0.7085798816568047 0.32837837837837835 0.0621301775147929 0.11891891891891893
1 0.2559171597633136 0.17432432432432432 0.04142011834319527 0.05675675675675676
1 0.29659763313609466 0.25405405405405407 0.05621301775147929 0.10810810810810811
1 0.39201183431952663 0.777027027027027 0.05029585798816568 0.0972972972972973
1 0.28846153846153844 0.1662162162162162 0.04585798816568047 0.08648648648648649
1 0.46671597633136097 0.008108108108108109 0.042899408284023666 0.016216216216216217
1 0.7869822485207101 0.6594594594594595 0.05621301775147929 0.11081081081081082