0 0.152555910543131 0.7869318181818182 0.05910543130990415 0.11647727272727272
0 0.1829073482428115 0.8863636363636364 0.06389776357827476 0.11647727272727272
0 0.12380191693290735 0.6789772727272727 0.06230031948881789 0.09943181818181818
0 0.6940894568690096 0.6690340909090909 0.07987220447284345 0.14488636363636365
0 0.8115015974440895 0.33948863636363635 0.07507987220447285 0.125
0 0.9400958466453674 0.5099431818181818 0.07348242811501597 0.13636363636363635
0 0.4952076677316294 0.1903409090909091 0.06389776357827476 0.10795454545454546
1 0.34824281150159747 0.9190340909090909 0.07987220447284345 0.13920454545454544
1 0.3242811501597444 0.6519886363636364 0.07987220447284345 0.14204545454545456
1 0.28514376996805113 0.5383522727272727 0.07348242811501597 0.1278409090909091
1 0.1413738019169329 0.9701704545454546 0.07827476038338659 0.05965909090909091
1 0.4960063897763578 0.8863636363636364 0.08945686900958466 0.16477272727272727
1 0.744408945686901 0.45738636363636365 0.08466453674121406 0.14204545454545456
1 0.5950479233226837 0.109375 0.06869009584664537 0.13920454545454544