0 0.265 0.7436548223350253 0.06285714285714286 0.12436548223350254
0 0.3092857142857143 0.9682741116751269 0.03428571428571429 0.03299492385786802
0 0.5107142857142857 0.7411167512690355 0.07285714285714286 0.09137055837563451
0 0.5892857142857143 0.4302030456852792 0.04857142857142857 0.08375634517766498
0 0.555 0.2893401015228426 0.054285714285714284 0.08629441624365482
0 0.5107142857142857 0.04187817258883249 0.05285714285714286 0.08375634517766498
0 0.2842857142857143 0.10025380710659898 0.045714285714285714 0.09390862944162437
1 0.45 0.9847715736040609 0.04 0.025380710659898477
1 0.4857142857142857 0.9822335025380711 0.04 0.03553299492385787
1 0.5421428571428571 0.6954314720812182 0.06428571428571428 0.09390862944162437
1 0.485 0.5824873096446701 0.045714285714285714 0.10152284263959391
1 0.6392857142857142 0.03807106598984772 0.041428571428571426 0.0532994923857868
1 0.3514285714285714 0.25761421319796957 0.06 0.1116751269035533
1 0.27071428571428574 0.44289340101522845 0.06428571428571428 0.116751269035533