0 0.05368589743589743 0.8558823529411764 0.038461538461538464 0.07941176470588235
0 0.058493589743589744 0.9176470588235294 0.02564102564102564 0.07352941176470588
0 0.1594551282051282 0.8926470588235295 0.07051282051282051 0.11176470588235295
0 0.4855769230769231 0.6441176470588236 0.07532051282051282 0.12941176470588237
0 0.29967948717948717 0.8647058823529412 0.07371794871794872 0.12352941176470589
0 0.4879807692307692 0.8955882352941177 0.06891025641025642 0.12058823529411765
0 0.530448717948718 0.9779411764705882 0.0673076923076923 0.04411764705882353
0 0.35496794871794873 0.38676470588235295 0.0673076923076923 0.11176470588235295
0 0.33092948717948717 0.4308823529411765 0.0673076923076923 0.12352941176470589
1 0.04246794871794872 0.5897058823529412 0.07692307692307693 0.11470588235294117
1 0.15544871794871795 0.5352941176470588 0.06570512820512821 0.12058823529411765
1 0.5176282051282052 0.34411764705882353 0.06570512820512821 0.12941176470588237
1 0.3020833333333333 0.7514705882352941 0.07051282051282051 0.1264705882352941
1 0.49278846153846156 0.7661764705882353 0.06891025641025642 0.12941176470588237
1 0.2932692307692308 0.9602941176470589 0.0641025641025641 0.07941176470588235
1 0.09935897435897435 0.8705882352941177 0.060897435897435896 0.10294117647058823