0 0.6264619883040936 0.10621761658031088 0.059941520467836254 0.11398963730569948
0 0.5365497076023392 0.29533678756476683 0.06286549707602339 0.10880829015544041
0 0.4137426900584795 0.6010362694300518 0.06286549707602339 0.11398963730569948
0 0.5657894736842105 0.5466321243523317 0.07602339181286549 0.15025906735751296
0 0.6535087719298246 0.8069948186528497 0.07309941520467836 0.13212435233160622
1 0.6374269005847953 0.2979274611398964 0.07894736842105263 0.13730569948186527
1 0.4934210526315789 0.18911917098445596 0.06725146198830409 0.11139896373056994
1 0.46637426900584794 0.25129533678756477 0.059941520467836254 0.10880829015544041
1 0.42909356725146197 0.5427461139896373 0.08187134502923976 0.13989637305699482
1 0.2646198830409357 0.5116580310880829 0.05701754385964912 0.10103626943005181
1 0.756578947368421 0.6204663212435233 0.07017543859649122 0.13730569948186527
1 0.38669590643274854 0.8691709844559585 0.0847953216374269 0.16839378238341968
1 0.44590643274853803 0.8393782383419689 0.08187134502923976 0.15025906735751296