0 0.35795454545454547 0.3309248554913295 0.056818181818181816 0.11271676300578035
0 0.3547077922077922 0.4291907514450867 0.05357142857142857 0.1069364161849711
0 0.5267857142857143 0.434971098265896 0.05519480519480519 0.10115606936416185
0 0.7045454545454546 0.5953757225433526 0.06493506493506493 0.13005780346820808
0 0.3465909090909091 0.8511560693641619 0.05032467532467533 0.1069364161849711
1 0.3425324675324675 0.7167630057803468 0.048701298701298704 0.10404624277456648
1 0.24594155844155843 0.37283236994219654 0.04220779220779221 0.08092485549132948
1 0.5016233766233766 0.10260115606936417 0.06168831168831169 0.12138728323699421
1 0.6112012987012987 0.9075144508670521 0.05194805194805195 0.11271676300578035
1 0.6858766233766234 0.9219653179190751 0.060064935064935064 0.11849710982658959
1 0.5340909090909091 0.9046242774566474 0.06168831168831169 0.10404624277456648