0 0.45392749244712993 0.27807486631016043 0.06646525679758308 0.13636363636363635
0 0.81797583081571 0.18181818181818182 0.04380664652567976 0.053475935828877004
0 0.7938066465256798 0.18850267379679145 0.05891238670694864 0.0962566844919786
0 0.4486404833836858 0.8716577540106952 0.06646525679758308 0.13101604278074866
0 0.3504531722054381 0.9211229946524064 0.052870090634441085 0.058823529411764705
1 0.41918429003021146 0.5748663101604278 0.0649546827794562 0.12032085561497326
1 0.39274924471299094 0.6898395721925134 0.05891238670694864 0.10962566844919786
1 0.45317220543806647 0.7286096256684492 0.07401812688821752 0.11764705882352941
1 0.49697885196374625 0.8355614973262032 0.055891238670694864 0.12834224598930483
1 0.6744712990936556 0.9090909090909091 0.07854984894259819 0.14705882352941177
1 0.7386706948640483 0.5922459893048129 0.08006042296072508 0.16042780748663102