0 0.025985663082437275 0.59375 0.05197132616487455 0.10855263157894737
0 0.22849462365591397 0.6792763157894737 0.06989247311827956 0.12171052631578948
0 0.3781362007168459 0.8733552631578947 0.07706093189964158 0.12171052631578948
0 0.46236559139784944 0.9703947368421053 0.06810035842293907 0.05921052631578947
0 0.4175627240143369 0.2631578947368421 0.06451612903225806 0.10526315789473684
0 0.3951612903225806 0.2138157894736842 0.05734767025089606 0.09539473684210527
1 0.6191756272401434 0.3355263157894737 0.05734767025089606 0.1118421052631579
1 0.18458781362007168 0.18092105263157895 0.053763440860215055 0.08881578947368421
1 0.07616487455197132 0.12006578947368421 0.06093189964157706 0.07236842105263158
1 0.13082437275985664 0.8536184210526315 0.06630824372759857 0.06578947368421052
1 0.18996415770609318 0.912828947368421 0.04659498207885305 0.05263157894736842
1 0.20161290322580644 0.8157894736842105 0.05913978494623656 0.11842105263157894
1 0.46415770609318996 0.7220394736842105 0.05197132616487455 0.11842105263157894