0 0.36275964391691395 0.5381578947368421 0.06528189910979229 0.11052631578947368
0 0.34124629080118696 0.45394736842105265 0.06231454005934718 0.11842105263157894
0 0.20845697329376855 0.1355263157894737 0.057863501483679525 0.0868421052631579
0 0.4020771513353116 0.2868421052631579 0.06528189910979229 0.12368421052631579
0 0.6186943620178041 0.34078947368421053 0.057863501483679525 0.08947368421052632
0 0.5919881305637982 0.9026315789473685 0.07566765578635015 0.13157894736842105
0 0.2774480712166172 0.7828947368421053 0.06083086053412463 0.13157894736842105
0 0.07344213649851632 0.7552631578947369 0.08605341246290801 0.13421052631578947
1 0.21513353115727002 0.33157894736842103 0.06824925816023739 0.0868421052631579
1 0.2893175074183976 0.12368421052631579 0.05934718100890208 0.08157894736842106
1 0.5660237388724035 0.3381578947368421 0.06676557863501484 0.10526315789473684
1 0.7707715133531158 0.5118421052631579 0.05637982195845697 0.08157894736842106
1 0.7670623145400594 0.8855263157894737 0.06528189910979229 0.09473684210526316
1 0.4844213649851632 0.8697368421052631 0.06824925816023739 0.12894736842105264
1 0.15949554896142434 0.6355263157894737 0.06676557863501484 0.1368421052631579