0 0.5048449612403101 0.9308510638297872 0.0872093023255814 0.13829787234042554
0 0.5125968992248062 0.49113475177304966 0.0872093023255814 0.15602836879432624
0 0.5484496124031008 0.6063829787234043 0.09302325581395349 0.16666666666666666
0 0.5998062015503876 0.6897163120567376 0.08333333333333333 0.14893617021276595
0 0.6337209302325582 0.7872340425531915 0.09302325581395349 0.16666666666666666
0 0.7936046511627907 0.8102836879432624 0.09108527131782945 0.16312056737588654
0 0.9166666666666666 0.9485815602836879 0.05426356589147287 0.10283687943262411
1 0.8236434108527132 0.6560283687943262 0.09302325581395349 0.1524822695035461
1 0.7703488372093024 0.6773049645390071 0.10465116279069768 0.18439716312056736
1 0.7277131782945736 0.574468085106383 0.0872093023255814 0.15602836879432624
1 0.4127906976744186 0.15425531914893617 0.08139534883720931 0.1524822695035461
1 0.748062015503876 0.9680851063829787 0.09302325581395349 0.06382978723404255