0 0.4302721088435374 0.2625 0.08163265306122448 0.153125
0 0.9141156462585034 0.0265625 0.03231292517006803 0.053125
0 0.8724489795918368 0.321875 0.08503401360544217 0.1375
0 0.951530612244898 0.1453125 0.047619047619047616 0.09375
0 0.7670068027210885 0.678125 0.08673469387755102 0.15
0 0.7431972789115646 0.7578125 0.08673469387755102 0.14375
0 0.05697278911564626 0.6859375 0.07993197278911565 0.1375
1 0.5986394557823129 0.0515625 0.06462585034013606 0.103125
1 0.6232993197278912 0.028125 0.0663265306122449 0.05625
1 0.8920068027210885 0.053125 0.07312925170068027 0.10625
1 0.9175170068027211 0.475 0.06462585034013606 0.11875
1 0.7797619047619048 0.2859375 0.0782312925170068 0.1375
1 0.8715986394557823 0.5359375 0.07653061224489796 0.15