0 0.8639240506329114 0.2891791044776119 0.08860759493670886 0.11940298507462686
0 0.8280590717299579 0.47947761194029853 0.06540084388185655 0.10074626865671642
0 0.75 0.503731343283582 0.08016877637130802 0.13059701492537312
0 0.9704641350210971 0.6753731343283582 0.05907172995780591 0.09701492537313433
0 0.08755274261603375 0.8899253731343284 0.08438818565400844 0.13059701492537312
1 0.9145569620253164 0.03917910447761194 0.06540084388185655 0.07835820895522388
1 0.709915611814346 0.048507462686567165 0.07805907172995781 0.09701492537313433
1 0.5 0.4832089552238806 0.08227848101265822 0.1417910447761194
1 0.9546413502109705 0.3246268656716418 0.06118143459915612 0.08582089552238806
1 0.9778481012658228 0.2947761194029851 0.04008438818565401 0.09701492537313433
1 0.3818565400843882 0.8414179104477612 0.0759493670886076 0.1417910447761194