0 0.6398176291793313 0.07432432432432433 0.05319148936170213 0.05945945945945946
0 0.6968085106382979 0.5162162162162162 0.07446808510638298 0.14864864864864866
0 0.3844984802431611 0.4135135135135135 0.08358662613981763 0.14594594594594595
0 0.23556231003039513 0.8351351351351352 0.044072948328267476 0.06756756756756757
0 0.33586626139817627 0.8175675675675675 0.06990881458966565 0.14054054054054055
0 0.3898176291793313 0.918918918918919 0.057750759878419454 0.10270270270270271
1 0.797112462006079 0.17297297297297298 0.060790273556231005 0.05945945945945946
1 0.4551671732522796 0.12972972972972974 0.0668693009118541 0.10270270270270271
1 0.2591185410334346 0.5324324324324324 0.0668693009118541 0.12162162162162163
1 0.5577507598784195 0.8486486486486486 0.07446808510638298 0.13243243243243244
1 0.5083586626139818 0.7432432432432432 0.06838905775075987 0.12432432432432433
1 0.5995440729483282 0.9540540540540541 0.07750759878419453 0.0918918918918919