0 0.4738095238095238 0.48314606741573035 0.07777777777777778 0.13764044943820225
0 0.44761904761904764 0.601123595505618 0.06984126984126984 0.12921348314606743
0 0.4119047619047619 0.09831460674157304 0.08412698412698413 0.15730337078651685
0 0.6888888888888889 0.08848314606741572 0.046031746031746035 0.10393258426966293
0 0.8484126984126984 0.723314606741573 0.05396825396825397 0.09550561797752809
1 0.2833333333333333 0.26685393258426965 0.07777777777777778 0.14325842696629212
1 0.6571428571428571 0.22191011235955055 0.09682539682539683 0.17696629213483145
1 0.7690476190476191 0.43679775280898875 0.07142857142857142 0.14325842696629212
1 0.7952380952380952 0.7443820224719101 0.08253968253968254 0.1404494382022472
1 0.5547619047619048 0.8890449438202247 0.07777777777777778 0.1404494382022472
1 0.5880952380952381 0.7823033707865169 0.0761904761904762 0.13764044943820225