0 0.5382513661202186 0.3333333333333333 0.056010928961748634 0.10386473429951691
0 0.3866120218579235 0.501207729468599 0.07240437158469945 0.10869565217391304
0 0.20491803278688525 0.5181159420289855 0.05327868852459016 0.0821256038647343
0 0.23975409836065573 0.8743961352657005 0.06967213114754098 0.09903381642512077
0 0.3620218579234973 0.9420289855072463 0.06557377049180328 0.11594202898550725
0 0.4098360655737705 0.927536231884058 0.07513661202185792 0.13526570048309178
0 0.7650273224043715 0.7644927536231884 0.07923497267759563 0.11835748792270531
1 0.9603825136612022 0.6207729468599034 0.06557377049180328 0.11835748792270531
1 0.3790983606557377 0.42391304347826086 0.06420765027322405 0.08695652173913043
1 0.21106557377049182 0.6690821256038647 0.06693989071038252 0.10869565217391304
1 0.21106557377049182 0.7137681159420289 0.07240437158469945 0.09420289855072464
1 0.22814207650273224 0.9541062801932367 0.07377049180327869 0.09178743961352658
1 0.6174863387978142 0.8417874396135265 0.06967213114754098 0.12560386473429952
1 0.31830601092896177 0.4782608695652174 0.06420765027322405 0.11352657004830918