0 0.2593856655290102 0.4318181818181818 0.07679180887372014 0.13333333333333333
0 0.4786689419795222 0.2515151515151515 0.07679180887372014 0.1303030303030303
0 0.8950511945392492 0.5378787878787878 0.07508532423208192 0.13333333333333333
0 0.5776450511945392 0.8257575757575758 0.07679180887372014 0.13333333333333333
0 0.4616040955631399 0.5333333333333333 0.09215017064846416 0.15757575757575756
0 0.25341296928327645 0.7287878787878788 0.05802047781569966 0.10303030303030303
0 0.15017064846416384 0.8818181818181818 0.06655290102389079 0.11212121212121212
1 0.40017064846416384 0.9696969696969697 0.08703071672354949 0.06060606060606061
1 0.30119453924914674 0.9575757575757575 0.08703071672354949 0.08484848484848485
1 0.37457337883959047 0.9045454545454545 0.08703071672354949 0.1393939393939394
1 0.2508532423208191 0.646969696969697 0.07337883959044368 0.12424242424242424
1 0.13395904436860068 0.6121212121212121 0.06655290102389079 0.11515151515151516
1 0.33361774744027306 0.38333333333333336 0.07167235494880546 0.13333333333333333
1 0.6945392491467577 0.740909090909091 0.09044368600682594 0.16363636363636364