0 0.3612204724409449 0.7302158273381295 0.07480314960629922 0.1618705035971223
0 0.5246062992125984 0.9802158273381295 0.08070866141732283 0.039568345323741004
0 0.6122047244094488 0.9802158273381295 0.08267716535433071 0.039568345323741004
0 0.4015748031496063 0.05755395683453238 0.08661417322834646 0.11510791366906475
0 0.35236220472440943 0.02697841726618705 0.07086614173228346 0.0539568345323741
0 0.3720472440944882 0.09172661870503597 0.09448818897637795 0.16906474820143885
0 0.780511811023622 0.2158273381294964 0.07874015748031496 0.11151079136690648
1 0.7066929133858267 0.6007194244604317 0.0984251968503937 0.16546762589928057
1 0.6190944881889764 0.6816546762589928 0.09645669291338582 0.16906474820143885
1 0.17716535433070865 0.6348920863309353 0.047244094488188976 0.1366906474820144
1 0.2706692913385827 0.3830935251798561 0.08267716535433071 0.15467625899280577