0 0.8023255813953488 0.5734536082474226 0.0625 0.10309278350515463
0 0.7347383720930233 0.8208762886597938 0.06540697674418605 0.12886597938144329
0 0.44113372093023256 0.22422680412371135 0.07122093023255814 0.12886597938144329
0 0.43531976744186046 0.6030927835051546 0.09011627906976744 0.16494845360824742
0 0.26453488372093026 0.6817010309278351 0.09593023255813954 0.14690721649484537
0 0.10174418604651163 0.5360824742268041 0.09447674418604651 0.16752577319587628
0 0.04796511627906977 0.44587628865979384 0.09593023255813954 0.14948453608247422
1 0.4694767441860465 0.8814432989690721 0.07267441860465117 0.12886597938144329
1 0.5559593023255814 0.8324742268041238 0.0872093023255814 0.16237113402061856
1 0.5850290697674418 0.4175257731958763 0.08139534883720931 0.15206185567010308
1 0.45203488372093026 0.05283505154639175 0.06686046511627906 0.1056701030927835
1 0.1300872093023256 0.1172680412371134 0.09011627906976744 0.14948453608247422
1 0.3546511627906977 0.5786082474226805 0.07994186046511628 0.13659793814432988
1 0.6409883720930233 0.538659793814433 0.08575581395348837 0.13402061855670103
1 0.690406976744186 0.4806701030927835 0.07412790697674419 0.13402061855670103