0 0.42592592592592593 0.08223684210526316 0.07407407407407407 0.125
0 0.018518518518518517 0.24835526315789475 0.037037037037037035 0.09539473684210527
0 0.020370370370370372 0.34539473684210525 0.040740740740740744 0.13157894736842105
0 0.4305555555555556 0.9276315789473685 0.09814814814814815 0.14473684210526316
0 0.6333333333333333 0.34210526315789475 0.08333333333333333 0.13815789473684212
0 0.9879629629629629 0.5740131578947368 0.024074074074074074 0.10855263157894737
1 0.9740740740740741 0.7384868421052632 0.05185185185185185 0.10855263157894737
1 0.7814814814814814 0.26973684210526316 0.07037037037037037 0.11842105263157894
1 0.5527777777777778 0.6299342105263158 0.09814814814814815 0.15460526315789475
1 0.23333333333333334 0.6710526315789473 0.09074074074074075 0.15789473684210525
1 0.2064814814814815 0.3930921052631579 0.08703703703703704 0.15460526315789475
1 0.17962962962962964 0.18421052631578946 0.08888888888888889 0.15460526315789475
1 0.09537037037037037 0.0805921052631579 0.07037037037037037 0.11513157894736842