0 0.6495176848874598 0.4585714285714286 0.06752411575562701 0.13428571428571429
0 0.4790996784565916 0.3442857142857143 0.07234726688102894 0.12571428571428572
0 0.45739549839228294 0.4942857142857143 0.0707395498392283 0.13142857142857142
0 0.40514469453376206 0.11285714285714285 0.0594855305466238 0.11714285714285715
0 0.36977491961414793 0.09857142857142857 0.04983922829581994 0.10285714285714286
1 0.34887459807073956 0.36857142857142855 0.05305466237942122 0.10857142857142857
1 0.3360128617363344 0.4828571428571429 0.05787781350482315 0.10571428571428572
1 0.6752411575562701 0.7342857142857143 0.06913183279742766 0.12
1 0.6390675241157556 0.12285714285714286 0.06430868167202572 0.13142857142857142
1 0.5305466237942122 0.04428571428571428 0.05466237942122187 0.08857142857142856
1 0.7090032154340836 0.14285714285714285 0.0707395498392283 0.14285714285714285