0 0.9441666666666667 0.2926829268292683 0.055 0.09451219512195122
0 0.9533333333333334 0.3277439024390244 0.055 0.07621951219512195
0 0.615 0.5121951219512195 0.06833333333333333 0.09451219512195122
0 0.655 0.573170731707317 0.056666666666666664 0.08231707317073171
0 0.5416666666666666 0.36890243902439024 0.07 0.10060975609756098
0 0.9908333333333333 0.7164634146341463 0.018333333333333333 0.07317073170731707
1 0.74 0.2804878048780488 0.045 0.0975609756097561
1 0.7766666666666666 0.25609756097560976 0.05333333333333334 0.10365853658536585
1 0.8183333333333334 0.3902439024390244 0.05 0.10060975609756098
1 0.9491666666666667 0.5807926829268293 0.05333333333333334 0.10975609756097561
1 0.99 0.6158536585365854 0.02 0.08536585365853659
1 0.8525 0.9222560975609756 0.05333333333333334 0.07317073170731707
1 0.7575 0.885670731707317 0.06166666666666667 0.07926829268292683
1 0.6991666666666667 0.875 0.06166666666666667 0.10365853658536585