0 0.9364820846905537 0.7124277456647399 0.05211726384364821 0.08959537572254335
0 0.8143322475570033 0.7644508670520231 0.05374592833876222 0.0838150289017341
0 0.760586319218241 0.8121387283236994 0.06351791530944625 0.11849710982658959
0 0.6758957654723127 0.3106936416184971 0.06026058631921824 0.11560693641618497
0 0.7035830618892508 0.19219653179190752 0.04560260586319218 0.07225433526011561
0 0.6490228013029316 0.22109826589595374 0.06026058631921824 0.11849710982658959
0 0.06596091205211727 0.21965317919075145 0.05374592833876222 0.10982658959537572
1 0.8770358306188925 0.43352601156069365 0.05863192182410423 0.06647398843930635
1 0.8306188925081434 0.4884393063583815 0.07003257328990228 0.09826589595375723
1 0.8558631921824105 0.34104046242774566 0.050488599348534204 0.0838150289017341
1 0.8501628664495114 0.2138728323699422 0.04560260586319218 0.08670520231213873
1 0.494299674267101 0.24277456647398843 0.06351791530944625 0.10115606936416185
1 0.24348534201954397 0.1676300578034682 0.04560260586319218 0.10115606936416185
1 0.5472312703583062 0.8439306358381503 0.06351791530944625 0.12138728323699421