0 0.5900900900900901 0.8098404255319149 0.07357357357357357 0.15691489361702127
0 0.4174174174174174 0.5651595744680851 0.06906906906906907 0.11436170212765957
0 0.36261261261261263 0.29654255319148937 0.06756756756756757 0.1276595744680851
0 0.3843843843843844 0.2074468085106383 0.057057057057057055 0.10904255319148937
0 0.46996996996997 0.19148936170212766 0.08708708708708708 0.14361702127659576
0 0.6051051051051051 0.15824468085106383 0.07507507507507508 0.14361702127659576
0 0.7417417417417418 0.3949468085106383 0.08108108108108109 0.14361702127659576
1 0.2897897897897898 0.3523936170212766 0.05555555555555555 0.10904255319148937
1 0.4624624624624625 0.5252659574468085 0.06156156156156156 0.09574468085106383
1 0.5202702702702703 0.8843085106382979 0.06306306306306306 0.11702127659574468
1 0.7522522522522522 0.5585106382978723 0.06306306306306306 0.14361702127659576
1 0.6261261261261262 0.46941489361702127 0.06156156156156156 0.11436170212765957