0 0.06709558823529412 0.511744966442953 0.08272058823529412 0.14429530201342283
0 0.0744485294117647 0.8036912751677853 0.08272058823529412 0.1342281879194631
0 0.2509191176470588 0.45805369127516776 0.08272058823529412 0.13087248322147652
0 0.4742647058823529 0.21644295302013422 0.06985294117647059 0.12416107382550336
0 0.5211397058823529 0.35067114093959734 0.08455882352941177 0.15436241610738255
0 0.4365808823529412 0.825503355704698 0.0900735294117647 0.15100671140939598
0 0.5275735294117647 0.964765100671141 0.06985294117647059 0.07046979865771812
0 0.6856617647058824 0.9060402684563759 0.06985294117647059 0.07046979865771812
1 0.22886029411764705 0.348993288590604 0.07720588235294118 0.12416107382550336
1 0.30422794117647056 0.32550335570469796 0.08455882352941177 0.14429530201342283
1 0.640625 0.08892617449664429 0.07904411764705882 0.15100671140939598
1 0.9172794117647058 0.790268456375839 0.07720588235294118 0.07718120805369127
1 0.234375 0.9546979865771812 0.08272058823529412 0.09060402684563758
1 0.19852941176470587 0.8171140939597316 0.08272058823529412 0.13758389261744966