0 0.7670454545454546 0.2065972222222222 0.10606060606060606 0.1701388888888889
0 0.90625 0.8975694444444444 0.0928030303030303 0.14583333333333334
0 0.6893939393939394 0.75 0.08522727272727272 0.16319444444444445
0 0.2556818181818182 0.7152777777777778 0.09659090909090909 0.16666666666666666
0 0.14015151515151514 0.6961805555555556 0.07954545454545454 0.125
1 0.16856060606060605 0.4288194444444444 0.09848484848484848 0.1423611111111111
1 0.33049242424242425 0.22395833333333334 0.10606060606060606 0.14583333333333334
1 0.9924242424242424 0.4027777777777778 0.015151515151515152 0.13194444444444445
1 0.9214015151515151 0.6423611111111112 0.11174242424242424 0.18055555555555555
1 0.48390151515151514 0.6805555555555556 0.09848484848484848 0.1597222222222222
1 0.4289772727272727 0.7083333333333334 0.0946969696969697 0.16666666666666666