0 0.6875 0.13650306748466257 0.078125 0.12576687116564417
0 0.3923611111111111 0.4493865030674847 0.09375 0.15644171779141106
0 0.6996527777777778 0.5168711656441718 0.09027777777777778 0.147239263803681
0 0.3446180555555556 0.5996932515337423 0.1111111111111111 0.19325153374233128
0 0.1875 0.25766871165644173 0.057291666666666664 0.10429447852760736
0 0.23697916666666666 0.4570552147239264 0.0954861111111111 0.15030674846625766
1 0.8038194444444444 0.3619631901840491 0.1111111111111111 0.1441717791411043
1 0.453125 0.6702453987730062 0.0920138888888889 0.17177914110429449
1 0.5494791666666666 0.1196319018404908 0.0954861111111111 0.15950920245398773
1 0.3715277777777778 0.24233128834355827 0.07291666666666667 0.12883435582822086
1 0.08680555555555555 0.504601226993865 0.08159722222222222 0.15337423312883436
1 0.09895833333333333 0.9524539877300614 0.06944444444444445 0.0950920245398773