0 0.40625 0.45 0.0640625 0.13055555555555556
0 0.52421875 0.46111111111111114 0.0578125 0.125
0 0.5171875 0.03611111111111111 0.059375 0.07222222222222222
0 0.65234375 0.1486111111111111 0.071875 0.125
0 0.734375 0.2152777777777778 0.059375 0.15555555555555556
1 0.54296875 0.125 0.06875 0.10555555555555556
1 0.721875 0.6597222222222222 0.0640625 0.12777777777777777
1 0.771875 0.6277777777777778 0.059375 0.1
1 0.478125 0.8638888888888889 0.06875 0.10833333333333334
1 0.4328125 0.7402777777777778 0.0390625 0.08333333333333333
1 0.70625 0.17222222222222222 0.05625 0.125