0 0.1875 0.2822164948453608 0.061046511627906974 0.09020618556701031
0 0.2369186046511628 0.34536082474226804 0.07122093023255814 0.1211340206185567
0 0.4331395348837209 0.6378865979381443 0.08284883720930232 0.09020618556701031
0 0.19694767441860464 0.6275773195876289 0.07412790697674419 0.09020618556701031
0 0.53125 0.7087628865979382 0.07267441860465117 0.11855670103092783
0 0.6053779069767442 0.8801546391752577 0.08284883720930232 0.12628865979381443
0 0.42078488372093026 0.27190721649484534 0.055232558139534885 0.0979381443298969
0 0.8626453488372093 0.3402061855670103 0.07267441860465117 0.0979381443298969
1 0.06540697674418605 0.5154639175257731 0.07122093023255814 0.10051546391752578
1 0.313953488372093 0.39948453608247425 0.055232558139534885 0.0979381443298969
1 0.3059593023255814 0.297680412371134 0.059593023255813955 0.09278350515463918
1 0.565406976744186 0.35309278350515466 0.061046511627906974 0.1056701030927835
1 0.8372093023255814 0.11984536082474227 0.06831395348837209 0.07989690721649484
1 0.3793604651162791 0.8582474226804123 0.07122093023255814 0.10051546391752578
1 0.32848837209302323 0.779639175257732 0.056686046511627904 0.0979381443298969
1 0.3815406976744186 0.39948453608247425 0.07122093023255814 0.0979381443298969