0 0.7765567765567766 0.6574675324675324 0.07326007326007326 0.12012987012987013
0 0.3516483516483517 0.2077922077922078 0.09340659340659341 0.16233766233766234
0 0.22435897435897437 0.461038961038961 0.11721611721611722 0.18181818181818182
0 0.5714285714285714 0.939935064935065 0.10622710622710622 0.12012987012987013
0 0.521978021978022 0.6996753246753247 0.10622710622710622 0.17207792207792208
0 0.7417582417582418 0.7516233766233766 0.09157509157509157 0.14935064935064934
1 0.6135531135531136 0.48863636363636365 0.08241758241758242 0.1396103896103896
1 0.5293040293040293 0.44155844155844154 0.08241758241758242 0.1331168831168831
1 0.04120879120879121 0.45616883116883117 0.08241758241758242 0.18506493506493507
1 0.49175824175824173 0.9204545454545454 0.08608058608058608 0.14935064935064934
1 0.5485347985347986 0.8376623376623377 0.08241758241758242 0.1396103896103896
1 0.7252747252747253 0.875 0.08424908424908426 0.1525974025974026
1 0.5659340659340659 0.5909090909090909 0.09157509157509157 0.15584415584415584