0 0.7698412698412699 0.21769662921348315 0.03968253968253968 0.056179775280898875
0 0.7238095238095238 0.1699438202247191 0.046031746031746035 0.06460674157303371
0 0.5817460317460318 0.3890449438202247 0.07777777777777778 0.14325842696629212
0 0.5682539682539682 0.8764044943820225 0.07301587301587302 0.12921348314606743
1 0.6476190476190476 0.5589887640449438 0.06984126984126984 0.12640449438202248
1 0.6984126984126984 0.45224719101123595 0.05714285714285714 0.10393258426966293
1 0.6420634920634921 0.41853932584269665 0.06984126984126984 0.12921348314606743
1 0.557936507936508 0.24719101123595505 0.07142857142857142 0.1348314606741573
1 0.48095238095238096 0.21629213483146068 0.0746031746031746 0.13764044943820225
1 0.41904761904761906 0.11235955056179775 0.07301587301587302 0.13764044943820225
1 0.2761904761904762 0.5870786516853933 0.08888888888888889 0.1544943820224719
1 0.30952380952380953 0.8497191011235955 0.06666666666666667 0.10112359550561797