0 0.7714521452145214 0.48391812865497075 0.04785478547854786 0.13157894736842105
0 0.7871287128712872 0.6038011695906432 0.056105610561056105 0.1695906432748538
0 0.533003300330033 0.5058479532163743 0.0627062706270627 0.1286549707602339
0 0.36221122112211224 0.25 0.0627062706270627 0.11695906432748537
0 0.7277227722772277 0.8961988304093568 0.0429042904290429 0.049707602339181284
1 0.5734323432343235 0.902046783625731 0.0594059405940594 0.1286549707602339
1 0.6229372937293729 0.6228070175438597 0.08085808580858085 0.15204678362573099
1 0.8118811881188119 0.8318713450292398 0.0594059405940594 0.10526315789473684
1 0.7021452145214522 0.07748538011695906 0.07425742574257425 0.15497076023391812
1 0.44884488448844884 0.12573099415204678 0.08415841584158416 0.14619883040935672
1 0.4405940594059406 0.5833333333333334 0.066006600660066 0.12573099415204678