0 0.37388724035608306 0.3671052631578947 0.08160237388724036 0.14210526315789473
0 0.5830860534124629 0.9315789473684211 0.06083086053412463 0.10526315789473684
0 0.6446587537091988 0.8960526315789473 0.04896142433234421 0.08421052631578947
0 0.7351632047477745 0.7776315789473685 0.06676557863501484 0.12631578947368421
0 0.8367952522255193 0.7407894736842106 0.050445103857566766 0.06578947368421052
1 0.4903560830860534 0.7092105263157895 0.05934718100890208 0.12105263157894737
1 0.4732937685459941 0.6171052631578947 0.06824925816023739 0.11315789473684211
1 0.5793768545994066 0.6421052631578947 0.06973293768545995 0.12631578947368421
1 0.7937685459940653 0.775 0.03857566765578635 0.05789473684210526
1 0.7752225519287834 0.4644736842105263 0.0712166172106825 0.12368421052631579
1 0.6973293768545994 0.24736842105263157 0.07418397626112759 0.11578947368421053
1 0.6053412462908012 0.22105263157894736 0.08605341246290801 0.15526315789473685