0 0.89171974522293 0.6564327485380117 0.07643312101910828 0.13157894736842105
0 0.589171974522293 0.7529239766081871 0.0875796178343949 0.14619883040935672
0 0.3630573248407643 0.29678362573099415 0.06687898089171974 0.11695906432748537
0 0.3049363057324841 0.31871345029239767 0.0732484076433121 0.1286549707602339
0 0.40764331210191085 0.3932748538011696 0.07484076433121019 0.12280701754385964
0 0.553343949044586 0.9166666666666666 0.07802547770700637 0.13157894736842105
0 0.1536624203821656 0.9064327485380117 0.0732484076433121 0.1286549707602339
0 0.07085987261146497 0.8757309941520468 0.06369426751592357 0.11403508771929824
0 0.058121019108280256 0.7807017543859649 0.06528662420382166 0.10818713450292397
1 0.050955414012738856 0.5190058479532164 0.06050955414012739 0.09941520467836257
1 0.15605095541401273 0.4868421052631579 0.06210191082802548 0.11403508771929824
1 0.2372611464968153 0.5394736842105263 0.07961783439490445 0.14912280701754385
1 0.5246815286624203 0.20321637426900585 0.06847133757961783 0.12573099415204678
1 0.697452229299363 0.7485380116959064 0.0589171974522293 0.1023391812865497
1 0.8097133757961783 0.3742690058479532 0.07484076433121019 0.1286549707602339
1 0.30971337579617836 0.9590643274853801 0.07165605095541401 0.08187134502923976