0 0.3708206686930091 0.35 0.0547112462006079 0.08055555555555556
0 0.371580547112462 0.41944444444444445 0.0486322188449848 0.09444444444444444
0 0.5425531914893617 0.5069444444444444 0.05927051671732523 0.08611111111111111
0 0.5645896656534954 0.12083333333333333 0.0486322188449848 0.11388888888888889
0 0.6618541033434651 0.39444444444444443 0.0486322188449848 0.10833333333333334
0 0.7256838905775076 0.4263888888888889 0.05623100303951368 0.09444444444444444
1 0.6876899696048632 0.06944444444444445 0.05167173252279635 0.1
1 0.6231003039513677 0.06666666666666667 0.0547112462006079 0.09444444444444444
1 0.6041033434650456 0.46944444444444444 0.05015197568389058 0.11666666666666667
1 0.5121580547112462 0.1875 0.05623100303951368 0.11666666666666667
1 0.34574468085106386 0.05555555555555555 0.0547112462006079 0.075
1 0.4072948328267477 0.6888888888888889 0.057750759878419454 0.1111111111111111