0 0.02153558052434457 0.4583333333333333 0.04307116104868914 0.10333333333333333
0 0.011235955056179775 0.55 0.02247191011235955 0.11333333333333333
0 0.6170411985018727 0.9583333333333334 0.08052434456928839 0.08333333333333333
0 0.33801498127340823 0.15333333333333332 0.08239700374531835 0.13
0 0.3333333333333333 0.065 0.0749063670411985 0.12666666666666668
0 0.44756554307116103 0.125 0.08614232209737828 0.14666666666666667
0 0.8754681647940075 0.19666666666666666 0.0599250936329588 0.09
1 0.10580524344569288 0.16166666666666665 0.09550561797752809 0.14
1 0.16385767790262173 0.03166666666666667 0.06554307116104868 0.06333333333333334
1 0.5 0.31833333333333336 0.07116104868913857 0.14
1 0.6357677902621723 0.24666666666666667 0.06741573033707865 0.15333333333333332
1 0.7471910112359551 0.13833333333333334 0.06367041198501873 0.09666666666666666
1 0.3913857677902622 0.83 0.07865168539325842 0.15333333333333332
1 0.2303370786516854 0.255 0.08239700374531835 0.14
1 0.17883895131086142 0.6883333333333334 0.10486891385767791 0.16333333333333333