0 0.7572886297376094 0.7832446808510638 0.04956268221574344 0.06914893617021277
0 0.5816326530612245 0.5332446808510638 0.08454810495626822 0.1595744680851064
0 0.49854227405247814 0.4308510638297872 0.08600583090379009 0.1675531914893617
0 0.4139941690962099 0.5372340425531915 0.07725947521865889 0.14627659574468085
0 0.27113702623906705 0.39361702127659576 0.0728862973760933 0.13829787234042554
0 0.21064139941690962 0.4454787234042553 0.06705539358600583 0.1276595744680851
0 0.35787172011661805 0.6821808510638298 0.06268221574344024 0.12234042553191489
1 0.20772594752186588 0.28058510638297873 0.0641399416909621 0.11170212765957446
1 0.36588921282798836 0.40691489361702127 0.06705539358600583 0.12234042553191489
1 0.4037900874635568 0.29388297872340424 0.0597667638483965 0.11170212765957446
1 0.30029154518950435 0.7087765957446809 0.06705539358600583 0.1276595744680851
1 0.3119533527696793 0.44680851063829785 0.06559766763848396 0.12234042553191489
1 0.47959183673469385 0.7287234042553191 0.06705539358600583 0.13297872340425532
1 0.6180758017492711 0.39228723404255317 0.05830903790087463 0.11702127659574468