0 0.8425414364640884 0.46078431372549017 0.07734806629834254 0.14215686274509803
0 0.48342541436464087 0.4534313725490196 0.07458563535911603 0.1323529411764706
0 0.30732044198895025 0.9215686274509803 0.0718232044198895 0.13970588235294118
0 0.27900552486187846 0.9497549019607843 0.06077348066298342 0.10049019607843138
0 0.12292817679558012 0.7696078431372549 0.06767955801104972 0.14705882352941177
0 0.17265193370165746 0.6715686274509803 0.0718232044198895 0.13725490196078433
0 0.16781767955801105 0.616421568627451 0.05110497237569061 0.11274509803921569
0 0.19475138121546962 0.508578431372549 0.05110497237569061 0.10294117647058823
0 0.12292817679558012 0.4693627450980392 0.06629834254143646 0.11029411764705882
1 0.6374309392265194 0.41299019607843135 0.06353591160220995 0.12745098039215685
1 0.3680939226519337 0.27328431372549017 0.05110497237569061 0.0857843137254902
1 0.35842541436464087 0.40931372549019607 0.04834254143646409 0.09803921568627451
1 0.38328729281767954 0.5563725490196079 0.055248618784530384 0.10049019607843138
1 0.38812154696132595 0.7671568627450981 0.055248618784530384 0.11029411764705882
1 0.2886740331491713 0.8676470588235294 0.05939226519337017 0.09558823529411764
1 0.5345303867403315 0.9264705882352942 0.06353591160220995 0.11274509803921569
1 0.10082872928176796 0.9656862745098039 0.058011049723756904 0.06862745098039216
1 0.13674033149171272 0.31004901960784315 0.05662983425414365 0.09313725490196079