0 0.5059121621621622 0.038580246913580245 0.06925675675675676 0.07716049382716049
0 0.3842905405405405 0.2716049382716049 0.06925675675675676 0.12962962962962962
0 0.49577702702702703 0.3148148148148148 0.07939189189189189 0.1419753086419753
0 0.7288851351351351 0.6604938271604939 0.07601351351351351 0.14506172839506173
0 0.6849662162162162 0.9490740740740741 0.05912162162162162 0.10185185185185185
0 0.7449324324324325 0.6080246913580247 0.057432432432432436 0.1111111111111111
1 0.4391891891891892 0.013888888888888888 0.060810810810810814 0.027777777777777776
1 0.34121621621621623 0.48302469135802467 0.06756756756756757 0.09567901234567901
1 0.1875 0.7114197530864198 0.033783783783783786 0.1111111111111111
1 0.6672297297297297 0.9320987654320988 0.06587837837837837 0.12345679012345678
1 0.8048986486486487 0.22685185185185186 0.07094594594594594 0.14814814814814814