0 0.2363138686131387 0.30666666666666664 0.08211678832116788 0.16
0 0.40602189781021897 0.27666666666666667 0.09124087591240876 0.17
0 0.6414233576642335 0.10666666666666667 0.07664233576642336 0.14666666666666667
0 0.6240875912408759 0.17833333333333334 0.09124087591240876 0.17
0 0.572992700729927 0.21833333333333332 0.08941605839416059 0.17
0 0.583029197080292 0.6883333333333334 0.08941605839416059 0.14666666666666667
0 0.5182481751824818 0.9666666666666667 0.08394160583941605 0.06666666666666667
1 0.5273722627737226 0.32 0.08759124087591241 0.15666666666666668
1 0.7198905109489051 0.515 0.08394160583941605 0.15333333333333332
1 0.2755474452554745 0.165 0.060218978102189784 0.08333333333333333
1 0.2864963503649635 0.5916666666666667 0.08029197080291971 0.17
1 0.3759124087591241 0.775 0.08576642335766424 0.16666666666666666