0 0.5977611940298507 0.8981481481481481 0.06417910447761194 0.11904761904761904
0 0.4671641791044776 0.33465608465608465 0.07164179104477612 0.12169312169312169
0 0.3694029850746269 0.15079365079365079 0.05970149253731343 0.12698412698412698
0 0.6111940298507462 0.022486772486772486 0.07313432835820896 0.04497354497354497
0 0.7156716417910448 0.376984126984127 0.06567164179104477 0.1349206349206349
0 0.5798507462686567 0.7275132275132276 0.056716417910447764 0.11904761904761904
1 0.48059701492537316 0.708994708994709 0.05970149253731343 0.1111111111111111
1 0.24253731343283583 0.2526455026455027 0.04626865671641791 0.10317460317460317
1 0.5485074626865671 0.6640211640211641 0.05970149253731343 0.09788359788359788
1 0.5828358208955224 0.548941798941799 0.05373134328358209 0.12698412698412698
1 0.7470149253731343 0.5767195767195767 0.07611940298507462 0.17195767195767195
1 0.7888059701492537 0.6018518518518519 0.07014925373134329 0.1455026455026455
1 0.7261194029850746 0.2923280423280423 0.07164179104477612 0.10317460317460317