0 0.03065134099616858 0.44727891156462585 0.06130268199233716 0.1054421768707483
0 0.04885057471264368 0.34183673469387754 0.07279693486590039 0.11564625850340136
0 0.3227969348659004 0.6615646258503401 0.0842911877394636 0.14625850340136054
0 0.6733716475095786 0.9217687074829932 0.08045977011494253 0.1564625850340136
0 0.6283524904214559 0.28061224489795916 0.07471264367816093 0.1598639455782313
0 0.43103448275862066 0.05952380952380952 0.08045977011494253 0.11904761904761904
0 0.39846743295019155 0.017006802721088437 0.07279693486590039 0.034013605442176874
0 0.342911877394636 0.5068027210884354 0.07662835249042145 0.12585034013605442
1 0.1685823754789272 0.06802721088435375 0.08812260536398467 0.1360544217687075
1 0.5680076628352491 0.2568027210884354 0.08812260536398467 0.16326530612244897
1 0.7720306513409961 0.2227891156462585 0.07279693486590039 0.1360544217687075
1 0.4434865900383142 0.7755102040816326 0.09195402298850575 0.1564625850340136
1 0.14846743295019157 0.37244897959183676 0.08045977011494253 0.1292517006802721
1 0.19827586206896552 0.6258503401360545 0.08045977011494253 0.11904761904761904
1 0.2998084291187739 0.1683673469387755 0.09003831417624521 0.14625850340136054