0 0.7018900343642611 0.9371069182389937 0.06529209621993128 0.09119496855345911
0 0.5429553264604811 0.38836477987421386 0.061855670103092786 0.11006289308176101
0 0.2663230240549828 0.449685534591195 0.06529209621993128 0.11949685534591195
0 0.25687285223367695 0.9827044025157232 0.0859106529209622 0.0220125786163522
0 0.07302405498281787 0.6619496855345912 0.04639175257731959 0.07547169811320754
0 0.041237113402061855 0.5880503144654088 0.061855670103092786 0.1069182389937107
0 0.18041237113402062 0.29874213836477986 0.07388316151202749 0.1069182389937107
0 0.23367697594501718 0.0330188679245283 0.05154639175257732 0.0660377358490566
0 0.4845360824742268 0.0880503144654088 0.05326460481099656 0.08490566037735849
1 0.8127147766323024 0.5345911949685535 0.06357388316151202 0.11635220125786164
1 0.48109965635738833 0.9811320754716981 0.054982817869415807 0.03773584905660377
1 0.44329896907216493 0.860062893081761 0.05670103092783505 0.11006289308176101
1 0.44329896907216493 0.7138364779874213 0.04982817869415808 0.09748427672955975
1 0.3075601374570447 0.7830188679245284 0.05154639175257732 0.10377358490566038
1 0.1640893470790378 0.8867924528301887 0.06357388316151202 0.08176100628930817
1 0.11254295532646048 0.6022012578616353 0.06872852233676977 0.08176100628930817
1 0.28264604810996563 0.0440251572327044 0.05326460481099656 0.0880503144654088
1 0.08505154639175258 0.22169811320754718 0.05670103092783505 0.13836477987421383