0 0.48903508771929827 0.3386243386243386 0.05555555555555555 0.10846560846560846
0 0.4758771929824561 0.4537037037037037 0.054093567251461985 0.11375661375661375
0 0.4159356725146199 0.7433862433862434 0.06286549707602339 0.0873015873015873
0 0.2565789473684211 0.5873015873015873 0.04239766081871345 0.10582010582010581
0 0.2631578947368421 0.23809523809523808 0.04239766081871345 0.10582010582010581
0 0.31871345029239767 0.20502645502645503 0.05116959064327485 0.1111111111111111
1 0.2682748538011696 0.7420634920634921 0.04824561403508772 0.12169312169312169
1 0.3969298245614035 0.6322751322751323 0.04678362573099415 0.12433862433862433
1 0.32090643274853803 0.5171957671957672 0.038011695906432746 0.11375661375661375
1 0.3333333333333333 0.3134920634920635 0.033625730994152045 0.11904761904761904
1 0.2887426900584795 0.48677248677248675 0.05263157894736842 0.10052910052910052
1 0.2412280701754386 0.5 0.03654970760233918 0.08465608465608465
1 0.5738304093567251 0.09656084656084656 0.054093567251461985 0.07936507936507936
1 0.5219298245614035 0.07671957671957672 0.04532163742690058 0.09523809523809523
1 0.4641812865497076 0.14814814814814814 0.04824561403508772 0.08994708994708994