0 0.825 0.12367021276595745 0.06470588235294118 0.10638297872340426
0 0.8338235294117647 0.1848404255319149 0.060294117647058824 0.10106382978723404
0 0.8294117647058824 0.28324468085106386 0.061764705882352944 0.11436170212765957
0 0.9110294117647059 0.4228723404255319 0.06764705882352941 0.11436170212765957
0 0.5882352941176471 0.4734042553191489 0.0661764705882353 0.1196808510638298
0 0.5433823529411764 0.45478723404255317 0.08088235294117647 0.13297872340425532
0 0.5551470588235294 0.5412234042553191 0.07647058823529412 0.12234042553191489
0 0.47794117647058826 0.7220744680851063 0.08088235294117647 0.15159574468085107
0 0.7404411764705883 0.6781914893617021 0.07205882352941176 0.12234042553191489
0 0.7397058823529412 0.776595744680851 0.07647058823529412 0.1196808510638298
1 0.6808823529411765 0.20877659574468085 0.06764705882352941 0.125
1 0.7154411764705882 0.2859042553191489 0.061764705882352944 0.10904255319148937
1 0.7014705882352941 0.4095744680851064 0.08088235294117647 0.14893617021276595
1 0.8698529411764706 0.23404255319148937 0.052941176470588235 0.08776595744680851
1 0.6676470588235294 0.6888297872340425 0.07352941176470588 0.10372340425531915
1 0.36617647058823527 0.3390957446808511 0.061764705882352944 0.125
1 0.5713235294117647 0.8125 0.06911764705882353 0.10638297872340426
1 0.5264705882352941 0.9481382978723404 0.08235294117647059 0.10372340425531915
1 0.5948529411764706 0.9268617021276596 0.054411764705882354 0.10106382978723404
1 0.5963235294117647 0.8457446808510638 0.07205882352941176 0.11170212765957446