0 0.7937262357414449 0.13793103448275862 0.06463878326996197 0.0896551724137931
0 0.4610266159695818 0.18275862068965518 0.09315589353612168 0.15862068965517243
0 0.5313688212927756 0.32413793103448274 0.07984790874524715 0.15517241379310345
0 0.35456273764258556 0.3896551724137931 0.08365019011406843 0.15172413793103448
0 0.44011406844106465 0.4517241379310345 0.08555133079847908 0.1413793103448276
0 0.3897338403041825 0.9431034482758621 0.06844106463878327 0.07241379310344828
1 0.776615969581749 0.45 0.034220532319391636 0.1310344827586207
1 0.2661596958174905 0.2689655172413793 0.057034220532319393 0.15172413793103448
1 0.32129277566539927 0.2655172413793103 0.08935361216730038 0.15172413793103448
1 0.33269961977186313 0.7724137931034483 0.0817490494296578 0.1310344827586207
1 0.40399239543726234 0.8 0.0741444866920152 0.16206896551724137
1 0.31368821292775667 0.9120689655172414 0.06463878326996197 0.07241379310344828