0 0.9251543209876543 0.46787709497206703 0.06018518518518518 0.0893854748603352
0 0.9120370370370371 0.5502793296089385 0.05401234567901234 0.07541899441340782
0 0.8904320987654321 0.6270949720670391 0.06018518518518518 0.09776536312849161
0 0.8989197530864198 0.8519553072625698 0.05709876543209876 0.08659217877094973
0 0.5609567901234568 0.5921787709497207 0.06481481481481481 0.1005586592178771
0 0.5084876543209876 0.6215083798882681 0.06172839506172839 0.10335195530726257
0 0.46141975308641975 0.664804469273743 0.06018518518518518 0.11452513966480447
0 0.5347222222222222 0.9622905027932961 0.06172839506172839 0.07541899441340782
0 0.6851851851851852 0.9860335195530726 0.06790123456790123 0.027932960893854747
1 0.9398148148148148 0.6033519553072626 0.05555555555555555 0.08379888268156424
1 0.7677469135802469 0.4106145251396648 0.05092592592592592 0.10893854748603352
1 0.7669753086419753 0.5083798882681564 0.05092592592592592 0.09217877094972067
1 0.7314814814814815 0.6033519553072626 0.06635802469135803 0.11452513966480447
1 0.6257716049382716 0.8435754189944135 0.06635802469135803 0.09217877094972067
1 0.533179012345679 0.9078212290502793 0.06018518518518518 0.07541899441340782
1 0.4089506172839506 0.9315642458100558 0.0787037037037037 0.10614525139664804
1 0.5177469135802469 0.9902234636871509 0.06944444444444445 0.019553072625698324
1 0.6520061728395061 0.9162011173184358 0.06018518518518518 0.09497206703910614