0 0.17546583850931677 0.22331460674157302 0.07298136645962733 0.1151685393258427
0 0.3105590062111801 0.2696629213483146 0.07919254658385093 0.1348314606741573
0 0.2096273291925466 0.05898876404494382 0.062111801242236024 0.11797752808988764
0 0.5869565217391305 0.3497191011235955 0.08074534161490683 0.13764044943820225
0 0.5419254658385093 0.449438202247191 0.07142857142857142 0.13764044943820225
0 0.5690993788819876 0.6193820224719101 0.07608695652173914 0.13202247191011235
0 0.6444099378881988 0.5617977528089888 0.08229813664596274 0.15730337078651685
1 0.0986024844720497 0.38202247191011235 0.06832298136645963 0.10674157303370786
1 0.16614906832298137 0.1404494382022472 0.07298136645962733 0.13202247191011235
1 0.35093167701863354 0.18398876404494383 0.06366459627329192 0.12078651685393259
1 0.41847826086956524 0.2345505617977528 0.06521739130434782 0.12359550561797752
1 0.3781055900621118 0.3258426966292135 0.06677018633540373 0.11797752808988764
1 0.6459627329192547 0.32865168539325845 0.07142857142857142 0.12078651685393259
1 0.6622670807453416 0.21207865168539325 0.07298136645962733 0.13764044943820225
1 0.8245341614906833 0.598314606741573 0.08229813664596274 0.1404494382022472
1 0.44798136645962733 0.949438202247191 0.07608695652173914 0.10112359550561797