0 0.492320819112628 0.4212962962962963 0.05460750853242321 0.10493827160493827
0 0.6356655290102389 0.6651234567901234 0.05460750853242321 0.1111111111111111
0 0.4087030716723549 0.6311728395061729 0.05631399317406143 0.10493827160493827
0 0.447098976109215 0.5416666666666666 0.05802047781569966 0.12345679012345678
0 0.29948805460750855 0.17901234567901234 0.03583617747440273 0.11419753086419752
0 0.3267918088737201 0.11419753086419752 0.06313993174061433 0.1111111111111111
1 0.6220136518771331 0.09876543209876543 0.059726962457337884 0.09876543209876543
1 0.5588737201365188 0.10648148148148148 0.059726962457337884 0.11728395061728394
1 0.48464163822525597 0.11419753086419752 0.07167235494880546 0.1111111111111111
1 0.4325938566552901 0.6990740740740741 0.04948805460750853 0.12037037037037036
1 0.2440273037542662 0.7330246913580247 0.04778156996587031 0.11728395061728394
1 0.24146757679180889 0.4722222222222222 0.03754266211604096 0.1111111111111111
1 0.2832764505119454 0.4104938271604938 0.03924914675767918 0.10493827160493827
1 0.33447098976109213 0.30092592592592593 0.042662116040955635 0.11419753086419752