0 0.5097014925373134 0.6932432432432433 0.0791044776119403 0.14054054054054055
0 0.5485074626865671 0.5972972972972973 0.07313432835820896 0.14054054054054055
0 0.5843283582089552 0.46756756756756757 0.07164179104477612 0.12432432432432433
0 0.7402985074626866 0.6027027027027027 0.06417910447761194 0.11351351351351352
0 0.905223880597015 0.32432432432432434 0.06417910447761194 0.10540540540540541
0 0.823134328358209 0.20945945945945946 0.056716417910447764 0.10270270270270271
0 0.8186567164179105 0.12297297297297298 0.0626865671641791 0.11081081081081082
0 0.8029850746268656 0.05 0.05223880597014925 0.0918918918918919
0 0.7843283582089552 0.02702702702702703 0.058208955223880594 0.05405405405405406
1 0.6455223880597015 0.14054054054054055 0.058208955223880594 0.1
1 0.6634328358208955 0.21486486486486486 0.056716417910447764 0.0945945945945946
1 0.6753731343283582 0.2905405405405405 0.06417910447761194 0.11081081081081082
1 0.7119402985074627 0.377027027027027 0.06567164179104477 0.12702702702702703
1 0.6977611940298507 0.6378378378378379 0.06716417910447761 0.11621621621621622
1 0.6626865671641791 0.8581081081081081 0.06567164179104477 0.11621621621621622
1 0.6597014925373135 0.768918918918919 0.07014925373134329 0.11351351351351352
1 0.5574626865671641 0.9472972972972973 0.07313432835820896 0.10540540540540541