0 0.6732283464566929 0.44107142857142856 0.09645669291338582 0.17142857142857143
0 0.7844488188976378 0.14107142857142857 0.09448818897637795 0.18214285714285713
0 0.8503937007874016 0.3535714285714286 0.10236220472440945 0.17142857142857143
0 0.25688976377952755 0.8125 0.08858267716535433 0.16428571428571428
0 0.3799212598425197 0.9464285714285714 0.09055118110236221 0.10714285714285714
0 0.40551181102362205 0.7535714285714286 0.09645669291338582 0.175
0 0.327755905511811 0.6214285714285714 0.09251968503937008 0.16785714285714284
1 0.234251968503937 0.48035714285714287 0.10433070866141732 0.19642857142857142
1 0.25098425196850394 0.6125 0.10236220472440945 0.17857142857142858
1 0.29133858267716534 0.6928571428571428 0.11023622047244094 0.18214285714285713
1 0.5334645669291339 0.4375 0.10433070866141732 0.19642857142857142
1 0.5856299212598425 0.5410714285714285 0.10039370078740158 0.17857142857142858
1 0.6210629921259843 0.3464285714285714 0.09448818897637795 0.17857142857142858
1 0.8366141732283464 0.24107142857142858 0.09055118110236221 0.17142857142857143
1 0.9448818897637795 0.5214285714285715 0.08661417322834646 0.1357142857142857