0 0.12348484848484849 0.532967032967033 0.06666666666666667 0.07692307692307693
0 0.24696969696969698 0.4532967032967033 0.0696969696969697 0.08241758241758242
0 0.10984848484848485 0.3269230769230769 0.05606060606060606 0.10164835164835165
0 0.509090909090909 0.30631868131868134 0.05909090909090909 0.09615384615384616
0 0.49015151515151517 0.4326923076923077 0.06363636363636363 0.11538461538461539
0 0.568939393939394 0.5714285714285714 0.06363636363636363 0.10164835164835165
0 0.646969696969697 0.8076923076923077 0.06515151515151515 0.11538461538461539
0 0.6098484848484849 0.36675824175824173 0.05757575757575758 0.13186813186813187
1 0.24621212121212122 0.3392857142857143 0.05 0.11813186813186813
1 0.3424242424242424 0.33516483516483514 0.05454545454545454 0.09615384615384616
1 0.3234848484848485 0.4423076923076923 0.05909090909090909 0.0989010989010989
1 0.09621212121212121 0.42857142857142855 0.05303030303030303 0.0989010989010989
1 0.0856060606060606 0.7101648351648352 0.06212121212121212 0.08516483516483517
1 0.5325757575757576 0.9725274725274725 0.05909090909090909 0.054945054945054944
1 0.578030303030303 0.23626373626373626 0.07424242424242425 0.09615384615384616
1 0.5492424242424242 0.13873626373626374 0.05909090909090909 0.11538461538461539
1 0.7704545454545455 0.27884615384615385 0.06363636363636363 0.11813186813186813