0 0.4948453608247423 0.7765625 0.08075601374570447 0.146875
0 0.5094501718213058 0.6609375 0.0859106529209622 0.153125
0 0.5498281786941581 0.5359375 0.09621993127147767 0.165625
0 0.5927835051546392 0.35625 0.1013745704467354 0.175
0 0.7508591065292096 0.6671875 0.09450171821305842 0.171875
0 0.936426116838488 0.3390625 0.08075601374570447 0.140625
0 0.8573883161512027 0.1328125 0.08419243986254296 0.134375
0 0.8359106529209622 0.053125 0.070446735395189 0.10625
0 0.8049828178694158 0.0265625 0.08075601374570447 0.053125
1 0.6580756013745704 0.13125 0.08075601374570447 0.146875
1 0.6984536082474226 0.2109375 0.070446735395189 0.125
1 0.7001718213058419 0.31875 0.06872852233676977 0.11875
1 0.8788659793814433 0.1140625 0.07903780068728522 0.1375
1 0.8058419243986255 0.403125 0.08075601374570447 0.14375
1 0.7096219931271478 0.66875 0.08247422680412371 0.140625
1 0.6357388316151202 0.8671875 0.08419243986254296 0.140625