0 0.5762839879154078 0.6420765027322405 0.06042296072507553 0.12295081967213115
0 0.5158610271903323 0.605191256830601 0.05891238670694864 0.09836065573770492
0 0.4622356495468278 0.5587431693989071 0.0634441087613293 0.10109289617486339
0 0.37386706948640486 0.8770491803278688 0.054380664652567974 0.09289617486338798
0 0.26586102719033233 0.4822404371584699 0.05740181268882175 0.10382513661202186
0 0.11858006042296072 0.48360655737704916 0.05891238670694864 0.08743169398907104
0 0.13217522658610273 0.5614754098360656 0.052870090634441085 0.08196721311475409
0 0.14123867069486404 0.6420765027322405 0.05891238670694864 0.09016393442622951
0 0.15709969788519637 0.8674863387978142 0.05891238670694864 0.07923497267759563
1 0.11706948640483383 0.6366120218579235 0.0513595166163142 0.07377049180327869
1 0.31797583081570996 0.7827868852459017 0.08459214501510574 0.09836065573770492
1 0.26586102719033233 0.41939890710382516 0.0649546827794562 0.08743169398907104
1 0.24169184290030213 0.5273224043715847 0.0513595166163142 0.09016393442622951
1 0.5083081570996979 0.8852459016393442 0.0649546827794562 0.08196721311475409
1 0.5249244712990937 0.9521857923497268 0.06797583081570997 0.09562841530054644
1 0.4380664652567976 0.8319672131147541 0.07401812688821752 0.09562841530054644
1 0.6472809667673716 0.8852459016393442 0.07099697885196375 0.09562841530054644