0 0.7884615384615384 0.4025735294117647 0.09109311740890688 0.17279411764705882
0 0.6973684210526315 0.4209558823529412 0.0931174089068826 0.17279411764705882
0 0.6366396761133604 0.5551470588235294 0.1194331983805668 0.22058823529411764
0 0.2783400809716599 0.6617647058823529 0.1214574898785425 0.18382352941176472
0 0.17408906882591094 0.5441176470588235 0.1194331983805668 0.1948529411764706
0 0.07692307692307693 0.5275735294117647 0.09716599190283401 0.15808823529411764
1 0.5688259109311741 0.1323529411764706 0.12753036437246965 0.22426470588235295
1 0.38866396761133604 0.05514705882352941 0.09716599190283401 0.11029411764705882
1 0.3977732793522267 0.25919117647058826 0.08906882591093117 0.16911764705882354
1 0.33704453441295545 0.4375 0.10526315789473684 0.18382352941176472
1 0.32894736842105265 0.29411764705882354 0.09716599190283401 0.16176470588235295
1 0.1214574898785425 0.19301470588235295 0.09109311740890688 0.14705882352941177
1 0.06781376518218624 0.2555147058823529 0.09109311740890688 0.15441176470588236