0 0.04671280276816609 0.8789308176100629 0.03460207612456748 0.10377358490566038
0 0.05190311418685121 0.6682389937106918 0.06401384083044982 0.11949685534591195
0 0.01384083044982699 0.5455974842767296 0.02768166089965398 0.09119496855345911
0 0.012110726643598616 0.4559748427672956 0.02422145328719723 0.09433962264150944
0 0.5960207612456747 0.41352201257861637 0.08650519031141868 0.13836477987421383
0 0.393598615916955 0.4638364779874214 0.07785467128027682 0.12578616352201258
0 0.4195501730103806 0.5613207547169812 0.09515570934256055 0.1289308176100629
0 0.3313148788927336 0.4968553459119497 0.07612456747404844 0.11320754716981132
0 0.30103806228373703 0.860062893081761 0.08131487889273356 0.14150943396226415
0 0.43685121107266434 0.9685534591194969 0.07439446366782007 0.06289308176100629
1 0.16868512110726644 0.4025157232704403 0.07958477508650519 0.15723270440251572
1 0.5216262975778547 0.06132075471698113 0.08131487889273356 0.12264150943396226
1 0.5735294117647058 0.5408805031446541 0.07958477508650519 0.13836477987421383
1 0.5017301038062284 0.8270440251572327 0.08131487889273356 0.10062893081761007
1 0.38321799307958476 0.8081761006289309 0.08996539792387544 0.11006289308176101
1 0.4852941176470588 0.8946540880503144 0.07785467128027682 0.10062893081761007
1 0.6237024221453287 0.9072327044025157 0.06920415224913495 0.1289308176100629
1 0.2309688581314879 0.6022012578616353 0.07439446366782007 0.15723270440251572
1 0.15051903114186851 0.5125786163522013 0.06920415224913495 0.12578616352201258
1 0.01730103806228374 0.6147798742138365 0.03460207612456748 0.09119496855345911