0 0.38039568345323743 0.6715686274509803 0.10071942446043165 0.17647058823529413
0 0.5800359712230215 0.9199346405228758 0.10071942446043165 0.15359477124183007
0 0.789568345323741 0.5800653594771242 0.08273381294964029 0.15359477124183007
0 0.6133093525179856 0.31209150326797386 0.08812949640287769 0.13398692810457516
0 0.545863309352518 0.39869281045751637 0.08992805755395683 0.15359477124183007
0 0.8983812949640287 0.00980392156862745 0.048561151079136694 0.0196078431372549
0 0.9118705035971223 0.09313725490196079 0.08453237410071943 0.15359477124183007
0 0.9829136690647482 0.30718954248366015 0.0341726618705036 0.0915032679738562
1 0.9496402877697842 0.6045751633986928 0.07194244604316546 0.12418300653594772
1 0.7383093525179856 0.25326797385620914 0.08633093525179857 0.1503267973856209
1 0.7553956834532374 0.10457516339869281 0.08453237410071943 0.14052287581699346
1 0.7122302158273381 0.0392156862745098 0.07553956834532374 0.0784313725490196
1 0.7014388489208633 0.6062091503267973 0.09352517985611511 0.14052287581699346
1 0.6133093525179856 0.8022875816993464 0.07733812949640288 0.13398692810457516
1 0.585431654676259 0.7369281045751634 0.09532374100719425 0.1503267973856209
1 0.4748201438848921 0.6405228758169934 0.10251798561151079 0.17647058823529413
1 0.4712230215827338 0.9379084967320261 0.1079136690647482 0.12418300653594772