0 0.7389589905362776 0.45285714285714285 0.08675078864353312 0.13714285714285715
0 0.8927444794952681 0.4157142857142857 0.08832807570977919 0.14285714285714285
0 0.45110410094637227 0.5028571428571429 0.07728706624605679 0.15428571428571428
0 0.5244479495268138 0.6957142857142857 0.08517350157728706 0.1742857142857143
0 0.22870662460567823 0.55 0.07570977917981073 0.10857142857142857
0 0.08675078864353312 0.20857142857142857 0.06624605678233439 0.10857142857142857
0 0.03943217665615142 0.6357142857142857 0.06309148264984227 0.11142857142857143
0 0.01892744479495268 0.7214285714285714 0.03785488958990536 0.11714285714285715
1 0.24526813880126183 0.23285714285714285 0.07255520504731862 0.12857142857142856
1 0.40063091482649843 0.38571428571428573 0.07097791798107256 0.11428571428571428
1 0.6719242902208202 0.10857142857142857 0.07570977917981073 0.12
1 0.5725552050473186 0.16285714285714287 0.06466876971608833 0.12571428571428572
1 0.9282334384858044 0.19 0.07570977917981073 0.07428571428571429
1 0.8675078864353313 0.7757142857142857 0.08675078864353312 0.12285714285714286
1 0.7436908517350158 0.6185714285714285 0.07728706624605679 0.12857142857142856
1 0.6735015772870663 0.4157142857142857 0.06624605678233439 0.14
1 0.21056782334384858 0.81 0.0694006309148265 0.10285714285714286
1 0.18533123028391169 0.8628571428571429 0.05993690851735016 0.06