0 0.5110169491525424 0.44785276073619634 0.059322033898305086 0.12883435582822086
0 0.5423728813559322 0.348159509202454 0.0711864406779661 0.1441717791411043
0 0.5644067796610169 0.2361963190184049 0.06440677966101695 0.12269938650306748
0 0.6915254237288135 0.6687116564417178 0.059322033898305086 0.12269938650306748
1 0.3906779661016949 0.8220858895705522 0.05084745762711865 0.11042944785276074
1 0.43898305084745765 0.838957055214724 0.04745762711864407 0.11042944785276074
1 0.4822033898305085 0.7714723926380368 0.059322033898305086 0.11042944785276074
1 0.688135593220339 0.946319018404908 0.05254237288135593 0.06134969325153374
1 0.6661016949152543 0.5644171779141104 0.04915254237288136 0.10736196319018405
1 0.752542372881356 0.37576687116564417 0.04067796610169491 0.0950920245398773
1 0.711864406779661 0.4187116564417178 0.04576271186440678 0.11349693251533742
1 0.7271186440677966 0.12576687116564417 0.05593220338983051 0.12883435582822086