0 0.3333333333333333 0.5363128491620112 0.06327160493827161 0.11731843575418995
0 0.39969135802469136 0.5614525139664804 0.06635802469135803 0.12011173184357542
0 0.4853395061728395 0.5572625698324022 0.08024691358024691 0.1424581005586592
0 0.6026234567901234 0.909217877094972 0.07098765432098765 0.1340782122905028
1 0.8009259259259259 0.8365921787709497 0.047839506172839504 0.08379888268156424
1 0.75 0.8561452513966481 0.06018518518518518 0.1005586592178771
1 0.4853395061728395 0.9664804469273743 0.06018518518518518 0.0670391061452514
1 0.5825617283950617 0.5642458100558659 0.06944444444444445 0.11731843575418995
1 0.529320987654321 0.8589385474860335 0.06327160493827161 0.12569832402234637
1 0.4591049382716049 0.8519553072625698 0.07098765432098765 0.12569832402234637
1 0.4050925925925926 0.26536312849162014 0.07561728395061729 0.1424581005586592