0 0.4329268292682927 0.43670886075949367 0.06794425087108014 0.12658227848101267
0 0.5418118466898955 0.7436708860759493 0.06794425087108014 0.13291139240506328
0 0.32142857142857145 0.6091772151898734 0.06968641114982578 0.12974683544303797
0 0.3719512195121951 0.5363924050632911 0.07317073170731707 0.14873417721518986
0 0.28397212543554007 0.11392405063291139 0.03484320557491289 0.11708860759493671
0 0.3127177700348432 0.06329113924050633 0.07142857142857142 0.12658227848101267
1 0.6054006968641115 0.17405063291139242 0.07142857142857142 0.12341772151898735
1 0.5418118466898955 0.1550632911392405 0.07491289198606271 0.14240506329113925
1 0.46689895470383275 0.1281645569620253 0.08536585365853659 0.14240506329113925
1 0.3362369337979094 0.6882911392405063 0.06445993031358885 0.13924050632911392
1 0.2935540069686411 0.2468354430379747 0.05749128919860627 0.12974683544303797