0 0.34363957597173145 0.5048076923076923 0.07950530035335689 0.14102564102564102
0 0.4010600706713781 0.5817307692307693 0.09540636042402827 0.14423076923076922
0 0.5247349823321554 0.375 0.0812720848056537 0.13782051282051283
0 0.515017667844523 0.5352564102564102 0.08833922261484099 0.16666666666666666
0 0.7915194346289752 0.7051282051282052 0.08480565371024736 0.13141025641025642
0 0.9717314487632509 0.657051282051282 0.05653710247349823 0.10897435897435898
0 0.9143109540636042 0.8461538461538461 0.07950530035335689 0.125
1 0.9496466431095406 0.7868589743589743 0.06007067137809187 0.11217948717948718
1 0.7915194346289752 0.592948717948718 0.07420494699646643 0.14423076923076922
1 0.7102473498233216 0.5208333333333334 0.07597173144876325 0.1346153846153846
1 0.7120141342756183 0.6506410256410257 0.07597173144876325 0.13782051282051283
1 0.4787985865724382 0.7355769230769231 0.0035335689045936395 0.00641025641025641
1 0.21643109540636044 0.22756410256410256 0.08480565371024736 0.15064102564102563
1 0.4876325088339223 0.2483974358974359 0.06890459363957598 0.11217948717948718
1 0.5256183745583038 0.16185897435897437 0.07773851590106007 0.13141025641025642