0 0.9356677524429967 0.5724431818181818 0.08306188925081433 0.11931818181818182
0 0.9560260586319218 0.45738636363636365 0.0749185667752443 0.12215909090909091
0 0.50814332247557 0.33948863636363635 0.07980456026058631 0.14204545454545456
0 0.40553745928338764 0.5198863636363636 0.08143322475570032 0.16193181818181818
0 0.21254071661237786 0.5 0.10097719869706841 0.15056818181818182
0 0.18566775244299674 0.8196022727272727 0.08794788273615635 0.15056818181818182
0 0.250814332247557 0.6931818181818182 0.08957654723127036 0.13636363636363635
0 0.6726384364820847 0.9872159090909091 0.08469055374592833 0.02556818181818182
0 0.7035830618892508 0.9673295454545454 0.08143322475570032 0.06534090909090909
1 0.06514657980456026 0.4758522727272727 0.07003257328990228 0.14488636363636365
1 0.008143322475570033 0.5752840909090909 0.016286644951140065 0.1278409090909091
1 0.6986970684039088 0.5625 0.07980456026058631 0.1590909090909091
1 0.7239413680781759 0.39488636363636365 0.07166123778501629 0.14488636363636365
1 0.7768729641693811 0.4275568181818182 0.0732899022801303 0.15625
1 0.9307817589576547 0.8792613636363636 0.07980456026058631 0.10511363636363637
1 0.46579804560260585 0.9517045454545454 0.06840390879478828 0.09659090909090909
1 0.40879478827361565 0.921875 0.0781758957654723 0.13068181818181818