0 0.6933962264150944 0.5044642857142857 0.06761006289308176 0.12202380952380952
0 0.654874213836478 0.4375 0.06761006289308176 0.125
0 0.8286163522012578 0.9464285714285714 0.06918238993710692 0.10714285714285714
0 0.5322327044025157 0.8392857142857143 0.08490566037735849 0.14583333333333334
0 0.5558176100628931 0.9404761904761905 0.08333333333333333 0.11904761904761904
0 0.42924528301886794 0.8735119047619048 0.08018867924528301 0.14285714285714285
0 0.42138364779874216 0.6086309523809523 0.08176100628930817 0.1488095238095238
0 0.4371069182389937 0.53125 0.0959119496855346 0.16666666666666666
1 0.8160377358490566 0.6205357142857143 0.059748427672955975 0.11607142857142858
1 0.8294025157232704 0.7142857142857143 0.05817610062893082 0.10416666666666667
1 0.5440251572327044 0.3273809523809524 0.07232704402515723 0.14285714285714285
1 0.2783018867924528 0.38095238095238093 0.07075471698113207 0.13690476190476192
1 0.24921383647798742 0.6889880952380952 0.07232704402515723 0.125
1 0.7051886792452831 0.9345238095238095 0.07389937106918239 0.13095238095238096