0 0.038765822784810125 0.5645604395604396 0.060126582278481014 0.08791208791208792
0 0.1843354430379747 0.22802197802197802 0.08069620253164557 0.0989010989010989
0 0.16693037974683544 0.45054945054945056 0.05221518987341772 0.11538461538461539
0 0.4272151898734177 0.6895604395604396 0.09651898734177215 0.1346153846153846
0 0.2745253164556962 0.7225274725274725 0.08702531645569621 0.12912087912087913
0 0.061708860759493674 0.7362637362637363 0.06962025316455696 0.12087912087912088
0 0.817246835443038 0.967032967032967 0.06487341772151899 0.06593406593406594
0 0.7444620253164557 0.8887362637362637 0.08069620253164557 0.10164835164835165
0 0.9493670886075949 0.6785714285714286 0.08860759493670886 0.12362637362637363
1 0.9699367088607594 0.32554945054945056 0.060126582278481014 0.12912087912087913
1 0.9161392405063291 0.782967032967033 0.07911392405063292 0.1620879120879121
1 0.5759493670886076 0.9381868131868132 0.08227848101265822 0.12362637362637363
1 0.27689873417721517 0.8502747252747253 0.0759493670886076 0.10714285714285714
1 0.07278481012658228 0.6181318681318682 0.060126582278481014 0.10164835164835165
1 0.10759493670886076 0.22939560439560439 0.056962025316455694 0.07417582417582418
1 0.13765822784810128 0.5343406593406593 0.061708860759493674 0.09340659340659341
1 0.32832278481012656 0.21153846153846154 0.07911392405063292 0.12087912087912088
1 0.40189873417721517 0.3008241758241758 0.0759493670886076 0.10989010989010989