0 0.42016129032258065 0.9259776536312849 0.09838709677419355 0.14804469273743018
0 0.4258064516129032 0.5097765363128491 0.07741935483870968 0.15083798882681565
0 0.5701612903225807 0.6689944134078212 0.09193548387096774 0.15083798882681565
0 0.8588709677419355 0.5083798882681564 0.07096774193548387 0.12290502793296089
0 0.9612903225806452 0.4790502793296089 0.07741935483870968 0.17039106145251395
1 0.1717741935483871 0.6564245810055865 0.08225806451612903 0.13966480446927373
1 0.38548387096774195 0.3477653631284916 0.09032258064516129 0.15083798882681565
1 0.896774193548387 0.22346368715083798 0.08548387096774193 0.13687150837988826
1 0.6701612903225806 0.8184357541899442 0.08225806451612903 0.1424581005586592
1 0.11451612903225807 0.8002793296089385 0.08548387096774193 0.13966480446927373
1 0.24435483870967742 0.9427374301675978 0.08548387096774193 0.11452513966480447