0 0.2805059523809524 0.3393782383419689 0.06101190476190476 0.11139896373056994
0 0.22767857142857142 0.41450777202072536 0.07142857142857142 0.10362694300518134
0 0.20014880952380953 0.3898963730569948 0.05803571428571429 0.10103626943005181
0 0.1056547619047619 0.7927461139896373 0.08035714285714286 0.13212435233160622
0 0.3288690476190476 0.7849740932642487 0.08333333333333333 0.11139896373056994
0 0.13020833333333334 0.9481865284974094 0.07886904761904762 0.10362694300518134
0 0.9553571428571429 0.5155440414507773 0.05505952380952381 0.12953367875647667
0 0.8013392857142857 0.7849740932642487 0.06994047619047619 0.14248704663212436
0 0.5483630952380952 0.19170984455958548 0.0818452380952381 0.08549222797927461
1 0.7946428571428571 0.6787564766839378 0.06845238095238096 0.09326424870466321
1 0.578125 0.4520725388601036 0.07738095238095238 0.08808290155440414
1 0.5788690476190477 0.8613989637305699 0.06101190476190476 0.11917098445595854
1 0.3556547619047619 0.9339378238341969 0.0744047619047619 0.10103626943005181
1 0.32217261904761907 0.7098445595854922 0.07291666666666667 0.08549222797927461
1 0.13764880952380953 0.8367875647668394 0.05803571428571429 0.11398963730569948
1 0.11532738095238096 0.47668393782383417 0.0744047619047619 0.09067357512953368
1 0.48139880952380953 0.30310880829015546 0.06398809523809523 0.13471502590673576