0 0.4250814332247557 0.39197530864197533 0.057003257328990226 0.1111111111111111
0 0.43078175895765475 0.5231481481481481 0.06840390879478828 0.1388888888888889
0 0.7174267100977199 0.6172839506172839 0.06351791530944625 0.12962962962962962
0 0.7288273615635179 0.11882716049382716 0.05863192182410423 0.10185185185185185
0 0.7728013029315961 0.11882716049382716 0.06677524429967427 0.07716049382716049
1 0.5374592833876222 0.05709876543209876 0.06677524429967427 0.10493827160493827
1 0.48941368078175895 0.020061728395061727 0.04723127035830619 0.040123456790123455
1 0.44136807817589574 0.11574074074074074 0.04723127035830619 0.13580246913580246
1 0.48941368078175895 0.09876543209876543 0.05537459283387622 0.11728395061728394
1 0.5276872964169381 0.24074074074074073 0.06351791530944625 0.12037037037037036
1 0.6848534201954397 0.5030864197530864 0.0732899022801303 0.12345679012345678
1 0.6848534201954397 0.9799382716049383 0.07003257328990228 0.040123456790123455
1 0.745114006514658 0.49228395061728397 0.05537459283387622 0.10802469135802469