0 0.7069288389513109 0.18019480519480519 0.07865168539325842 0.1590909090909091
0 0.48220973782771537 0.5568181818181818 0.08801498127340825 0.1461038961038961
0 0.30430711610486894 0.7743506493506493 0.08614232209737828 0.14285714285714285
0 0.3857677902621723 0.6201298701298701 0.08614232209737828 0.08441558441558442
0 0.20318352059925093 0.5113636363636364 0.054307116104868915 0.14285714285714285
0 0.7237827715355806 0.9074675324675324 0.08239700374531835 0.1525974025974026
1 0.954119850187266 0.37012987012987014 0.09176029962546817 0.14935064935064934
1 0.9400749063670412 0.25 0.0749063670411985 0.09740259740259741
1 0.5421348314606742 0.15584415584415584 0.09363295880149813 0.1266233766233766
1 0.41292134831460675 0.5227272727272727 0.06554307116104868 0.1525974025974026
1 0.10955056179775281 0.5405844155844156 0.0749063670411985 0.15584415584415584
1 0.5393258426966292 0.935064935064935 0.07865168539325842 0.12987012987012986
1 0.9606741573033708 0.987012987012987 0.026217228464419477 0.025974025974025976
1 0.898876404494382 0.8425324675324676 0.07303370786516854 0.16883116883116883