0 0.96640625 0.53125 0.0671875 0.10597826086956522
0 0.73125 0.7078804347826086 0.0921875 0.125
0 0.77578125 0.8464673913043478 0.0734375 0.12771739130434784
0 0.9703125 0.7567934782608695 0.059375 0.11684782608695653
0 0.796875 0.30842391304347827 0.059375 0.1331521739130435
0 0.78046875 0.22010869565217392 0.0609375 0.09782608695652174
0 0.2875 0.9551630434782609 0.075 0.08967391304347826
0 0.22890625 0.9307065217391305 0.0796875 0.13858695652173914
0 0.1109375 0.5027173913043478 0.084375 0.13858695652173914
1 0.10703125 0.876358695652174 0.0859375 0.12771739130434784
1 0.4125 0.6752717391304348 0.071875 0.13043478260869565
1 0.52265625 0.9375 0.0765625 0.11956521739130435
1 0.5109375 0.8029891304347826 0.0703125 0.14130434782608695
1 0.565625 0.23505434782608695 0.0828125 0.15217391304347827
1 0.853125 0.529891304347826 0.075 0.10869565217391304
1 0.9453125 0.6331521739130435 0.0671875 0.11141304347826086
1 0.89765625 0.24592391304347827 0.078125 0.10326086956521739
1 0.79765625 0.8315217391304348 0.0671875 0.1358695652173913