0 0.2607260726072607 0.9698275862068966 0.0462046204620462 0.0603448275862069
0 0.2607260726072607 0.9252873563218391 0.054455445544554455 0.11206896551724138
0 0.6295379537953796 0.853448275862069 0.06435643564356436 0.11206896551724138
0 0.6006600660066007 0.3204022988505747 0.07260726072607261 0.1206896551724138
0 0.22772277227722773 0.08620689655172414 0.06105610561056106 0.08620689655172414
0 0.37623762376237624 0.5244252873563219 0.06765676567656766 0.13505747126436782
1 0.2533003300330033 0.5359195402298851 0.07590759075907591 0.13218390804597702
1 0.2376237623762376 0.4353448275862069 0.066006600660066 0.1206896551724138
1 0.2607260726072607 0.22126436781609196 0.066006600660066 0.13505747126436782
1 0.39026402640264024 0.28160919540229884 0.07590759075907591 0.14080459770114942
1 0.6171617161716172 0.7327586206896551 0.06930693069306931 0.11494252873563218