0 0.5914429530201343 0.7866242038216561 0.0436241610738255 0.10828025477707007
0 0.5713087248322147 0.7340764331210191 0.050335570469798654 0.1337579617834395
0 0.5201342281879194 0.785031847133758 0.05536912751677853 0.12738853503184713
0 0.2902684563758389 0.6703821656050956 0.0587248322147651 0.14012738853503184
0 0.22986577181208054 0.8837579617834395 0.03859060402684564 0.13694267515923567
0 0.436241610738255 0.5987261146496815 0.05201342281879195 0.13694267515923567
0 0.45302013422818793 0.46337579617834396 0.06375838926174497 0.12738853503184713
0 0.25419463087248323 0.28662420382165604 0.02348993288590604 0.1464968152866242
1 0.6065436241610739 0.4570063694267516 0.053691275167785234 0.11146496815286625
1 0.32802013422818793 0.8121019108280255 0.05536912751677853 0.1305732484076433
1 0.3934563758389262 0.9394904458598726 0.053691275167785234 0.09235668789808917
1 0.2424496644295302 0.6687898089171974 0.040268456375838924 0.12420382165605096