0 0.5372881355932203 0.8264705882352941 0.06779661016949153 0.14411764705882352
0 0.5703389830508474 0.5073529411764706 0.07288135593220339 0.1411764705882353
0 0.5008474576271187 0.43823529411764706 0.08813559322033898 0.15588235294117647
0 0.2 0.8764705882352941 0.03220338983050847 0.11470588235294117
0 0.2059322033898305 0.7691176470588236 0.030508474576271188 0.1264705882352941
1 0.23898305084745763 0.41911764705882354 0.05423728813559322 0.12352941176470589
1 0.23983050847457626 0.31323529411764706 0.04067796610169491 0.09411764705882353
1 0.6957627118644067 0.3352941176470588 0.06779661016949153 0.12352941176470589
1 0.5754237288135593 0.8941176470588236 0.06949152542372881 0.1264705882352941
1 0.5101694915254237 0.9573529411764706 0.09491525423728814 0.08529411764705883
1 0.3440677966101695 0.8647058823529412 0.07288135593220339 0.18235294117647058