0 0.6559322033898305 0.5882352941176471 0.08135593220338982 0.14411764705882352
0 0.2347457627118644 0.5911764705882353 0.0576271186440678 0.15
0 0.19830508474576272 0.3397058823529412 0.06440677966101695 0.1323529411764706
0 0.4347457627118644 0.4764705882352941 0.1016949152542373 0.17647058823529413
1 0.6203389830508474 0.7705882352941177 0.09322033898305085 0.16470588235294117
1 0.5813559322033899 0.9632352941176471 0.05084745762711865 0.052941176470588235
1 0.3152542372881356 0.9794117647058823 0.0711864406779661 0.041176470588235294
1 0.3313559322033898 0.9426470588235294 0.08305084745762711 0.11470588235294117
1 0.3364406779661017 0.625 0.08305084745762711 0.1323529411764706
1 0.23898305084745763 0.26323529411764707 0.07457627118644068 0.14705882352941177
1 0.3559322033898305 0.20441176470588235 0.08135593220338982 0.15