0 0.6812130177514792 0.24613402061855671 0.06656804733727811 0.11855670103092783
0 0.5806213017751479 0.6997422680412371 0.0695266272189349 0.12886597938144329
0 0.23372781065088757 0.8067010309278351 0.06804733727810651 0.1211340206185567
0 0.21375739644970415 0.759020618556701 0.0650887573964497 0.11597938144329897
0 0.41346153846153844 0.4381443298969072 0.08431952662721894 0.15721649484536082
0 0.367603550295858 0.061855670103092786 0.06360946745562131 0.12371134020618557
0 0.3668639053254438 0.03608247422680412 0.06804733727810651 0.07216494845360824
1 0.39718934911242604 0.6533505154639175 0.07840236686390532 0.14948453608247422
1 0.6531065088757396 0.36211340206185566 0.07544378698224852 0.13659793814432988
1 0.27071005917159763 0.6610824742268041 0.07100591715976332 0.13402061855670103
1 0.27071005917159763 0.44587628865979384 0.09023668639053255 0.14175257731958762
1 0.3076923076923077 0.38144329896907214 0.07840236686390532 0.13917525773195877