0 0.36160714285714285 0.4028497409326425 0.06101190476190476 0.11139896373056994
0 0.6369047619047619 0.05569948186528497 0.052083333333333336 0.09844559585492228
0 0.7038690476190477 0.06347150259067358 0.052083333333333336 0.10621761658031088
0 0.7276785714285714 0.8717616580310881 0.052083333333333336 0.10621761658031088
0 0.7105654761904762 0.8756476683937824 0.0625 0.10621761658031088
1 0.3802083333333333 0.844559585492228 0.06696428571428571 0.10621761658031088
1 0.23958333333333334 0.17746113989637305 0.043154761904761904 0.11398963730569948
1 0.296875 0.07901554404145078 0.046130952380952384 0.11398963730569948
1 0.5796130952380952 0.13471502590673576 0.06994047619047619 0.11917098445595854
1 0.7261904761904762 0.4183937823834197 0.05803571428571429 0.11139896373056994
1 0.7053571428571429 0.5103626943005182 0.07886904761904762 0.10880829015544041