0 0.3927272727272727 0.2620689655172414 0.07090909090909091 0.13793103448275862
0 0.3609090909090909 0.2120689655172414 0.07272727272727272 0.13793103448275862
0 0.03636363636363636 0.3103448275862069 0.07272727272727272 0.1310344827586207
0 0.3 0.7155172413793104 0.09454545454545454 0.17586206896551723
0 0.2081818181818182 0.7034482758620689 0.09454545454545454 0.16206896551724137
0 0.29363636363636364 0.8172413793103448 0.08545454545454545 0.12758620689655173
0 0.39 0.8344827586206897 0.09090909090909091 0.16551724137931034
1 0.21272727272727274 0.1103448275862069 0.08363636363636363 0.15172413793103448
1 0.15181818181818182 0.12586206896551724 0.07454545454545454 0.12758620689655173
1 0.5372727272727272 0.4068965517241379 0.08181818181818182 0.15172413793103448
1 0.509090909090909 0.9206896551724137 0.09818181818181818 0.15862068965517243
1 0.05545454545454546 0.5551724137931034 0.08 0.13448275862068965
1 0.14 0.4706896551724138 0.08181818181818182 0.14482758620689656