0 0.4523809523809524 0.6080645161290322 0.08843537414965986 0.1774193548387097
0 0.44302721088435376 0.3774193548387097 0.08843537414965986 0.16774193548387098
0 0.6777210884353742 0.16774193548387098 0.061224489795918366 0.12580645161290321
0 0.8282312925170068 0.6435483870967742 0.06802721088435375 0.12903225806451613
0 0.7712585034013606 0.6741935483870968 0.06462585034013606 0.12580645161290321
1 0.477891156462585 0.8919354838709678 0.05952380952380952 0.12258064516129032
1 0.5365646258503401 0.8725806451612903 0.06292517006802721 0.11612903225806452
1 0.20833333333333334 0.4338709677419355 0.06972789115646258 0.12903225806451613
1 0.29336734693877553 0.47096774193548385 0.05952380952380952 0.11612903225806452
1 0.6454081632653061 0.3064516129032258 0.09523809523809523 0.18064516129032257
1 0.7066326530612245 0.27903225806451615 0.07482993197278912 0.14193548387096774
1 0.8197278911564626 0.6854838709677419 0.06292517006802721 0.0967741935483871