0 0.4 0.058423913043478264 0.0640625 0.11413043478260869
0 0.36484375 0.5706521739130435 0.0515625 0.10597826086956522
0 0.6859375 0.9347826086956522 0.0515625 0.11956521739130435
0 0.6859375 0.9660326086956522 0.059375 0.06793478260869565
0 0.63203125 0.5557065217391305 0.075 0.1358695652173913
0 0.75 0.13451086956521738 0.0578125 0.12228260869565218
0 0.7578125 0.06521739130434782 0.0546875 0.0625
1 0.71484375 0.5135869565217391 0.071875 0.16032608695652173
1 0.69921875 0.75 0.065625 0.13043478260869565
1 0.5515625 0.6385869565217391 0.065625 0.11141304347826086
1 0.38359375 0.1875 0.059375 0.12771739130434784