0 0.3946078431372549 0.43788819875776397 0.049019607843137254 0.11180124223602485
0 0.33905228758169936 0.4937888198757764 0.06209150326797386 0.12422360248447205
0 0.5351307189542484 0.8322981366459627 0.0457516339869281 0.09627329192546584
0 0.5147058823529411 0.8711180124223602 0.05065359477124183 0.10559006211180125
0 0.29983660130718953 0.6708074534161491 0.06699346405228758 0.15527950310559005
0 0.2540849673202614 0.4782608695652174 0.05392156862745098 0.12732919254658384
0 0.24428104575163398 0.7562111801242236 0.058823529411764705 0.13043478260869565
0 0.19362745098039216 0.8571428571428571 0.017973856209150325 0.043478260869565216
1 0.5694444444444444 0.5574534161490683 0.06209150326797386 0.12111801242236025
1 0.44281045751633985 0.049689440993788817 0.06209150326797386 0.09937888198757763
1 0.2818627450980392 0.14440993788819875 0.03104575163398693 0.13043478260869565
1 0.20261437908496732 0.7950310559006211 0.027777777777777776 0.10559006211180125