0 0.18882978723404256 0.4537037037037037 0.09929078014184398 0.13271604938271606
0 0.022163120567375887 0.4104938271604938 0.044326241134751775 0.11728395061728394
0 0.22872340425531915 0.16820987654320987 0.0726950354609929 0.13580246913580246
0 0.35815602836879434 0.7515432098765432 0.10638297872340426 0.17901234567901234
0 0.4423758865248227 0.7623456790123457 0.0975177304964539 0.13580246913580246
0 0.7039007092198581 0.9645061728395061 0.0851063829787234 0.07098765432098765
1 0.6054964539007093 0.8580246913580247 0.08333333333333333 0.14814814814814814
1 0.42021276595744683 0.933641975308642 0.0726950354609929 0.11728395061728394
1 0.17641843971631205 0.6172839506172839 0.07624113475177305 0.16666666666666666
1 0.4778368794326241 0.2361111111111111 0.09397163120567376 0.1419753086419753
1 0.15336879432624115 0.06635802469135803 0.09042553191489362 0.12345679012345678
1 0.1524822695035461 0.8117283950617284 0.0851063829787234 0.12962962962962962