0 0.5513029315960912 0.07253086419753087 0.06677524429967427 0.13271604938271606
0 0.5228013029315961 0.13580246913580246 0.0732899022801303 0.13271604938271606
0 0.7337133550488599 0.4058641975308642 0.08306188925081433 0.16666666666666666
0 0.7972312703583062 0.35802469135802467 0.07166123778501629 0.15432098765432098
0 0.747557003257329 0.5910493827160493 0.06840390879478828 0.1419753086419753
0 0.6229641693811075 0.595679012345679 0.08631921824104234 0.16666666666666666
0 0.49185667752442996 0.5679012345679012 0.07654723127035831 0.15123456790123457
1 0.5 0.9012345679012346 0.06840390879478828 0.1388888888888889
1 0.4511400651465798 0.37808641975308643 0.07166123778501629 0.1388888888888889
1 0.8387622149837134 0.3395061728395062 0.03745928338762215 0.10802469135802469
1 0.6457654723127035 0.9305555555555556 0.07654723127035831 0.1388888888888889