0 0.8396656534954408 0.9285714285714286 0.08966565349544073 0.14285714285714285
0 0.7264437689969605 0.5357142857142857 0.0790273556231003 0.1455026455026455
0 0.06914893617021277 0.48677248677248675 0.08206686930091185 0.1349206349206349
0 0.11398176291793313 0.5634920634920635 0.09270516717325228 0.14814814814814814
0 0.3822188449848024 0.753968253968254 0.08662613981762918 0.15079365079365079
0 0.6223404255319149 0.9484126984126984 0.09574468085106383 0.10317460317460317
1 0.797112462006079 0.623015873015873 0.08054711246200608 0.13227513227513227
1 0.5448328267477204 0.3201058201058201 0.08054711246200608 0.15608465608465608
1 0.2803951367781155 0.33465608465608465 0.0851063829787234 0.13756613756613756
1 0.12689969604863222 0.25793650793650796 0.0851063829787234 0.12962962962962962
1 0.5235562310030395 0.9616402116402116 0.07142857142857142 0.07671957671957672
1 0.5600303951367781 0.9735449735449735 0.07142857142857142 0.05291005291005291
1 0.6512158054711246 0.9431216931216931 0.08054711246200608 0.11375661375661375
1 0.6899696048632219 0.6335978835978836 0.08206686930091185 0.12698412698412698