0 0.2805755395683453 0.359375 0.08633093525179857 0.146875
0 0.5611510791366906 0.0578125 0.09712230215827339 0.115625
0 0.9406474820143885 0.4265625 0.08453237410071943 0.1375
0 0.9676258992805755 0.353125 0.06474820143884892 0.15
0 0.637589928057554 0.478125 0.11510791366906475 0.1875
0 0.52068345323741 0.93125 0.09532374100719425 0.1375
0 0.48111510791366907 0.95625 0.10251798561151079 0.0875
0 0.3552158273381295 0.9578125 0.10611510791366907 0.084375
1 0.09622302158273381 0.6140625 0.08633093525179857 0.153125
1 0.3489208633093525 0.2921875 0.09532374100719425 0.159375
1 0.710431654676259 0.30625 0.10251798561151079 0.18125
1 0.8561151079136691 0.553125 0.10611510791366907 0.16875
1 0.7239208633093526 0.6796875 0.11151079136690648 0.196875
1 0.13489208633093525 0.71875 0.09352517985611511 0.15
1 0.22841726618705036 0.665625 0.09712230215827339 0.165625