0 0.015384615384615385 0.6283333333333333 0.028846153846153848 0.10666666666666667
0 0.052884615384615384 0.5783333333333334 0.09423076923076923 0.16
0 0.3230769230769231 0.125 0.09807692307692308 0.15333333333333332
0 0.5692307692307692 0.6366666666666667 0.09038461538461538 0.18
0 0.9307692307692308 0.7066666666666667 0.08461538461538462 0.16666666666666666
0 0.4288461538461538 0.6733333333333333 0.09807692307692308 0.16666666666666666
0 0.29615384615384616 0.5916666666666667 0.10384615384615385 0.15333333333333332
1 0.7711538461538462 0.5366666666666666 0.09230769230769231 0.18666666666666668
1 0.525 0.115 0.10192307692307692 0.13666666666666666
1 0.12403846153846154 0.4683333333333333 0.08076923076923077 0.13666666666666666
1 0.10673076923076923 0.20166666666666666 0.10576923076923077 0.14
1 0.01826923076923077 0.21333333333333335 0.03653846153846154 0.11333333333333333
1 0.2 0.74 0.09230769230769231 0.18333333333333332
1 0.2423076923076923 0.92 0.09615384615384616 0.15666666666666668
1 0.551923076923077 0.8783333333333333 0.09615384615384616 0.15
1 0.6480769230769231 0.79 0.09423076923076923 0.2