0 0.2510204081632653 0.5406976744186046 0.08571428571428572 0.14728682170542637
0 0.27040816326530615 0.47674418604651164 0.09387755102040816 0.1744186046511628
0 0.6071428571428571 0.4786821705426357 0.1 0.1821705426356589
0 0.5214285714285715 0.6085271317829457 0.09387755102040816 0.20930232558139536
0 0.5795918367346938 0.6007751937984496 0.09183673469387756 0.1821705426356589
0 0.7561224489795918 0.5193798449612403 0.09591836734693877 0.18992248062015504
0 0.5295918367346939 0.8527131782945736 0.09183673469387756 0.1937984496124031
1 0.3663265306122449 0.13565891472868216 0.09795918367346938 0.1821705426356589
1 0.6612244897959184 0.17829457364341086 0.11632653061224489 0.20930232558139536
1 0.8112244897959183 0.2751937984496124 0.0673469387755102 0.09689922480620156
1 0.6438775510204081 0.9186046511627907 0.08775510204081632 0.16279069767441862
1 0.41122448979591836 0.9573643410852714 0.06326530612244897 0.08527131782945736