0 0.6778523489932886 0.7611464968152867 0.06543624161073826 0.11464968152866242
0 0.610738255033557 0.5111464968152867 0.04530201342281879 0.11146496815286625
0 0.5654362416107382 0.5063694267515924 0.04865771812080537 0.10828025477707007
0 0.4303691275167785 0.9156050955414012 0.05536912751677853 0.09872611464968153
0 0.41694630872483224 0.8662420382165605 0.04697986577181208 0.11146496815286625
0 0.7231543624161074 0.8901273885350318 0.040268456375838924 0.12420382165605096
0 0.7399328859060402 0.5955414012738853 0.053691275167785234 0.14331210191082802
1 0.4035234899328859 0.5605095541401274 0.04865771812080537 0.11146496815286625
1 0.5889261744966443 0.10031847133757962 0.050335570469798654 0.12101910828025478
1 0.7164429530201343 0.17993630573248406 0.06375838926174497 0.09872611464968153
1 0.7600671140939598 0.9410828025477707 0.025167785234899327 0.08280254777070063