0 0.7099609375 0.3707482993197279 0.083984375 0.1360544217687075
0 0.4501953125 0.7772108843537415 0.07421875 0.14965986394557823
0 0.34375 0.8673469387755102 0.083984375 0.1292517006802721
0 0.2421875 0.814625850340136 0.0703125 0.13945578231292516
0 0.451171875 0.3792517006802721 0.080078125 0.14965986394557823
0 0.23828125 0.02891156462585034 0.03515625 0.05782312925170068
1 0.7158203125 0.8707482993197279 0.109375 0.1564625850340136
1 0.6357421875 0.5935374149659864 0.072265625 0.1598639455782313
1 0.353515625 0.4880952380952381 0.076171875 0.1326530612244898
1 0.2392578125 0.336734693877551 0.05078125 0.17006802721088435
1 0.244140625 0.141156462585034 0.052734375 0.16666666666666666