0 0.5645645645645646 0.29712041884816753 0.07057057057057058 0.112565445026178
0 0.8423423423423423 0.8049738219895288 0.06306306306306306 0.1099476439790576
0 0.7192192192192193 0.930628272251309 0.05855855855855856 0.12041884816753927
0 0.545045045045045 0.731675392670157 0.06906906906906907 0.11518324607329843
0 0.24174174174174173 0.8259162303664922 0.06756756756756757 0.09424083769633508
0 0.22072072072072071 0.8651832460732984 0.05855855855855856 0.112565445026178
0 0.04504504504504504 0.6780104712041884 0.07357357357357357 0.08376963350785341
0 0.29429429429429427 0.24476439790575916 0.06456456456456457 0.112565445026178
0 0.02177177177177177 0.6034031413612565 0.04354354354354354 0.0968586387434555
0 0.1036036036036036 0.643979057591623 0.015015015015015015 0.005235602094240838
1 0.0915915915915916 0.22251308900523561 0.06006006006006006 0.09424083769633508
1 0.34984984984984985 0.281413612565445 0.06306306306306306 0.11780104712041885
1 0.8738738738738738 0.5235602094240838 0.07357357357357357 0.10732984293193717
1 0.5172672672672672 0.9227748691099477 0.06306306306306306 0.0968586387434555
1 0.38213213213213215 0.9136125654450262 0.06456456456456457 0.11780104712041885
1 0.45795795795795796 0.7696335078534031 0.07807807807807808 0.1649214659685864
1 0.03228228228228228 0.774869109947644 0.06006006006006006 0.1099476439790576
1 0.20270270270270271 0.4162303664921466 0.08108108108108109 0.112565445026178
1 0.09234234234234234 0.2879581151832461 0.09309309309309309 0.09947643979057591
1 0.5 0.5 1 1