0 0.650611620795107 0.44476744186046513 0.06574923547400612 0.11627906976744186
0 0.694954128440367 0.37790697674418605 0.05657492354740061 0.09593023255813954
0 0.6399082568807339 0.375 0.05045871559633028 0.10174418604651163
0 0.4487767584097859 0.6424418604651163 0.0871559633027523 0.11918604651162791
0 0.5879204892966361 0.7761627906976745 0.07339449541284404 0.11046511627906977
0 0.5672782874617737 0.8546511627906976 0.07339449541284404 0.09593023255813954
0 0.4610091743119266 0.9505813953488372 0.07492354740061162 0.09883720930232558
0 0.8096330275229358 0.9796511627906976 0.09327217125382263 0.040697674418604654
0 0.6590214067278287 0.8517441860465116 0.07339449541284404 0.10755813953488372
0 0.8730886850152905 0.7398255813953488 0.06116207951070336 0.10755813953488372
1 0.845565749235474 0.5203488372093024 0.05198776758409786 0.09593023255813954
1 0.8126911314984709 0.4636627906976744 0.05045871559633028 0.09302325581395349
1 0.786697247706422 0.5784883720930233 0.06422018348623854 0.12209302325581395
1 0.5168195718654435 0.33430232558139533 0.0581039755351682 0.10465116279069768
1 0.30504587155963303 0.8459302325581395 0.06880733944954129 0.11627906976744186
1 0.6437308868501529 0.9811046511627907 0.05504587155963303 0.0377906976744186
1 0.7347094801223242 0.9767441860465116 0.05657492354740061 0.046511627906976744
1 0.7981651376146789 0.9040697674418605 0.05657492354740061 0.10174418604651163
1 0.7660550458715596 0.7616279069767442 0.05504587155963303 0.09883720930232558
1 0.9426605504587156 0.9607558139534884 0.05963302752293578 0.07848837209302326