0 0.6140684410646388 0.0347682119205298 0.09885931558935361 0.0695364238410596
0 0.7756653992395437 0.5347682119205298 0.08555133079847908 0.1490066225165563
0 0.49809885931558934 0.9817880794701986 0.06844106463878327 0.03642384105960265
0 0.38688212927756654 0.9321192052980133 0.08555133079847908 0.1357615894039735
0 0.37927756653992395 0.8609271523178808 0.08745247148288973 0.15562913907284767
0 0.42015209125475284 0.30132450331125826 0.09315589353612168 0.17549668874172186
1 0.7300380228136882 0.423841059602649 0.08555133079847908 0.15562913907284767
1 0.7214828897338403 0.8377483443708609 0.0779467680608365 0.10264900662251655
1 0.2661596958174905 0.4205298013245033 0.10646387832699619 0.19205298013245034
1 0.2005703422053232 0.23178807947019867 0.06653992395437262 0.09602649006622517
1 0.39923954372623577 0.11258278145695365 0.09125475285171103 0.16225165562913907