0 0.8249185667752443 0.6576704545454546 0.07003257328990228 0.11931818181818182
0 0.8452768729641694 0.78125 0.07980456026058631 0.11647727272727272
0 0.6123778501628665 0.9133522727272727 0.0732899022801303 0.12215909090909091
0 0.3355048859934853 0.9232954545454546 0.08631921824104234 0.13352272727272727
0 0.2939739413680782 0.9517045454545454 0.07003257328990228 0.09659090909090909
0 0.10667752442996743 0.65625 0.06188925081433225 0.10511363636363637
0 0.09690553745928339 0.5923295454545454 0.07980456026058631 0.11931818181818182
0 0.19055374592833876 0.4303977272727273 0.08306188925081433 0.10511363636363637
1 0.03501628664495114 0.5838068181818182 0.05211726384364821 0.11079545454545454
1 0.32247557003257327 0.4161931818181818 0.08143322475570032 0.15056818181818182
1 0.2288273615635179 0.625 0.08794788273615635 0.13068181818181818
1 0.13110749185667753 0.8764204545454546 0.07003257328990228 0.11647727272727272
1 0.09120521172638436 0.9659090909090909 0.06514657980456026 0.06818181818181818
1 0.40716612377850164 0.9758522727272727 0.0781758957654723 0.048295454545454544
1 0.6767100977198697 0.9090909090909091 0.057003257328990226 0.05965909090909091
1 0.9218241042345277 0.47301136363636365 0.08631921824104234 0.14488636363636365