0 0.0859375 0.18342391304347827 0.075 0.12228260869565218
0 0.14375 0.1453804347826087 0.0734375 0.125
0 0.14609375 0.29347826086956524 0.0828125 0.13858695652173914
0 0.48125 0.3029891304347826 0.078125 0.13858695652173914
0 0.47421875 0.9483695652173914 0.0796875 0.10326086956521739
0 0.45078125 0.5665760869565217 0.09375 0.16304347826086957
0 0.396875 0.4945652173913043 0.0921875 0.15217391304347827
0 0.028125 0.37092391304347827 0.05625 0.11684782608695653
1 0.30546875 0.035326086956521736 0.0859375 0.07065217391304347
1 0.325 0.10326086956521739 0.0984375 0.15760869565217392
1 0.2546875 0.28804347826086957 0.0890625 0.14130434782608695
1 0.1734375 0.6141304347826086 0.0953125 0.14673913043478262
1 0.21875 0.5828804347826086 0.0953125 0.15217391304347827
1 0.36796875 0.6956521739130435 0.0921875 0.14945652173913043
1 0.540625 0.9198369565217391 0.0859375 0.14402173913043478
1 0.603125 0.7459239130434783 0.109375 0.18206521739130435