0 0.1460843373493976 0.5157142857142857 0.04969879518072289 0.09714285714285714
0 0.20105421686746988 0.5414285714285715 0.058734939759036146 0.10285714285714286
0 0.4510542168674699 0.45 0.0677710843373494 0.12285714285714286
0 0.40963855421686746 0.3 0.05572289156626506 0.09714285714285714
0 0.5602409638554217 0.9242857142857143 0.060240963855421686 0.12285714285714286
0 0.3185240963855422 0.86 0.061746987951807226 0.10571428571428572
0 0.29518072289156627 0.6585714285714286 0.06475903614457831 0.11714285714285715
0 0.3117469879518072 0.9585714285714285 0.07228915662650602 0.08285714285714285
0 0.12650602409638553 0.95 0.05120481927710843 0.08571428571428572
1 0.5368975903614458 0.3842857142857143 0.058734939759036146 0.10571428571428572
1 0.7635542168674698 0.8228571428571428 0.0677710843373494 0.14
1 0.5180722891566265 0.8285714285714286 0.0677710843373494 0.12857142857142856
1 0.48268072289156627 0.6971428571428572 0.058734939759036146 0.14
1 0.30948795180722893 0.5014285714285714 0.046686746987951805 0.08857142857142856
1 0.3185240963855422 0.39285714285714285 0.04969879518072289 0.08571428571428572
1 0.07153614457831325 0.7357142857142858 0.05421686746987952 0.09428571428571429
1 0.276355421686747 0.9714285714285714 0.058734939759036146 0.05714285714285714
1 0.5112951807228916 0.9471428571428572 0.058734939759036146 0.10571428571428572