0 0.63046875 0.15976331360946747 0.059375 0.11538461538461539
0 0.5953125 0.1908284023668639 0.071875 0.1390532544378698
0 0.9140625 0.23372781065088757 0.075 0.13313609467455623
0 0.9203125 0.5428994082840237 0.0890625 0.14792899408284024
0 0.7703125 0.5547337278106509 0.0828125 0.14201183431952663
0 0.6765625 0.5547337278106509 0.0828125 0.14201183431952663
0 0.66640625 0.658284023668639 0.08125 0.14497041420118342
0 0.63671875 0.8816568047337278 0.078125 0.1301775147928994
0 0.53828125 0.6597633136094675 0.084375 0.15976331360946747
0 0.35625 0.9644970414201184 0.078125 0.07100591715976332
1 0.75859375 0.07544378698224852 0.0640625 0.1242603550295858
1 0.8046875 0.08284023668639054 0.0703125 0.12721893491124261
1 0.475 0.3269230769230769 0.0765625 0.1390532544378698
1 0.48359375 0.7751479289940828 0.078125 0.14497041420118342
1 0.51484375 0.9674556213017751 0.0765625 0.0650887573964497
1 0.796875 0.7130177514792899 0.0734375 0.11834319526627218
1 0.85625 0.6153846153846154 0.075 0.13313609467455623
1 0.9828125 0.3816568047337278 0.034375 0.1242603550295858
1 0.90703125 0.4260355029585799 0.065625 0.12130177514792899
1 0.82578125 0.3624260355029586 0.06875 0.12721893491124261