0 0.13594890510948904 0.9426751592356688 0.10401459854014598 0.11464968152866242
0 0.36222627737226276 0.9697452229299363 0.08211678832116788 0.06050955414012739
0 0.40145985401459855 0.9506369426751592 0.08394160583941605 0.09872611464968153
0 0.26003649635036497 0.9203821656050956 0.09671532846715329 0.14331210191082802
0 0.28284671532846717 0.2786624203821656 0.08029197080291971 0.14331210191082802
0 0.6076642335766423 0.10031847133757962 0.08759124087591241 0.15605095541401273
0 0.9616788321167883 0.5509554140127388 0.07664233576642336 0.1464968152866242
0 0.9133211678832117 0.6560509554140127 0.08211678832116788 0.13694267515923567
0 0.5848540145985401 0.5859872611464968 0.0948905109489051 0.15286624203821655
1 0.058394160583941604 0.428343949044586 0.08394160583941605 0.13694267515923567
1 0.0885036496350365 0.5684713375796179 0.08759124087591241 0.13694267515923567
1 0.1852189781021898 0.5286624203821656 0.0948905109489051 0.1337579617834395
1 0.6304744525547445 0.8105095541401274 0.0948905109489051 0.16560509554140126
1 0.7007299270072993 0.8184713375796179 0.0948905109489051 0.1942675159235669
1 0.8111313868613139 0.660828025477707 0.0948905109489051 0.14968152866242038
1 0.7198905109489051 0.4554140127388535 0.10036496350364964 0.16878980891719744
1 0.3585766423357664 0.2484076433121019 0.08394160583941605 0.14968152866242038