0 0.30838815789473684 0.3671875 0.0756578947368421 0.1625
0 0.23848684210526316 0.3046875 0.07401315789473684 0.1625
0 0.2713815789473684 0.5484375 0.0756578947368421 0.146875
0 0.40542763157894735 0.5625 0.06578947368421052 0.11875
0 0.4432565789473684 0.5390625 0.07236842105263158 0.14375
0 0.5049342105263158 0.084375 0.06743421052631579 0.11875
0 0.5287828947368421 0.1390625 0.06085526315789474 0.1125
1 0.5863486842105263 0.3953125 0.06743421052631579 0.134375
1 0.4925986842105263 0.9328125 0.06743421052631579 0.134375
1 0.3560855263157895 0.93125 0.07072368421052631 0.1375
1 0.19161184210526316 0.2578125 0.05921052631578947 0.13125