0 0.4811320754716981 0.11755952380952381 0.06446540880503145 0.11607142857142858
0 0.5031446540880503 0.14285714285714285 0.06761006289308176 0.12202380952380952
0 0.2940251572327044 0.4255952380952381 0.08333333333333333 0.16964285714285715
0 0.37735849056603776 0.6071428571428571 0.06132075471698113 0.13095238095238096
0 0.4080188679245283 0.5491071428571429 0.06132075471698113 0.12202380952380952
0 0.2358490566037736 0.35119047619047616 0.06446540880503145 0.13095238095238096
0 0.2751572327044025 0.6041666666666666 0.0880503144654088 0.1636904761904762
0 0.16981132075471697 0.2767857142857143 0.04559748427672956 0.07738095238095238
1 0.5731132075471698 0.3869047619047619 0.07389937106918239 0.14285714285714285
1 0.375 0.9315476190476191 0.0770440251572327 0.13690476190476192
1 0.4992138364779874 0.9166666666666666 0.06761006289308176 0.13392857142857142
1 0.18553459119496854 0.3333333333333333 0.05660377358490566 0.11011904761904762