0 0.3522012578616352 0.020491803278688523 0.05345911949685535 0.040983606557377046
0 0.28144654088050314 0.02459016393442623 0.04716981132075472 0.04918032786885246
0 0.2727987421383648 0.4030054644808743 0.05660377358490566 0.10382513661202186
0 0.34276729559748426 0.8510928961748634 0.05817610062893082 0.12295081967213115
0 0.33176100628930816 0.9289617486338798 0.05345911949685535 0.09836065573770492
0 0.6438679245283019 0.9453551912568307 0.03930817610062893 0.1092896174863388
1 0.6155660377358491 0.7377049180327869 0.06918238993710692 0.1092896174863388
1 0.5290880503144654 0.9398907103825137 0.055031446540880505 0.12021857923497267
1 0.25943396226415094 0.8456284153005464 0.05345911949685535 0.10655737704918032
1 0.2696540880503145 0.7622950819672131 0.06446540880503145 0.10655737704918032
1 0.24213836477987422 0.296448087431694 0.05345911949685535 0.09289617486338798