0 0.8045886075949367 0.16346153846153846 0.06487341772151899 0.10989010989010989
0 0.7879746835443038 0.21565934065934067 0.07120253164556962 0.12362637362637363
0 0.43591772151898733 0.06318681318681318 0.0680379746835443 0.12637362637362637
0 0.3575949367088608 0.5563186813186813 0.06645569620253164 0.11538461538461539
0 0.6716772151898734 0.9862637362637363 0.07120253164556962 0.027472527472527472
0 0.6004746835443038 0.510989010989011 0.08544303797468354 0.15934065934065933
1 0.4272151898734177 0.1771978021978022 0.07120253164556962 0.1346153846153846
1 0.7167721518987342 0.5796703296703297 0.08544303797468354 0.13186813186813187
1 0.7231012658227848 0.679945054945055 0.09177215189873418 0.13186813186813187
1 0.6455696202531646 0.8612637362637363 0.07753164556962025 0.1565934065934066
1 0.47943037974683544 0.7802197802197802 0.07911392405063292 0.18956043956043955