0 0.24224806201550386 0.8192567567567568 0.08139534883720931 0.09121621621621621
0 0.13468992248062014 0.25675675675675674 0.09689922480620156 0.16554054054054054
0 0.20251937984496124 0.07939189189189189 0.09496124031007752 0.15878378378378377
0 0.7354651162790697 0.5489864864864865 0.10465116279069768 0.17567567567567569
0 0.6356589147286822 0.8513513513513513 0.09689922480620156 0.1891891891891892
0 0.8081395348837209 0.8834459459459459 0.11434108527131782 0.1891891891891892
1 0.9602713178294574 0.40033783783783783 0.07945736434108527 0.15202702702702703
1 0.33430232558139533 0.6570945945945946 0.12015503875968993 0.21621621621621623
1 0.438953488372093 0.2905405405405405 0.1065891472868217 0.19594594594594594
1 0.04941860465116279 0.5844594594594594 0.09883720930232558 0.16216216216216217
1 0.03488372093023256 0.6452702702702703 0.06976744186046512 0.0777027027027027