0 0.44140625 0.25407608695652173 0.0765625 0.13858695652173914
0 0.38671875 0.779891304347826 0.0765625 0.12771739130434784
0 0.471875 0.6671195652173914 0.096875 0.1793478260869565
0 0.62578125 0.5652173913043478 0.0859375 0.15217391304347827
0 0.85234375 0.3451086956521739 0.0609375 0.09239130434782608
1 0.55859375 0.03260869565217391 0.0734375 0.06521739130434782
1 0.65703125 0.12228260869565218 0.071875 0.11684782608695653
1 0.753125 0.2595108695652174 0.071875 0.13043478260869565
1 0.68125 0.41983695652173914 0.0890625 0.15760869565217392
1 0.8265625 0.44972826086956524 0.0796875 0.1358695652173913
1 0.60546875 0.9225543478260869 0.0953125 0.15489130434782608
1 0.46171875 0.876358695652174 0.08125 0.15217391304347827
1 0.453125 0.43342391304347827 0.1015625 0.16847826086956522