0 0.875748502994012 0.029947916666666668 0.08682634730538923 0.059895833333333336
0 0.8959580838323353 0.6393229166666666 0.058383233532934134 0.10677083333333333
0 0.874251497005988 0.7174479166666666 0.09431137724550898 0.14583333333333334
0 0.6309880239520959 0.83984375 0.07784431137724551 0.13802083333333334
0 0.3023952095808383 0.4153645833333333 0.07634730538922156 0.125
0 0.24925149700598803 0.8684895833333334 0.09281437125748503 0.1328125
0 0.1467065868263473 0.76953125 0.08233532934131736 0.125
0 0.18862275449101795 0.98828125 0.0748502994011976 0.0234375
1 0.20958083832335328 0.4739583333333333 0.08233532934131736 0.1171875
1 0.312874251497006 0.5130208333333334 0.09131736526946108 0.11979166666666667
1 0.49850299401197606 0.2955729166666667 0.07335329341317365 0.140625
1 0.6040419161676647 0.21614583333333334 0.0748502994011976 0.11197916666666667
1 0.7514970059880239 0.4166666666666667 0.08832335329341318 0.12239583333333333
1 0.9715568862275449 0.3528645833333333 0.05688622754491018 0.12239583333333333
1 0.43488023952095806 0.9348958333333334 0.08682634730538923 0.11979166666666667
1 0.38323353293413176 0.9505208333333334 0.0748502994011976 0.09895833333333333