0 0.16614906832298137 0.11621621621621622 0.08695652173913043 0.12972972972972974
0 0.3144409937888199 0.22837837837837838 0.08074534161490683 0.13243243243243244
0 0.03571428571428571 0.518918918918919 0.05745341614906832 0.12432432432432433
0 0.281055900621118 0.4540540540540541 0.09782608695652174 0.14054054054054055
0 0.04192546583850932 0.6391891891891892 0.08229813664596274 0.11621621621621622
0 0.5201863354037267 0.4175675675675676 0.09316770186335403 0.15135135135135136
0 0.7849378881987578 0.8729729729729729 0.09006211180124224 0.11621621621621622
0 0.7049689440993789 0.9648648648648649 0.07142857142857142 0.07027027027027027
0 0.49145962732919257 0.7554054054054054 0.09627329192546584 0.15945945945945947
1 0.5380434782608695 0.3216216216216216 0.07453416149068323 0.14864864864864866
1 0.735248447204969 0.5256756756756756 0.09161490683229814 0.13243243243243244
1 0.6304347826086957 0.8648648648648649 0.07142857142857142 0.13513513513513514
1 0.4635093167701863 0.8959459459459459 0.07298136645962733 0.13243243243243244
1 0.35403726708074534 0.6594594594594595 0.09161490683229814 0.12702702702702703
1 0.08307453416149069 0.5405405405405406 0.06987577639751552 0.12972972972972974
1 0.234472049689441 0.7783783783783784 0.08385093167701864 0.13513513513513514
1 0.14518633540372672 0.4135135135135135 0.09316770186335403 0.13513513513513514
1 0.0986024844720497 0.17162162162162162 0.07919254658385093 0.12432432432432433