0 0.07697841726618705 0.15422396856581533 0.0618705035971223 0.08055009823182711
0 0.16330935251798562 0.3143418467583497 0.09064748201438849 0.09037328094302555
0 0.1884892086330935 0.17288801571709234 0.06330935251798561 0.12573673870333987
0 0.3122302158273381 0.3654223968565815 0.07194244604316546 0.11394891944990176
0 0.6330935251798561 0.20530451866404714 0.08057553956834532 0.08447937131630648
0 0.6899280575539568 0.24656188605108054 0.06474820143884892 0.08840864440078586
0 0.7258992805755395 0.2455795677799607 0.053237410071942444 0.05893909626719057
0 0.9129496402877698 0.21709233791748528 0.04748201438848921 0.04518664047151277
0 0.7424460431654676 0.6041257367387033 0.07194244604316546 0.0962671905697446
0 0.8035971223021583 0.7966601178781926 0.058992805755395686 0.08055009823182711
0 0.7302158273381295 0.8025540275049116 0.053237410071942444 0.07662082514734773
1 0.04748201438848921 0.43222003929273084 0.06618705035971223 0.08644400785854617
1 0.14172661870503597 0.15520628683693516 0.053237410071942444 0.05893909626719057
1 0.3618705035971223 0.16011787819253437 0.041726618705035974 0.08840864440078586
1 0.12086330935251799 0.35854616895874264 0.051798561151079135 0.0962671905697446
1 0.4776978417266187 0.09037328094302555 0.05467625899280575 0.08644400785854617
1 0.5863309352517986 0.41159135559921417 0.050359712230215826 0.09233791748526522
1 0.7287769784172662 0.381139489194499 0.041726618705035974 0.06286836935166994
1 0.9 0.35854616895874264 0.033093525179856115 0.068762278978389
1 0.7769784172661871 0.6355599214145383 0.051798561151079135 0.068762278978389
1 0.5935251798561151 0.8094302554027505 0.03884892086330935 0.07072691552062868
1 0.718705035971223 0.7524557956777996 0.058992805755395686 0.03929273084479371