0 0.21755162241887904 0.5866510538641686 0.05752212389380531 0.11007025761124122
0 0.2551622418879056 0.6814988290398126 0.05604719764011799 0.08899297423887588
0 0.3775811209439528 0.9016393442622951 0.05309734513274336 0.1358313817330211
0 0.8827433628318584 0.5175644028103045 0.04277286135693215 0.07962529274004684
1 0.948377581120944 0.34894613583138173 0.05014749262536873 0.06557377049180328
1 0.8679941002949852 0.2576112412177986 0.045722713864306784 0.07962529274004684
1 0.7345132743362832 0.4098360655737705 0.05309734513274336 0.07494145199063232
1 0.6563421828908554 0.45550351288056207 0.06489675516224189 0.08196721311475409
1 0.0752212389380531 0.8360655737704918 0.06489675516224189 0.09836065573770492
1 0.13274336283185842 0.9461358313817331 0.06784660766961652 0.10772833723653395
1 0.036135693215339236 0.7552693208430913 0.03687315634218289 0.11007025761124122