0 0.4898097826086957 0.48035363457760316 0.07472826086956522 0.10805500982318271
0 0.4898097826086957 0.8732809430255403 0.06114130434782609 0.07662082514734773
0 0.6052989130434783 0.7956777996070727 0.05298913043478261 0.08644400785854617
0 0.3845108695652174 0.8713163064833006 0.06521739130434782 0.04518664047151277
0 0.28940217391304346 0.75049115913556 0.08152173913043478 0.05893909626719057
0 0.06114130434782609 0.7868369351669942 0.03804347826086957 0.07269155206286837
0 0.042798913043478264 0.7445972495088409 0.058423913043478264 0.06286836935166994
0 0.050271739130434784 0.5275049115913556 0.04891304347826087 0.060903732809430254
0 0.10054347826086957 0.3330058939096267 0.051630434782608696 0.060903732809430254
0 0.21331521739130435 0.3074656188605108 0.059782608695652176 0.11198428290766209
0 0.26154891304347827 0.3565815324165029 0.06114130434782609 0.09233791748526522
1 0.06317934782608696 0.2966601178781925 0.04483695652173913 0.047151277013752456
1 0.10054347826086957 0.5569744597249509 0.057065217391304345 0.05697445972495088
1 0.12839673913043478 0.36836935166994106 0.03125 0.11591355599214145
1 0.38315217391304346 0.1905697445972495 0.05434782608695652 0.10609037328094302
1 0.6114130434782609 0.1974459724950884 0.06521739130434782 0.11984282907662082
1 0.8383152173913043 0.7652259332023575 0.04619565217391304 0.13163064833005894
1 0.626358695652174 0.6984282907662083 0.05434782608695652 0.08447937131630648
1 0.43546195652173914 0.6679764243614931 0.05570652173913043 0.09037328094302555
1 0.2982336956521739 0.5275049115913556 0.06114130434782609 0.07662082514734773
1 0.1453804347826087 0.7701375245579568 0.04891304347826087 0.0825147347740668
1 0.03872282608695652 0.5491159135559921 0.04755434782608696 0.05697445972495088