0 0.3253968253968254 0.18153526970954356 0.050505050505050504 0.09336099585062241
0 0.15512265512265513 0.08506224066390042 0.05916305916305916 0.06224066390041494
0 0.07936507936507936 0.1887966804979253 0.05194805194805195 0.12033195020746888
0 0.046897546897546896 0.8112033195020747 0.047619047619047616 0.07053941908713693
0 0.07503607503607504 0.7780082987551867 0.046176046176046176 0.06224066390041494
0 0.18253968253968253 0.8246887966804979 0.05627705627705628 0.08921161825726141
0 0.39105339105339104 0.8485477178423236 0.05772005772005772 0.0954356846473029
0 0.6320346320346321 0.22717842323651452 0.05483405483405483 0.03941908713692946
0 0.6911976911976911 0.23340248962655602 0.05772005772005772 0.05186721991701245
0 0.8802308802308803 0.23029045643153526 0.046176046176046176 0.05394190871369295
1 0.15295815295815296 0.16701244813278007 0.05483405483405483 0.08921161825726141
1 0.08874458874458875 0.45228215767634855 0.05339105339105339 0.0954356846473029
1 0.023809523809523808 0.5435684647302904 0.027417027417027416 0.06639004149377593
1 0.2474747474747475 0.7064315352697096 0.05916305916305916 0.12240663900414937
1 0.05266955266955267 0.8931535269709544 0.03896103896103896 0.08506224066390042
1 0.21572871572871574 0.8734439834024896 0.04184704184704185 0.0912863070539419
1 0.6305916305916306 0.4636929460580913 0.06349206349206349 0.06016597510373444
1 0.702020202020202 0.44398340248962653 0.06782106782106782 0.06639004149377593
1 0.9668109668109668 0.2842323651452282 0.031746031746031744 0.06639004149377593