0 0.25339673913043476 0.2131630648330059 0.036684782608695655 0.08447937131630648
0 0.468070652173913 0.28388998035363455 0.06385869565217392 0.11591355599214145
0 0.28804347826086957 0.48722986247544203 0.05434782608695652 0.0825147347740668
0 0.21603260869565216 0.6404715127701375 0.04891304347826087 0.08644400785854617
0 0.20176630434782608 0.7023575638506876 0.06114130434782609 0.10412573673870335
0 0.16779891304347827 0.7337917485265226 0.05570652173913043 0.08447937131630648
0 0.10326086956521739 0.5216110019646365 0.06521739130434782 0.060903732809430254
0 0.036005434782608696 0.5117878192534381 0.05298913043478261 0.0962671905697446
0 0.025815217391304348 0.656188605108055 0.02717391304347826 0.07465618860510806
0 0.043478260869565216 0.7544204322200393 0.03260869565217391 0.07072691552062868
1 0.08016304347826086 0.34086444007858546 0.04076086956521739 0.04518664047151277
1 0.05502717391304348 0.30157170923379173 0.04483695652173913 0.04518664047151277
1 0.42866847826086957 0.1787819253438114 0.05298913043478261 0.08644400785854617
1 0.28125 0.31335952848722987 0.04076086956521739 0.10412573673870335
1 0.44633152173913043 0.5510805500982319 0.058423913043478264 0.10805500982318271
1 0.38858695652173914 0.6974459724950884 0.07608695652173914 0.12966601178781925
1 0.11005434782608696 0.568762278978389 0.051630434782608696 0.06483300589390963
1 0.07880434782608696 0.6669941060903732 0.04619565217391304 0.06483300589390963
1 0.13519021739130435 0.7789783889980354 0.04755434782608696 0.07662082514734773