0 0.1956521739130435 0.5176817288801572 0.06521739130434782 0.06483300589390963
0 0.24388586956521738 0.75049115913556 0.07472826086956522 0.047151277013752456
0 0.18614130434782608 0.7298624754420432 0.04619565217391304 0.07269155206286837
0 0.035326086956521736 0.5667976424361493 0.035326086956521736 0.08447937131630648
0 0.08831521739130435 0.27996070726915523 0.035326086956521736 0.06483300589390963
0 0.08627717391304347 0.5 0.06114130434782609 0.06483300589390963
0 0.13179347826086957 0.6247544204322201 0.059782608695652176 0.08644400785854617
1 0.18206521739130435 0.5943025540275049 0.057065217391304345 0.05697445972495088
1 0.19293478260869565 0.27013752455795675 0.07065217391304347 0.05697445972495088
1 0.15285326086956522 0.27996070726915523 0.033967391304347824 0.08840864440078586
1 0.109375 0.3506876227897839 0.05570652173913043 0.04911591355599214
1 0.06453804347826086 0.7298624754420432 0.02309782608695652 0.08447937131630648
1 0.09035326086956522 0.7838899803536346 0.025815217391304348 0.06679764243614932
1 0.043478260869565216 0.3182711198428291 0.029891304347826088 0.07465618860510806
1 0.04551630434782609 0.7721021611001965 0.050271739130434784 0.06679764243614932