0 0.2808417997097242 0.24156118143459915 0.07982583454281568 0.04852320675105485
0 0.7576197387518142 0.09177215189873418 0.08708272859216255 0.09915611814345991
0 0.8773584905660378 0.9419831223628692 0.06531204644412192 0.06962025316455696
0 0.8686502177068215 0.8586497890295358 0.07982583454281568 0.0759493670886076
0 0.6030478955007257 0.8881856540084389 0.062409288824383166 0.09282700421940929
0 0.5268505079825835 0.6719409282700421 0.10740203193033382 0.06962025316455696
0 0.33962264150943394 0.8786919831223629 0.055152394775036286 0.08227848101265822
0 0.44992743105950656 0.7827004219409283 0.0841799709724238 0.12236286919831224
0 0.2888243831640058 0.8681434599156118 0.04644412191582003 0.09071729957805907
0 0.1792452830188679 0.8860759493670886 0.062409288824383166 0.046413502109704644
1 0.251088534107402 0.4757383966244726 0.07547169811320754 0.07805907172995781
1 0.816400580551524 0.49261603375527424 0.09143686502177069 0.07383966244725738
1 0.8338171262699564 0.8934599156118144 0.033381712626995644 0.11181434599156118
1 0.6480406386066764 0.44831223628691985 0.08272859216255443 0.06118143459915612
1 0.5420899854862119 0.8618143459915611 0.0420899854862119 0.0949367088607595
1 0.2779390420899855 0.7658227848101266 0.02467343976777939 0.09282700421940929
1 0.16618287373004353 0.7584388185654009 0.02177068214804064 0.09071729957805907
1 0.07256894049346879 0.7932489451476793 0.023222060957910014 0.08438818565400844