0 0.3023088023088023 0.10892116182572614 0.05627705627705628 0.06431535269709543
0 0.6204906204906205 0.22614107883817428 0.05772005772005772 0.04564315352697095
0 0.6875901875901876 0.23443983402489627 0.05627705627705628 0.04564315352697095
0 0.7453102453102453 0.3360995850622407 0.03607503607503607 0.07468879668049792
0 0.8831168831168831 0.23029045643153526 0.04040404040404041 0.04979253112033195
0 0.48412698412698413 0.7085062240663901 0.06204906204906205 0.09336099585062241
0 0.481962481962482 0.8682572614107884 0.049062049062049064 0.07261410788381743
0 0.4509379509379509 0.7437759336099585 0.05916305916305916 0.07676348547717843
0 0.29292929292929293 0.8703319502074689 0.05194805194805195 0.09336099585062241
0 0.1341991341991342 0.7935684647302904 0.08080808080808081 0.08091286307053942
1 0.6204906204906205 0.45643153526970953 0.06060606060606061 0.06639004149377593
1 0.6991341991341992 0.45435684647302904 0.06493506493506493 0.058091286307053944
1 0.8477633477633477 0.24896265560165975 0.03896103896103896 0.058091286307053944
1 0.8997113997113997 0.4087136929460581 0.047619047619047616 0.058091286307053944
1 0.670995670995671 0.7282157676348547 0.03751803751803752 0.0954356846473029
1 0.6645021645021645 0.8506224066390041 0.05627705627705628 0.08713692946058091
1 0.3318903318903319 0.8796680497925311 0.05772005772005772 0.07468879668049792
1 0.13131313131313133 0.8765560165975104 0.049062049062049064 0.07261410788381743
1 0.11183261183261184 0.18983402489626555 0.06782106782106782 0.08921161825726141