0 0.25971223021582734 0.13948919449901767 0.053237410071942444 0.09430255402750491
0 0.38848920863309355 0.6964636542239686 0.07194244604316546 0.07662082514734773
0 0.6848920863309352 0.45579567779960706 0.04892086330935252 0.08644400785854617
0 0.8611510791366906 0.47053045186640474 0.03884892086330935 0.10019646365422397
0 0.7611510791366907 0.3113948919449902 0.031654676258992806 0.08840864440078586
0 0.9776978417266187 0.28487229862475444 0.04460431654676259 0.07858546168958742
0 0.979136690647482 0.762278978388998 0.041726618705035974 0.0550098231827112
0 0.8985611510791367 0.787819253438114 0.05611510791366906 0.06679764243614932
0 0.8330935251798561 0.7721021611001965 0.06906474820143885 0.05893909626719057
0 0.7381294964028777 0.787819253438114 0.051798561151079135 0.0825147347740668
0 0.7431654676258993 0.668958742632613 0.04460431654676259 0.08055009823182711
1 0.10719424460431655 0.12475442043222004 0.030215827338129497 0.068762278978389
1 0.3971223021582734 0.42534381139489197 0.05467625899280575 0.060903732809430254
1 0.5906474820143884 0.27897838899803534 0.041726618705035974 0.0825147347740668
1 0.5474820143884892 0.637524557956778 0.050359712230215826 0.07662082514734773
1 0.5712230215827339 0.7416502946954814 0.034532374100719423 0.08840864440078586
1 0.5892086330935252 0.8143418467583498 0.033093525179856115 0.068762278978389
1 0.7733812949640287 0.5717092337917485 0.05611510791366906 0.05893909626719057
1 0.7431654676258993 0.3948919449901768 0.050359712230215826 0.05893909626719057
1 0.8618705035971223 0.6227897838899804 0.051798561151079135 0.0550098231827112
1 0.9431654676258993 0.6542239685658153 0.03884892086330935 0.03929273084479371
1 0.9848920863309353 0.44695481335952847 0.030215827338129497 0.04518664047151277