0 0.2273381294964029 0.11493123772102161 0.07482014388489208 0.09233791748526522
0 0.27697841726618705 0.21021611001964635 0.06762589928057554 0.07858546168958742
0 0.03669064748201439 0.2043222003929273 0.030215827338129497 0.07858546168958742
0 0.4553956834532374 0.17976424361493124 0.08201438848920864 0.09233791748526522
0 0.5964028776978417 0.831041257367387 0.07050359712230216 0.09430255402750491
0 0.737410071942446 0.8084479371316307 0.041726618705035974 0.06483300589390963
0 0.7726618705035971 0.7671905697445972 0.04028776978417266 0.08447937131630648
0 0.9374100719424461 0.768172888015717 0.04748201438848921 0.047151277013752456
0 0.6690647482014388 0.2180746561886051 0.06330935251798561 0.047151277013752456
0 0.739568345323741 0.23280943025540274 0.06330935251798561 0.04518664047151277
0 0.06978417266187051 0.15913555992141454 0.0618705035971223 0.05108055009823183
1 0.05755395683453238 0.12082514734774066 0.04028776978417266 0.08447937131630648
1 0.09280575539568345 0.3801571709233792 0.06762589928057554 0.04911591355599214
1 0.03237410071942446 0.4518664047151277 0.04748201438848921 0.05893909626719057
1 0.4115107913669065 0.38212180746561886 0.03741007194244604 0.06483300589390963
1 0.6007194244604317 0.16601178781925344 0.033093525179856115 0.068762278978389
1 0.6805755395683454 0.3831041257367387 0.051798561151079135 0.06286836935166994
1 0.779136690647482 0.41355599214145383 0.04748201438848921 0.060903732809430254
1 0.9273381294964029 0.6974459724950884 0.030215827338129497 0.05108055009823183
1 0.6431654676258993 0.7111984282907662 0.051798561151079135 0.05893909626719057
1 0.6194244604316547 0.7966601178781926 0.04748201438848921 0.06483300589390963
1 0.43453237410071943 0.7946954813359528 0.04316546762589928 0.0962671905697446