0 0.3645690834473324 0.12394957983193278 0.0533515731874145 0.08823529411764706
0 0.3625170998632011 0.06302521008403361 0.07660738714090287 0.07983193277310924
0 0.6217510259917921 0.14495798319327732 0.03967168262653899 0.07983193277310924
0 0.8194254445964432 0.7352941176470589 0.038303693570451436 0.06722689075630252
0 0.4439124487004104 0.4474789915966387 0.0533515731874145 0.10084033613445378
0 0.36183310533515733 0.3392857142857143 0.0506155950752394 0.10294117647058823
0 0.25239398084815323 0.8371848739495799 0.06155950752393981 0.09453781512605042
0 0.05129958960328317 0.5819327731092437 0.06976744186046512 0.12605042016806722
0 0.054035567715458276 0.17857142857142858 0.0506155950752394 0.07563025210084033
1 0.07729138166894665 0.49789915966386555 0.06429548563611491 0.09243697478991597
1 0.08344733242134063 0.9138655462184874 0.06292749658002736 0.06302521008403361
1 0.38372093023255816 0.5913865546218487 0.06155950752393981 0.07773109243697479
1 0.23392612859097128 0.5966386554621849 0.057455540355677154 0.10084033613445378
1 0.22366621067031464 0.3130252100840336 0.047879616963064295 0.1134453781512605
1 0.5314637482900136 0.09453781512605042 0.03967168262653899 0.06302521008403361
1 0.4829001367989056 0.19852941176470587 0.049247606019151846 0.0861344537815126
1 0.6333789329685362 0.5934873949579832 0.057455540355677154 0.05672268907563025
1 0.7393980848153214 0.49789915966386555 0.058823529411764705 0.07563025210084033
1 0.8242134062927496 0.5042016806722689 0.0533515731874145 0.07142857142857142
1 0.15253077975376197 0.10294117647058823 0.036935704514363885 0.058823529411764705