0 0.04551630434782609 0.3064159292035398 0.042119565217391304 0.07300884955752213
0 0.38654891304347827 0.8473451327433629 0.06114130434782609 0.10619469026548672
0 0.5366847826086957 0.8960176991150443 0.059782608695652176 0.0752212389380531
0 0.6005434782608695 0.8783185840707964 0.06793478260869565 0.08849557522123894
0 0.592391304347826 0.9358407079646017 0.05434782608695652 0.07079646017699115
0 0.6616847826086957 0.5 0.051630434782608696 0.12831858407079647
0 0.6650815217391305 0.375 0.050271739130434784 0.12168141592920353
0 0.5591032608695652 0.27876106194690264 0.058423913043478264 0.12831858407079647
0 0.6229619565217391 0.12057522123893805 0.05298913043478261 0.06858407079646017
0 0.9483695652173914 0.35398230088495575 0.05434782608695652 0.12831858407079647
0 0.9103260869565217 0.35508849557522126 0.057065217391304345 0.10398230088495575
0 0.7377717391304348 0.6703539823008849 0.035326086956521736 0.11946902654867257
0 0.8063858695652174 0.7466814159292036 0.058423913043478264 0.10398230088495575
1 0.2105978260869565 0.42920353982300885 0.057065217391304345 0.07964601769911504
1 0.24728260869565216 0.3893805309734513 0.035326086956521736 0.0752212389380531
1 0.29279891304347827 0.42146017699115046 0.06114130434782609 0.07743362831858407
1 0.2391304347826087 0.7920353982300885 0.04619565217391304 0.084070796460177
1 0.6182065217391305 0.6880530973451328 0.06521739130434782 0.07964601769911504
1 0.8566576086956522 0.4336283185840708 0.06114130434782609 0.12389380530973451
1 0.9028532608695652 0.7223451327433629 0.058423913043478264 0.1084070796460177
1 0.8661684782608695 0.8329646017699115 0.06385869565217392 0.1084070796460177
1 0.7146739130434783 0.9347345132743363 0.04619565217391304 0.08628318584070796
1 0.704483695652174 0.6902654867256637 0.05298913043478261 0.09734513274336283
1 0.9259510869565217 0.09623893805309734 0.06385869565217392 0.08185840707964602
1 0.8498641304347826 0.08517699115044247 0.058423913043478264 0.09513274336283185
1 0.8519021739130435 0.27986725663716816 0.06793478260869565 0.11283185840707964
1 0.019021739130434784 0.49668141592920356 0.03260869565217391 0.06415929203539823