0 0.28464673913043476 0.22102161100196463 0.05570652173913043 0.08055009823182711
0 0.20855978260869565 0.4194499017681729 0.058423913043478264 0.08447937131630648
0 0.20923913043478262 0.7131630648330058 0.07336956521739131 0.07072691552062868
0 0.030570652173913044 0.5717092337917485 0.042119565217391304 0.05108055009823183
0 0.035326086956521736 0.5098231827111984 0.035326086956521736 0.07269155206286837
0 0.09375 0.28094302554027506 0.04891304347826087 0.05108055009823183
0 0.11073369565217392 0.36836935166994106 0.05298913043478261 0.08447937131630648
1 0.044157608695652176 0.7603143418467584 0.042119565217391304 0.05893909626719057
1 0.09646739130434782 0.7043222003929273 0.043478260869565216 0.08055009823182711
1 0.15353260869565216 0.4793713163064833 0.04076086956521739 0.07072691552062868
1 0.16168478260869565 0.2681728880157171 0.03260869565217391 0.09233791748526522
1 0.13790760869565216 0.293713163064833 0.05570652173913043 0.05697445972495088
1 0.052309782608695655 0.29469548133595286 0.042119565217391304 0.047151277013752456
1 0.06521739130434782 0.4931237721021611 0.04076086956521739 0.09823182711198428
1 0.059782608695652176 0.5697445972495089 0.03260869565217391 0.09430255402750491
1 0.11956521739130435 0.6031434184675835 0.05434782608695652 0.047151277013752456
1 0.10801630434782608 0.7779960707269156 0.025815217391304348 0.06679764243614932