0 0.29784172661870506 0.11591355599214145 0.08345323741007195 0.09037328094302555
0 0.239568345323741 0.25343811394891946 0.07625899280575539 0.0550098231827112
0 0.03669064748201439 0.5353634577603144 0.07050359712230216 0.07662082514734773
0 0.5151079136690647 0.27210216110019647 0.05755395683453238 0.10412573673870335
0 0.5237410071942447 0.18860510805500982 0.07194244604316546 0.09823182711198428
0 0.6611510791366907 0.2180746561886051 0.07625899280575539 0.03929273084479371
0 0.7230215827338129 0.23772102161100198 0.06474820143884892 0.0550098231827112
0 0.6690647482014388 0.6915520628683693 0.051798561151079135 0.12180746561886051
0 0.7093525179856115 0.8084479371316307 0.0460431654676259 0.07662082514734773
1 0.10287769784172662 0.3025540275049116 0.05611510791366906 0.06679764243614932
1 0.13884892086330936 0.27210216110019647 0.07050359712230216 0.060903732809430254
1 0.11654676258992806 0.10019646365422397 0.05755395683453238 0.0825147347740668
1 0.33741007194244604 0.4901768172888016 0.07913669064748201 0.068762278978389
1 0.32014388489208634 0.30157170923379173 0.053237410071942444 0.0962671905697446
1 0.36258992805755397 0.12671905697445973 0.05755395683453238 0.07269155206286837
1 0.6330935251798561 0.3418467583497053 0.05467625899280575 0.07465618860510806
1 0.6877697841726619 0.3693516699410609 0.05755395683453238 0.0825147347740668
1 0.5302158273381294 0.6257367387033399 0.05611510791366906 0.0962671905697446
1 0.5820143884892086 0.7927308447937131 0.0618705035971223 0.08840864440078586