0 0.21988388969521044 0.3333333333333333 0.05660377358490566 0.10548523206751055
0 0.5616835994194485 0.8871308016877637 0.08127721335268505 0.12869198312236288
0 0.5921625544267054 0.6940928270042194 0.06676342525399129 0.11392405063291139
0 0.6973875181422351 0.760548523206751 0.07402031930333818 0.10759493670886076
0 0.9564586357039188 0.3924050632911392 0.06095791001451379 0.11392405063291139
0 0.9586357039187228 0.2689873417721519 0.07111756168359942 0.1160337552742616
0 0.6785195936139332 0.1529535864978903 0.07692307692307693 0.11181434599156118
0 0.7343976777939042 0.10548523206751055 0.06095791001451379 0.05907172995780591
1 0.11175616835994194 0.27531645569620256 0.023222060957910014 0.0949367088607595
1 0.3519593613933237 0.8734177215189873 0.0420899854862119 0.08860759493670886
1 0.7568940493468795 0.9103375527426161 0.047895500725689405 0.1160337552742616
1 0.8105950653120464 0.9145569620253164 0.047895500725689405 0.12447257383966245
1 0.9267053701015965 0.759493670886076 0.04499274310595065 0.11814345991561181
1 0.95355587808418 0.709915611814346 0.06676342525399129 0.07805907172995781
1 0.7815674891146589 0.5875527426160337 0.047895500725689405 0.11181434599156118
1 0.7873730043541364 0.39556962025316456 0.05370101596516691 0.13291139240506328
1 0.9412191582002902 0.21308016877637131 0.0420899854862119 0.10970464135021098