0 0.33515731874145005 0.1207983193277311 0.03283173734610123 0.06512605042016807
0 0.353625170998632 0.28781512605042014 0.04514363885088919 0.09243697478991597
0 0.4377564979480164 0.41386554621848737 0.04103967168262654 0.10084033613445378
0 0.06634746922024624 0.10084033613445378 0.047879616963064295 0.06722689075630252
0 0.12448700410396717 0.0861344537815126 0.046511627906976744 0.0546218487394958
0 0.08549931600547196 0.5756302521008403 0.08344733242134063 0.09243697478991597
0 0.33652530779753764 0.8991596638655462 0.05198358413132695 0.1134453781512605
0 0.36730506155950754 0.8266806722689075 0.0560875512995896 0.0861344537815126
0 0.939124487004104 0.3792016806722689 0.04240766073871409 0.05672268907563025
1 0.04719562243502052 0.3897058823529412 0.0560875512995896 0.0861344537815126
1 0.12859097127222982 0.36869747899159666 0.038303693570451436 0.06932773109243698
1 0.15663474692202461 0.09138655462184873 0.017783857729138167 0.07352941176470588
1 0.2161422708618331 0.30567226890756305 0.038303693570451436 0.10714285714285714
1 0.22913816689466485 0.4569327731092437 0.04240766073871409 0.09453781512605042
1 0.13885088919288646 0.8855042016806722 0.06155950752393981 0.052521008403361345
1 0.15595075239398085 0.7384453781512605 0.03556771545827633 0.11554621848739496
1 0.4151846785225718 0.5493697478991597 0.06976744186046512 0.0861344537815126
1 0.771545827633379 0.5189075630252101 0.046511627906976744 0.0546218487394958
1 0.8132694938440492 0.5619747899159664 0.036935704514363885 0.06092436974789916
1 0.9179206566347469 0.5367647058823529 0.049247606019151846 0.05672268907563025