0 0.2772133526850508 0.25316455696202533 0.06966618287373004 0.05907172995780591
0 0.30551523947750364 0.8565400843881856 0.08853410740203194 0.09282700421940929
0 0.3563134978229318 0.6413502109704642 0.09433962264150944 0.06751054852320675
0 0.7169811320754716 0.8343881856540084 0.06966618287373004 0.12447257383966245
0 0.9063860667634253 0.45675105485232065 0.06821480406386067 0.12869198312236288
0 0.9680696661828737 0.5896624472573839 0.05224963715529753 0.07383966244725738
0 0.8824383164005806 0.33122362869198313 0.10449927431059507 0.13924050632911392
0 0.5892597968069666 0.23417721518987342 0.09288824383164006 0.10126582278481013
0 0.6146589259796807 0.1339662447257384 0.07692307692307693 0.10337552742616034
0 0.7438316400580551 0.08755274261603375 0.059506531204644414 0.07805907172995781
1 0.32220609579100146 0.42510548523206754 0.0783744557329463 0.06962025316455696
1 0.28664731494920176 0.5643459915611815 0.06821480406386067 0.07805907172995781
1 0.4876632801161103 0.8744725738396625 0.07256894049346879 0.08227848101265822
1 0.9375907111756169 0.8554852320675106 0.04354136429608128 0.09071729957805907
1 0.7910014513788098 0.6888185654008439 0.03483309143686502 0.10759493670886076
1 0.6777939042089985 0.6044303797468354 0.06386066763425254 0.1160337552742616
1 0.6313497822931785 0.47468354430379744 0.03193033381712627 0.11814345991561181
1 0.8156748911465893 0.3291139240506329 0.04354136429608128 0.10548523206751055
1 0.8809869375907112 0.23523206751054854 0.04354136429608128 0.08649789029535865
1 0.9557329462989841 0.20042194092827004 0.06821480406386067 0.06751054852320675