0 0.12554112554112554 0.06016597510373444 0.08080808080808081 0.04979253112033195
0 0.27056277056277056 0.10269709543568464 0.06782106782106782 0.056016597510373446
0 0.06204906204906205 0.41286307053941906 0.06060606060606061 0.08713692946058091
0 0.20562770562770563 0.5975103734439834 0.05916305916305916 0.0912863070539419
0 0.21356421356421357 0.9004149377593361 0.05194805194805195 0.07468879668049792
0 0.6305916305916306 0.229253112033195 0.05194805194805195 0.043568464730290454
0 0.6868686868686869 0.27593360995850624 0.049062049062049064 0.058091286307053944
0 0.9372294372294372 0.25622406639004147 0.04184704184704185 0.03941908713692946
0 0.05483405483405483 0.4979253112033195 0.05772005772005772 0.07883817427385892
1 0.16883116883116883 0.24273858921161826 0.07503607503607504 0.07053941908713693
1 0.11038961038961038 0.1441908713692946 0.047619047619047616 0.06016597510373444
1 0.6356421356421357 0.4605809128630705 0.050505050505050504 0.06639004149377593
1 0.7056277056277056 0.5051867219917012 0.05772005772005772 0.06431535269709543
1 0.9191919191919192 0.37344398340248963 0.04329004329004329 0.04979253112033195
1 0.049062049062049064 0.6441908713692946 0.05772005772005772 0.08091286307053942
1 0.19408369408369408 0.7842323651452282 0.0735930735930736 0.0954356846473029
1 0.05266955266955267 0.8993775933609959 0.03896103896103896 0.08506224066390042