0 0.18070652173913043 0.2043222003929273 0.04619565217391304 0.07072691552062868
0 0.5258152173913043 0.2888015717092338 0.08152173913043478 0.10609037328094302
0 0.2860054347826087 0.7544204322200393 0.07472826086956522 0.03143418467583497
0 0.22554347826086957 0.7524557956777996 0.07065217391304347 0.043222003929273084
0 0.16779891304347827 0.7239685658153242 0.050271739130434784 0.068762278978389
0 0.04551630434782609 0.7131630648330058 0.03125 0.08644400785854617
0 0.06385869565217392 0.6178781925343811 0.04891304347826087 0.0962671905697446
0 0.034646739130434784 0.6159135559921415 0.028532608695652172 0.10019646365422397
0 0.13926630434782608 0.2583497053045187 0.06114130434782609 0.04911591355599214
1 0.04076086956521739 0.3742632612966601 0.035326086956521736 0.03732809430255403
1 0.08423913043478261 0.32711198428290766 0.04619565217391304 0.03339882121807466
1 0.09578804347826086 0.4223968565815324 0.03125 0.0550098231827112
1 0.14605978260869565 0.4862475442043222 0.06114130434782609 0.04518664047151277
1 0.23709239130434784 0.3241650294695481 0.05298913043478261 0.06679764243614932
1 0.6908967391304348 0.49410609037328096 0.07744565217391304 0.08055009823182711
1 0.2554347826086957 0.5451866404715128 0.05434782608695652 0.07269155206286837
1 0.19021739130434784 0.5068762278978389 0.07336956521739131 0.07465618860510806
1 0.11345108695652174 0.5422396856581533 0.050271739130434784 0.047151277013752456
1 0.14130434782608695 0.7897838899803536 0.04891304347826087 0.05893909626719057
1 0.12839673913043478 0.7220039292730844 0.028532608695652172 0.060903732809430254