0 0.32605820105820105 0.6547619047619048 0.04365079365079365 0.07575757575757576
0 0.4451058201058201 0.5497835497835498 0.05952380952380952 0.09090909090909091
0 0.3425925925925926 0.7023809523809523 0.05026455026455026 0.0670995670995671
0 0.37566137566137564 0.7705627705627706 0.042328042328042326 0.08225108225108226
0 0.32341269841269843 0.7478354978354979 0.05423280423280423 0.05844155844155844
0 0.5906084656084656 0.7575757575757576 0.04365079365079365 0.0735930735930736
0 0.6587301587301587 0.5357142857142857 0.05026455026455026 0.07575757575757576
0 0.4742063492063492 0.48484848484848486 0.07539682539682539 0.09090909090909091
0 0.45171957671957674 0.41233766233766234 0.04894179894179894 0.11038961038961038
0 0.5595238095238095 0.2326839826839827 0.06084656084656084 0.10173160173160173
0 0.4794973544973545 0.11580086580086581 0.04365079365079365 0.11904761904761904
0 0.9166666666666666 0.9177489177489178 0.06878306878306878 0.06060606060606061
0 0.878968253968254 0.5162337662337663 0.041005291005291 0.06277056277056277
0 0.591931216931217 0.9145021645021645 0.04894179894179894 0.08008658008658008
0 0.8564814814814815 0.9264069264069265 0.04365079365079365 0.07792207792207792
0 0.9708994708994709 0.6103896103896104 0.03968253968253968 0.08658008658008658
1 0.666005291005291 0.15800865800865802 0.04365079365079365 0.10822510822510822
1 0.7275132275132276 0.27380952380952384 0.0582010582010582 0.07575757575757576
1 0.6256613756613757 0.25432900432900435 0.047619047619047616 0.09740259740259741
1 0.42857142857142855 0.3008658008658009 0.05555555555555555 0.0735930735930736
1 0.6236772486772487 0.4935064935064935 0.051587301587301584 0.09956709956709957
1 0.6236772486772487 0.6699134199134199 0.051587301587301584 0.08874458874458875
1 0.45701058201058203 0.6547619047619048 0.04894179894179894 0.05844155844155844
1 0.44907407407407407 0.7186147186147186 0.03042328042328042 0.05194805194805195
1 0.5006613756613757 0.7586580086580087 0.04894179894179894 0.08874458874458875
1 0.45701058201058203 0.8495670995670995 0.027777777777777776 0.04112554112554113
1 0.42328042328042326 0.8387445887445888 0.03439153439153439 0.045454545454545456
1 0.210978835978836 0.7294372294372294 0.03835978835978836 0.0735930735930736
1 0.9054232804232805 0.3538961038961039 0.0701058201058201 0.08874458874458875
1 0.9378306878306878 0.6439393939393939 0.06084656084656084 0.08874458874458875
1 0.8776455026455027 0.8430735930735931 0.05952380952380952 0.0670995670995671
1 0.7691798941798942 0.9199134199134199 0.05952380952380952 0.09090909090909091
1 0.7824074074074074 0.7229437229437229 0.046296296296296294 0.09523809523809523