0 0.16378066378066378 0.17012448132780084 0.06204906204906205 0.07053941908713693
0 0.02958152958152958 0.3869294605809129 0.047619047619047616 0.08506224066390042
0 0.0772005772005772 0.6130705394190872 0.05339105339105339 0.09336099585062241
0 0.17027417027417027 0.8371369294605809 0.05772005772005772 0.08506224066390042
0 0.645021645021645 0.8433609958506224 0.04040404040404041 0.10580912863070539
0 0.6507936507936508 0.8018672199170125 0.06349206349206349 0.08921161825726141
0 0.7272727272727273 0.3620331950207469 0.049062049062049064 0.06431535269709543
0 0.6746031746031746 0.40352697095435686 0.05627705627705628 0.07676348547717843
1 0.1782106782106782 0.25 0.05339105339105339 0.07676348547717843
1 0.06060606060606061 0.11203319502074689 0.049062049062049064 0.11618257261410789
1 0.48268398268398266 0.8558091286307054 0.05627705627705628 0.07676348547717843
1 0.7922077922077922 0.783195020746888 0.04329004329004329 0.07261410788381743
1 0.7525252525252525 0.5757261410788381 0.05916305916305916 0.06846473029045644
1 0.7380952380952381 0.21991701244813278 0.050505050505050504 0.0912863070539419
1 0.044733044733044736 0.9045643153526971 0.046176046176046176 0.1078838174273859