0 0.05638586956521739 0.2819253438113949 0.058423913043478264 0.0412573673870334
0 0.20720108695652173 0.27210216110019647 0.036684782608695655 0.10412573673870335
0 0.18410326086956522 0.2593320235756385 0.050271739130434784 0.06679764243614932
0 0.203125 0.3418467583497053 0.05570652173913043 0.09037328094302555
0 0.14266304347826086 0.6895874263261297 0.05434782608695652 0.09430255402750491
0 0.23709239130434784 0.7445972495088409 0.04755434782608696 0.06286836935166994
0 0.29008152173913043 0.7347740667976425 0.07201086956521739 0.0825147347740668
0 0.050951086956521736 0.7789783889980354 0.03125 0.068762278978389
0 0.036005434782608696 0.724950884086444 0.03940217391304348 0.06679764243614932
1 0.1331521739130435 0.768172888015717 0.04076086956521739 0.07072691552062868
1 0.057065217391304345 0.6905697445972495 0.024456521739130436 0.08447937131630648
1 0.058423913043478264 0.5569744597249509 0.051630434782608696 0.07269155206286837
1 0.01970108695652174 0.481335952848723 0.036684782608695655 0.05108055009823183
1 0.1487771739130435 0.41846758349705304 0.06114130434782609 0.07858546168958742
1 0.09375 0.37524557956778 0.02717391304347826 0.09823182711198428
1 0.08559782608695653 0.3005893909626719 0.03260869565217391 0.09823182711198428
1 0.23505434782608695 0.5638506876227898 0.04619565217391304 0.05108055009823183
1 0.30434782608695654 0.5039292730844793 0.07880434782608696 0.060903732809430254
1 0.3702445652173913 0.23084479371316308 0.06114130434782609 0.11198428290766209