0 0.8804347826086957 0.7583497053045186 0.08152173913043478 0.12180746561886051
0 0.28940217391304346 0.75049115913556 0.07608695652173914 0.0550098231827112
0 0.2262228260869565 0.7426326129666012 0.06385869565217392 0.03929273084479371
0 0.25203804347826086 0.555992141453831 0.058423913043478264 0.09823182711198428
0 0.20244565217391305 0.44106090373280943 0.057065217391304345 0.07269155206286837
0 0.05502717391304348 0.29764243614931235 0.04755434782608696 0.08840864440078586
0 0.024456521739130436 0.5707269155206287 0.043478260869565216 0.08055009823182711
0 0.09782608695652174 0.7838899803536346 0.02717391304347826 0.07465618860510806
0 0.109375 0.7367387033398821 0.04755434782608696 0.047151277013752456
0 0.1324728260869565 0.8035363457760314 0.058423913043478264 0.0825147347740668
1 0.018342391304347828 0.775049115913556 0.03125 0.060903732809430254
1 0.08152173913043478 0.5147347740667977 0.051630434782608696 0.07465618860510806
1 0.15217391304347827 0.56286836935167 0.043478260869565216 0.06483300589390963
1 0.20040760869565216 0.518664047151277 0.06385869565217392 0.05108055009823183
1 0.30978260869565216 0.5402750491159135 0.09782608695652174 0.06679764243614932
1 0.2595108695652174 0.25343811394891946 0.07065217391304347 0.06679764243614932
1 0.09714673913043478 0.36738703339882123 0.042119565217391304 0.0550098231827112
1 0.15353260869565216 0.29960707269155207 0.04619565217391304 0.08055009823182711
1 0.0625 0.3664047151277014 0.06521739130434782 0.06483300589390963
1 0.9211956521739131 0.4027504911591356 0.10054347826086957 0.09037328094302555