0 0.07697547683923706 0.39760348583877997 0.0667574931880109 0.09368191721132897
0 0.3228882833787466 0.4433551198257081 0.051771117166212535 0.12418300653594772
0 0.3916893732970027 0.5588235294117647 0.0667574931880109 0.10239651416122005
0 0.30040871934604907 0.565359477124183 0.05040871934604905 0.10239651416122005
0 0.33446866485013627 0.8322440087145969 0.06403269754768393 0.12200435729847495
0 0.3290190735694823 0.9074074074074074 0.08038147138964577 0.08932461873638345
0 0.05381471389645776 0.8627450980392157 0.05858310626702997 0.0915032679738562
0 0.8494550408719346 0.21895424836601307 0.06130790190735695 0.06753812636165578
0 0.7568119891008175 0.19389978213507625 0.05313351498637602 0.06100217864923747
1 0.28678474114441416 0.3300653594771242 0.05858310626702997 0.14161220043572983
1 0.6444141689373297 0.15904139433551198 0.043596730245231606 0.08714596949891068
1 0.8610354223433242 0.45098039215686275 0.051771117166212535 0.0784313725490196
1 0.7268392370572208 0.5522875816993464 0.06130790190735695 0.08496732026143791
1 0.4604904632152589 0.6078431372549019 0.0681198910081744 0.08714596949891068
1 0.20572207084468666 0.7570806100217865 0.07356948228882834 0.10239651416122005
1 0.11103542234332425 0.6938997821350763 0.04495912806539509 0.1111111111111111
1 0.10626702997275204 0.5065359477124183 0.03814713896457766 0.1111111111111111
1 0.04904632152588556 0.47167755991285404 0.0681198910081744 0.0718954248366013
1 0.09877384196185286 0.8660130718954249 0.05313351498637602 0.12418300653594772