0 0.05755395683453238 0.09823182711198428 0.051798561151079135 0.07072691552062868
0 0.1079136690647482 0.09430255402750491 0.03741007194244604 0.07072691552062868
0 0.20647482014388488 0.35461689587426326 0.08776978417266187 0.07662082514734773
0 0.0920863309352518 0.3605108055009823 0.06618705035971223 0.10019646365422397
0 0.3460431654676259 0.12475442043222004 0.07338129496402877 0.068762278978389
0 0.5258992805755396 0.2779960707269155 0.07913669064748201 0.06483300589390963
0 0.7071942446043166 0.27111984282907664 0.041726618705035974 0.09037328094302555
0 0.7935251798561151 0.7632612966601179 0.03597122302158273 0.10412573673870335
0 0.7496402877697842 0.8015717092337917 0.03741007194244604 0.07465618860510806
0 0.6316546762589929 0.8045186640471512 0.04892086330935252 0.08840864440078586
1 0.03093525179856115 0.4076620825147348 0.030215827338129497 0.068762278978389
1 0.23237410071942446 0.6404715127701375 0.07338129496402877 0.07465618860510806
1 0.24532374100719426 0.15029469548133595 0.04748201438848921 0.07269155206286837
1 0.27697841726618705 0.09724950884086445 0.041726618705035974 0.068762278978389
1 0.15899280575539568 0.21021611001964635 0.04748201438848921 0.07072691552062868
1 0.32302158273381293 0.3467583497053045 0.06762589928057554 0.07662082514734773
1 0.43381294964028777 0.10609037328094302 0.07050359712230216 0.07072691552062868
1 0.537410071942446 0.3074656188605108 0.04748201438848921 0.08447937131630648
1 0.44244604316546765 0.8005893909626719 0.050359712230215826 0.08840864440078586
1 0.6676258992805756 0.7102161100196464 0.04892086330935252 0.08055009823182711
1 0.6532374100719425 0.7996070726915521 0.034532374100719423 0.08644400785854617