0 0.21645021645021645 0.10580912863070539 0.05772005772005772 0.07468879668049792
0 0.3953823953823954 0.14315352697095435 0.05772005772005772 0.06224066390041494
0 0.683982683982684 0.23236514522821577 0.05483405483405483 0.04149377593360996
0 0.862914862914863 0.6089211618257261 0.04329004329004329 0.06846473029045644
0 0.7554112554112554 0.7188796680497925 0.04184704184704185 0.05186721991701245
0 0.7366522366522367 0.7904564315352697 0.03607503607503607 0.05394190871369295
0 0.4292929292929293 0.8703319502074689 0.05916305916305916 0.07261410788381743
0 0.05411255411255411 0.9076763485477178 0.05339105339105339 0.06846473029045644
1 0.7662337662337663 0.40975103734439833 0.05772005772005772 0.06016597510373444
1 0.9076479076479076 0.7624481327800829 0.046176046176046176 0.05186721991701245
1 0.6212121212121212 0.729253112033195 0.047619047619047616 0.08091286307053942
1 0.6277056277056277 0.8350622406639004 0.04329004329004329 0.06846473029045644
1 0.5930735930735931 0.8226141078838174 0.05194805194805195 0.06846473029045644
1 0.5815295815295816 0.23443983402489627 0.06060606060606061 0.08298755186721991
1 0.06132756132756133 0.0995850622406639 0.050505050505050504 0.0912863070539419
1 0.22727272727272727 0.8609958506224067 0.06782106782106782 0.1037344398340249