0 0.12160326086956522 0.26522593320235754 0.07472826086956522 0.06679764243614932
0 0.057065217391304345 0.3742632612966601 0.03804347826086957 0.05697445972495088
0 0.2269021739130435 0.7288801571709234 0.04619565217391304 0.07072691552062868
0 0.29008152173913043 0.7475442043222004 0.06929347826086957 0.068762278978389
0 0.18342391304347827 0.7367387033398821 0.04076086956521739 0.05893909626719057
0 0.06997282608695653 0.7544204322200393 0.05298913043478261 0.07072691552062868
0 0.03328804347826087 0.5726915520628684 0.042119565217391304 0.05304518664047151
1 0.046875 0.3153241650294695 0.028532608695652172 0.08055009823182711
1 0.06453804347826086 0.5333988212180747 0.050271739130434784 0.05304518664047151
1 0.04619565217391304 0.7642436149312377 0.04076086956521739 0.07072691552062868
1 0.08220108695652174 0.6512770137524558 0.03940217391304348 0.07269155206286837
1 0.18546195652173914 0.5216110019646365 0.04483695652173913 0.08447937131630648
1 0.22418478260869565 0.5353634577603144 0.0625 0.068762278978389
1 0.28396739130434784 0.5451866404715128 0.057065217391304345 0.08840864440078586
1 0.15692934782608695 0.5294695481335953 0.04483695652173913 0.05697445972495088
1 0.16508152173913043 0.4351669941060904 0.050271739130434784 0.07269155206286837
1 0.1766304347826087 0.35461689587426326 0.06793478260869565 0.07269155206286837