0 0.36762589928057554 0.11591355599214145 0.050359712230215826 0.08644400785854617
0 0.418705035971223 0.1444007858546169 0.060431654676258995 0.08055009823182711
0 0.7553956834532374 0.27996070726915523 0.06618705035971223 0.07662082514734773
0 0.7892086330935252 0.3241650294695481 0.03597122302158273 0.07072691552062868
0 0.7482014388489209 0.793713163064833 0.031654676258992806 0.07072691552062868
0 0.33884892086330937 0.3840864440078585 0.04748201438848921 0.11198428290766209
0 0.12805755395683452 0.46168958742632615 0.0776978417266187 0.07858546168958742
0 0.046762589928057555 0.19842829076620824 0.04460431654676259 0.06679764243614932
0 0.27050359712230215 0.23968565815324164 0.06330935251798561 0.1100196463654224
1 0.21223021582733814 0.12573673870333987 0.053237410071942444 0.09823182711198428
1 0.30863309352517987 0.31335952848722987 0.07913669064748201 0.05304518664047151
1 0.5848920863309353 0.2632612966601179 0.041726618705035974 0.08644400785854617
1 0.6690647482014388 0.4223968565815324 0.05755395683453238 0.07465618860510806
1 0.5964028776978417 0.8055009823182712 0.041726618705035974 0.0825147347740668
1 0.04892086330935252 0.5569744597249509 0.06906474820143885 0.05304518664047151
1 0.038129496402877695 0.2642436149312377 0.033093525179856115 0.04911591355599214
1 0.13956834532374102 0.3781925343811395 0.06906474820143885 0.0412573673870334
1 0.16762589928057553 0.2819253438113949 0.03884892086330935 0.06483300589390963
1 0.09928057553956834 0.1944990176817289 0.04028776978417266 0.07465618860510806