0 0.1681096681096681 0.07676348547717843 0.06493506493506493 0.07883817427385892
0 0.1717171717171717 0.31431535269709543 0.08080808080808081 0.10580912863070539
0 0.19985569985569984 0.6784232365145229 0.047619047619047616 0.1078838174273859
0 0.2222222222222222 0.7655601659751037 0.049062049062049064 0.07883817427385892
0 0.5375180375180375 0.8433609958506224 0.05339105339105339 0.08091286307053942
0 0.6277056277056277 0.23236514522821577 0.06060606060606061 0.03734439834024896
0 0.6926406926406926 0.23858921161825727 0.046176046176046176 0.06224066390041494
0 0.9256854256854257 0.2603734439834025 0.03607503607503607 0.056016597510373446
0 0.8463203463203464 0.783195020746888 0.044733044733044736 0.056016597510373446
1 0.08441558441558442 0.6037344398340249 0.06782106782106782 0.06639004149377593
1 0.04256854256854257 0.7022821576763485 0.04184704184704185 0.12240663900414937
1 0.05555555555555555 0.8018672199170125 0.044733044733044736 0.08506224066390042
1 0.20562770562770563 0.8599585062240664 0.047619047619047616 0.08506224066390042
1 0.6926406926406926 0.8008298755186722 0.05194805194805195 0.08298755186721991
1 0.9365079365079365 0.7551867219917012 0.03463203463203463 0.06224066390041494
1 0.9408369408369408 0.40975103734439833 0.04040404040404041 0.056016597510373446
1 0.6572871572871573 0.4336099585062241 0.05339105339105339 0.05394190871369295
1 0.7049062049062049 0.4491701244813278 0.03896103896103896 0.06431535269709543