0 0.04028776978417266 0.33398821218074654 0.04316546762589928 0.05893909626719057
0 0.034532374100719423 0.56286836935167 0.04316546762589928 0.07269155206286837
0 0.08776978417266187 0.5766208251473477 0.06330935251798561 0.09233791748526522
0 0.2755395683453237 0.431237721021611 0.07338129496402877 0.05697445972495088
0 0.32014388489208634 0.5 0.058992805755395686 0.10019646365422397
0 0.2158273381294964 0.1168958742632613 0.06906474820143885 0.08840864440078586
0 0.36762589928057554 0.11984282907662082 0.06474820143884892 0.05893909626719057
0 0.741726618705036 0.2966601178781925 0.050359712230215826 0.07858546168958742
0 0.7525179856115108 0.343811394891945 0.04316546762589928 0.09037328094302555
0 0.6992805755395683 0.7966601178781926 0.04892086330935252 0.07662082514734773
0 0.6827338129496403 0.81237721021611 0.04748201438848921 0.08055009823182711
1 0.03669064748201439 0.37328094302554027 0.041726618705035974 0.047151277013752456
1 0.11223021582733812 0.15324165029469547 0.0460431654676259 0.05108055009823183
1 0.11510791366906475 0.3487229862475442 0.060431654676258995 0.03732809430255403
1 0.22805755395683452 0.1994106090373281 0.058992805755395686 0.060903732809430254
1 0.38057553956834533 0.20726915520628683 0.058992805755395686 0.060903732809430254
1 0.541726618705036 0.2180746561886051 0.03884892086330935 0.0825147347740668
1 0.4611510791366906 0.6797642436149313 0.05611510791366906 0.0825147347740668
1 0.5129496402877698 0.7760314341846758 0.033093525179856115 0.0825147347740668
1 0.6517985611510791 0.5049115913555993 0.06618705035971223 0.07072691552062868
1 0.5884892086330935 0.2632612966601179 0.04892086330935252 0.09037328094302555
1 0.8028776978417266 0.7671905697445972 0.031654676258992806 0.05697445972495088