0 0.25757575757575757 0.09647302904564316 0.06782106782106782 0.08091286307053942
0 0.056998556998557 0.3215767634854772 0.05339105339105339 0.07053941908713693
0 0.06060606060606061 0.6120331950207469 0.07215007215007214 0.05394190871369295
0 0.6392496392496393 0.22095435684647302 0.04329004329004329 0.03941908713692946
0 0.7049062049062049 0.24273858921161826 0.04184704184704185 0.04564315352697095
0 0.65007215007215 0.3630705394190871 0.03318903318903319 0.05394190871369295
0 0.9213564213564214 0.26348547717842324 0.03607503607503607 0.058091286307053944
0 0.8542568542568543 0.7406639004149378 0.02886002886002886 0.07468879668049792
1 0.05772005772005772 0.1462655601659751 0.046176046176046176 0.08506224066390042
1 0.14285714285714285 0.8609958506224067 0.05194805194805195 0.058091286307053944
1 0.09379509379509379 0.8983402489626556 0.04329004329004329 0.08713692946058091
1 0.5981240981240982 0.42012448132780084 0.05916305916305916 0.06016597510373444
1 0.6212121212121212 0.5715767634854771 0.05339105339105339 0.07676348547717843
1 0.7243867243867244 0.4460580912863071 0.06349206349206349 0.06224066390041494
1 0.9567099567099567 0.42531120331950206 0.046176046176046176 0.05394190871369295
1 0.7438672438672439 0.6991701244813278 0.044733044733044736 0.07883817427385892