0 0.1204644412191582 0.8248945147679325 0.05224963715529753 0.06329113924050633
0 0.295355587808418 0.24578059071729957 0.07982583454281568 0.04430379746835443
0 0.19085631349782292 0.6571729957805907 0.05660377358490566 0.06962025316455696
0 0.24963715529753266 0.7921940928270043 0.07547169811320754 0.0949367088607595
0 0.31422351233671986 0.8670886075949367 0.07692307692307693 0.08860759493670886
0 0.6008708272859217 0.1518987341772152 0.07256894049346879 0.10548523206751055
0 0.7452830188679245 0.0938818565400844 0.07402031930333818 0.10759493670886076
0 0.7452830188679245 0.16666666666666666 0.062409288824383166 0.07172995780590717
0 0.6269956458635704 0.6603375527426161 0.06095791001451379 0.1308016877637131
0 0.9629898403483309 0.49050632911392406 0.062409288824383166 0.08227848101265822
0 0.5761973875181422 0.9029535864978903 0.06676342525399129 0.11814345991561181
1 0.15892597968069666 0.40717299578059074 0.04499274310595065 0.08860759493670886
1 0.07982583454281568 0.5864978902953587 0.040638606676342524 0.046413502109704644
1 0.3251088534107402 0.7542194092827004 0.040638606676342524 0.1160337552742616
1 0.14586357039187228 0.7141350210970464 0.02177068214804064 0.07805907172995781
1 0.17126269956458637 0.8312236286919831 0.03483309143686502 0.06329113924050633
1 0.818577648766328 0.8744725738396625 0.06676342525399129 0.12025316455696203
1 0.8889695210449927 0.5664556962025317 0.05370101596516691 0.13291139240506328
1 0.8280116110304789 0.34282700421940926 0.047895500725689405 0.09915611814345991
1 0.9593613933236574 0.2795358649789029 0.04354136429608128 0.10759493670886076