0 0.6712230215827338 0.2131630648330059 0.07050359712230216 0.0412573673870334
0 0.7410071942446043 0.2318271119842829 0.05755395683453238 0.03536345776031434
0 0.9776978417266187 0.25736738703339884 0.04460431654676259 0.03929273084479371
0 0.5971223021582733 0.23968565815324164 0.05755395683453238 0.07465618860510806
0 0.4201438848920863 0.1168958742632613 0.060431654676258995 0.07662082514734773
0 0.10143884892086331 0.10805500982318271 0.04460431654676259 0.07465618860510806
0 0.07841726618705036 0.16110019646365423 0.050359712230215826 0.10609037328094302
0 0.05611510791366906 0.2337917485265226 0.051798561151079135 0.07072691552062868
0 0.04748201438848921 0.2956777996070727 0.04028776978417266 0.08447937131630648
1 0.03597122302158273 0.5540275049115914 0.04316546762589928 0.06679764243614932
1 0.10431654676258993 0.49803536345776034 0.08776978417266187 0.068762278978389
1 0.14532374100719425 0.3791748526522593 0.06330935251798561 0.07465618860510806
1 0.17841726618705037 0.27406679764243613 0.06330935251798561 0.08447937131630648
1 0.28129496402877696 0.19548133595284872 0.07050359712230216 0.06483300589390963
1 0.6014388489208633 0.16601178781925344 0.04892086330935252 0.08840864440078586
1 0.418705035971223 0.20923379174852652 0.04316546762589928 0.08055009823182711
1 0.7143884892086331 0.37721021611001965 0.058992805755395686 0.06286836935166994
1 0.779136690647482 0.4076620825147348 0.053237410071942444 0.06483300589390963
1 0.9618705035971223 0.3654223968565815 0.041726618705035974 0.043222003929273084