0 0.04716981132075472 0.3027426160337553 0.07111756168359942 0.04852320675105485
0 0.20391872278664733 0.24578059071729957 0.07402031930333818 0.06118143459915612
0 0.2772133526850508 0.23945147679324894 0.06386066763425254 0.052742616033755275
0 0.3483309143686502 0.21835443037974683 0.07256894049346879 0.04430379746835443
0 0.12917271407837447 0.8502109704641351 0.0783744557329463 0.09282700421940929
0 0.22351233671988388 0.8270042194092827 0.06386066763425254 0.0970464135021097
0 0.3011611030478955 0.8776371308016878 0.03918722786647315 0.11814345991561181
0 0.5754716981132075 0.8924050632911392 0.062409288824383166 0.12236286919831224
0 0.6828737300435413 0.7869198312236287 0.08272859216255443 0.12236286919831224
0 0.7053701015965167 0.12658227848101267 0.0841799709724238 0.0970464135021097
1 0.05805515239477504 0.4757383966244726 0.05224963715529753 0.056962025316455694
1 0.11248185776487664 0.439873417721519 0.05660377358490566 0.06962025316455696
1 0.2590711175616836 0.5147679324894515 0.08563134978229318 0.05907172995780591
1 0.37010159651669083 0.46729957805907174 0.08127721335268505 0.06118143459915612
1 0.9426705370101597 0.14029535864978904 0.06531204644412192 0.08649789029535865
1 0.9005805515239478 0.7911392405063291 0.03918722786647315 0.10126582278481013
1 0.8541364296081277 0.9208860759493671 0.0420899854862119 0.10337552742616034
1 0.4833091436865022 0.859704641350211 0.05224963715529753 0.11181434599156118
1 0.36574746008708275 0.7151898734177216 0.07547169811320754 0.11814345991561181
1 0.20899854862119013 0.6529535864978903 0.0841799709724238 0.06540084388185655