0 0.9482248520710059 0.10609480812641084 0.07100591715976332 0.1038374717832957
0 0.5968934911242604 0.36681715575620766 0.08431952662721894 0.11963882618510158
0 0.4171597633136095 0.1930022573363431 0.08579881656804733 0.0835214446952596
0 0.4467455621301775 0.7742663656884876 0.04437869822485207 0.08126410835214447
0 0.5554733727810651 0.8171557562076749 0.05473372781065089 0.09029345372460497
0 0.4408284023668639 0.8137697516930023 0.05325443786982249 0.0654627539503386
0 0.5739644970414202 0.5248306997742663 0.07100591715976332 0.0835214446952596
0 0.753698224852071 0.9153498871331829 0.05473372781065089 0.056433408577878104
0 0.8106508875739645 0.9446952595936795 0.07396449704142012 0.07900677200902935
1 0.2677514792899408 0.28555304740406323 0.05029585798816568 0.0654627539503386
1 0.8269230769230769 0.6038374717832957 0.08875739644970414 0.11963882618510158
1 0.900887573964497 0.4717832957110609 0.07100591715976332 0.1038374717832957
1 0.9245562130177515 0.8182844243792325 0.05325443786982249 0.08803611738148984
1 0.735207100591716 0.7031602708803611 0.05917159763313609 0.08803611738148984
1 0.6087278106508875 0.6568848758465011 0.060650887573964495 0.10835214446952596