0 0.4272863568215892 0.11159737417943107 0.05997001499250375 0.1050328227571116
0 0.7301349325337332 0.31838074398249455 0.053973013493253376 0.09409190371991247
0 0.23463268365817092 0.18161925601750548 0.0734632683658171 0.0962800875273523
0 0.13043478260869565 0.12800875273522977 0.07496251874062969 0.08533916849015317
0 0.06446776611694154 0.3862144420131291 0.050974512743628186 0.11597374179431072
0 0.02623688155922039 0.3413566739606127 0.046476761619190406 0.09190371991247265
0 0.2646176911544228 0.9059080962800875 0.08845577211394302 0.087527352297593
0 0.12743628185907047 0.8698030634573304 0.09295352323838081 0.12035010940919037
0 0.1664167916041979 0.9354485776805251 0.06896551724137931 0.08533916849015317
1 0.09970014992503748 0.6991247264770241 0.06146926536731634 0.11159737417943107
1 0.08020989505247376 0.06783369803063458 0.0734632683658171 0.08315098468271334
1 0.23163418290854573 0.08315098468271334 0.06446776611694154 0.0700218818380744
1 0.12368815592203898 0.449671772428884 0.06146926536731634 0.11159737417943107
1 0.3028485757121439 0.47155361050328226 0.06296851574212893 0.10284463894967177
1 0.56071964017991 0.2013129102844639 0.07796101949025487 0.087527352297593