0 0.07553956834532374 0.41453831041257366 0.0618705035971223 0.05108055009823183
0 0.06474820143884892 0.20923379174852652 0.08345323741007195 0.08447937131630648
0 0.4266187050359712 0.16011787819253437 0.07625899280575539 0.09233791748526522
0 0.6553956834532374 0.8074656188605108 0.05611510791366906 0.07858546168958742
0 0.8683453237410071 0.7858546168958742 0.041726618705035974 0.043222003929273084
0 0.6647482014388489 0.21414538310412573 0.06330935251798561 0.0550098231827112
0 0.6748201438848921 0.3074656188605108 0.05755395683453238 0.08055009823182711
0 0.7115107913669064 0.2475442043222004 0.06474820143884892 0.05893909626719057
1 0.1985611510791367 0.13457760314341846 0.05755395683453238 0.07662082514734773
1 0.1971223021582734 0.2220039292730845 0.06330935251798561 0.06286836935166994
1 0.1510791366906475 0.4548133595284872 0.06618705035971223 0.08840864440078586
1 0.05827338129496403 0.5726915520628684 0.07338129496402877 0.06483300589390963
1 0.5920863309352518 0.23968565815324164 0.053237410071942444 0.07072691552062868
1 0.6064748201438849 0.3241650294695481 0.04748201438848921 0.0550098231827112
1 0.7453237410071942 0.518664047151277 0.051798561151079135 0.05108055009823183
1 0.7820143884892087 0.4548133595284872 0.05611510791366906 0.05697445972495088
1 0.8669064748201439 0.6552062868369352 0.041726618705035974 0.06483300589390963
1 0.49424460431654677 0.8202357563850687 0.04460431654676259 0.07269155206286837