0 0.39495225102319237 0.1495983935742972 0.05593451568894952 0.09036144578313253
0 0.18758526603001363 0.4939759036144578 0.058663028649386086 0.11244979919678715
0 0.46043656207366984 0.8895582329317269 0.06412005457025921 0.08032128514056225
0 0.2605729877216917 0.9046184738955824 0.06275579809004093 0.06626506024096386
0 0.2053206002728513 0.8755020080321285 0.05320600272851296 0.08032128514056225
0 0.1903137789904502 0.9216867469879518 0.06412005457025921 0.07630522088353414
0 0.8485675306957708 0.39759036144578314 0.04365620736698499 0.10441767068273092
0 0.7680763983628922 0.29417670682730923 0.04638472032742155 0.09036144578313253
0 0.8096862210095498 0.23795180722891565 0.03956343792633015 0.08634538152610442
1 0.17803547066848568 0.1606425702811245 0.06684856753069578 0.10441767068273092
1 0.669849931787176 0.19879518072289157 0.07094133697135062 0.08032128514056225
1 0.645293315143247 0.357429718875502 0.06002728512960437 0.09236947791164658
1 0.7025920873124147 0.41767068273092367 0.06002728512960437 0.08433734939759036
1 0.7748976807639836 0.6335341365461847 0.05184174624829468 0.07429718875502007
1 0.6609822646657572 0.6526104417670683 0.06412005457025921 0.07630522088353414
1 0.37789904502046384 0.5401606425702812 0.0572987721691678 0.11244979919678715
1 0.30081855388813095 0.7630522088353414 0.05593451568894952 0.08835341365461848
1 0.16098226466575716 0.6666666666666666 0.06002728512960437 0.08433734939759036
1 0.09208731241473397 0.6767068273092369 0.058663028649386086 0.10843373493975904