0 0.21480406386066764 0.2468354430379747 0.05224963715529753 0.0759493670886076
0 0.22423802612481858 0.8481012658227848 0.07111756168359942 0.09282700421940929
0 0.2677793904208999 0.8681434599156118 0.047895500725689405 0.11181434599156118
0 0.5435413642960812 0.8871308016877637 0.07402031930333818 0.09915611814345991
0 0.6400580551523948 0.9092827004219409 0.07256894049346879 0.09282700421940929
0 0.9296081277213353 0.6044303797468354 0.08563134978229318 0.10759493670886076
0 0.8606676342525399 0.4757383966244726 0.09288824383164006 0.12025316455696203
0 0.6226415094339622 0.14345991561181434 0.0783744557329463 0.10548523206751055
0 0.7576197387518142 0.10021097046413502 0.06676342525399129 0.09915611814345991
1 0.09288824383164006 0.29535864978902954 0.04644412191582003 0.08438818565400844
1 0.32946298984034833 0.6962025316455697 0.07547169811320754 0.08860759493670886
1 0.4462989840348331 0.8523206751054853 0.07111756168359942 0.10126582278481013
1 0.7547169811320755 0.7225738396624473 0.06095791001451379 0.0949367088607595
1 0.8715529753265603 0.880801687763713 0.059506531204644414 0.1160337552742616
1 0.8497822931785196 0.3322784810126582 0.05079825834542816 0.1160337552742616
1 0.9600870827285921 0.17616033755274263 0.07982583454281568 0.06118143459915612