0 0.114 0.17608695652173914 0.04133333333333333 0.08260869565217391
0 0.218 0.14891304347826087 0.03333333333333333 0.07608695652173914
0 0.072 0.1967391304347826 0.037333333333333336 0.041304347826086954
0 0.10066666666666667 0.225 0.03333333333333333 0.04565217391304348
0 0.17466666666666666 0.558695652173913 0.02666666666666667 0.05217391304347826
0 0.36 0.7326086956521739 0.04533333333333334 0.14782608695652175
0 0.5906666666666667 0.47934782608695653 0.06666666666666667 0.06739130434782609
0 0.6333333333333333 0.5217391304347826 0.056 0.09130434782608696
0 0.588 0.7565217391304347 0.064 0.08695652173913043
0 0.9146666666666666 0.3760869565217391 0.050666666666666665 0.11304347826086956
0 0.948 0.3739130434782609 0.04533333333333334 0.09130434782608696
0 0.8286666666666667 0.6173913043478261 0.05466666666666667 0.07391304347826087
0 0.8773333333333333 0.7510869565217392 0.042666666666666665 0.07173913043478261
0 0.94 0.6934782608695652 0.04533333333333334 0.09565217391304348
1 0.32466666666666666 0.09782608695652174 0.04666666666666667 0.08695652173913043
1 0.18533333333333332 0.15108695652173912 0.02666666666666667 0.07173913043478261
1 0.058 0.4076086956521739 0.030666666666666665 0.041304347826086954
1 0.09 0.4152173913043478 0.036 0.04782608695652174
1 0.24333333333333335 0.35978260869565215 0.05466666666666667 0.08043478260869565
1 0.212 0.5217391304347826 0.042666666666666665 0.04782608695652174
1 0.25733333333333336 0.5184782608695652 0.05333333333333334 0.07608695652173914
1 0.336 0.5282608695652173 0.056 0.06086956521739131
1 0.572 0.6739130434782609 0.037333333333333336 0.11304347826086956
1 0.7053333333333334 0.7902173913043479 0.04533333333333334 0.06739130434782609
1 0.804 0.8815217391304347 0.064 0.07608695652173914
1 0.7713333333333333 0.933695652173913 0.025333333333333333 0.08043478260869565
1 0.8806666666666667 0.9554347826086956 0.05466666666666667 0.07173913043478261
1 0.9393333333333334 0.4771739130434783 0.06 0.06739130434782609
1 0.8706666666666667 0.10326086956521739 0.072 0.05
1 0.9373333333333334 0.10978260869565218 0.058666666666666666 0.041304347826086954
1 0.532 0.19891304347826086 0.072 0.07173913043478261