0 0.3618705035971223 0.27996070726915523 0.06474820143884892 0.060903732809430254
0 0.3489208633093525 0.20235756385068762 0.058992805755395686 0.09430255402750491
0 0.4035971223021583 0.137524557956778 0.053237410071942444 0.07858546168958742
0 0.437410071942446 0.15717092337917485 0.05755395683453238 0.08644400785854617
0 0.720863309352518 0.33104125736738704 0.05467625899280575 0.08447937131630648
0 0.6597122302158274 0.27013752455795675 0.09064748201438849 0.09233791748526522
0 0.7640287769784173 0.7239685658153242 0.03741007194244604 0.08447937131630648
0 0.7482014388489209 0.7907662082514735 0.051798561151079135 0.07662082514734773
1 0.07410071942446043 0.5481335952848723 0.07913669064748201 0.05108055009823183
1 0.12014388489208633 0.3320235756385069 0.050359712230215826 0.07465618860510806
1 0.1985611510791367 0.14833005893909626 0.04892086330935252 0.08447937131630648
1 0.22661870503597123 0.08447937131630648 0.053237410071942444 0.05108055009823183
1 0.14676258992805755 0.2455795677799607 0.02877697841726619 0.0825147347740668
1 0.1683453237410072 0.32711198428290766 0.0460431654676259 0.08447937131630648
1 0.6064748201438849 0.2111984282907662 0.058992805755395686 0.05697445972495088
1 0.5510791366906475 0.2868369351669941 0.031654676258992806 0.07072691552062868
1 0.7446043165467626 0.46660117878192536 0.04460431654676259 0.05304518664047151
1 0.6287769784172662 0.6836935166994106 0.04028776978417266 0.0825147347740668
1 0.6057553956834533 0.7779960707269156 0.03741007194244604 0.07465618860510806