0 0.1676342525399129 0.22573839662447256 0.062409288824383166 0.0759493670886076
0 0.18795355587808418 0.739451476793249 0.04499274310595065 0.07805907172995781
0 0.193033381712627 0.8291139240506329 0.04354136429608128 0.08860759493670886
0 0.17634252539912917 0.6782700421940928 0.036284470246734396 0.1160337552742616
0 0.20682148040638607 0.7827004219409283 0.0420899854862119 0.08438818565400844
0 0.23367198838896952 0.8618143459915611 0.05224963715529753 0.08649789029535865
0 0.6240928882438317 0.7879746835443038 0.07256894049346879 0.1160337552742616
0 0.683599419448476 0.7816455696202531 0.06676342525399129 0.13291139240506328
0 0.5841799709724238 0.9177215189873418 0.05660377358490566 0.10126582278481013
1 0.2358490566037736 0.3871308016877637 0.07402031930333818 0.052742616033755275
1 0.0783744557329463 0.6877637130801688 0.03483309143686502 0.0759493670886076
1 0.08563134978229318 0.8059071729957806 0.02902757619738752 0.06751054852320675
1 0.3505079825834543 0.6244725738396625 0.06531204644412192 0.12236286919831224
1 0.3548621190130624 0.7542194092827004 0.05079825834542816 0.07805907172995781
1 0.3918722786647315 0.8533755274261603 0.03483309143686502 0.07805907172995781
1 0.41364296081277213 0.8934599156118144 0.040638606676342524 0.09071729957805907
1 0.806966618287373 0.46624472573839665 0.07256894049346879 0.11814345991561181
1 0.8570391872278664 0.8966244725738397 0.05660377358490566 0.08860759493670886