0 0.231029810298103 0.3931718061674009 0.052845528455284556 0.06387665198237885
0 0.1910569105691057 0.2709251101321586 0.04607046070460705 0.07929515418502203
0 0.3976964769647697 0.2577092511013216 0.05013550135501355 0.11013215859030837
0 0.247289972899729 0.7599118942731278 0.04200542005420054 0.08370044052863436
0 0.25203252032520324 0.8700440528634361 0.04336043360433604 0.07488986784140969
0 0.20663956639566394 0.8722466960352423 0.04742547425474255 0.048458149779735685
0 0.14769647696476965 0.8579295154185022 0.04065040650406504 0.046255506607929514
0 0.5677506775067751 0.2433920704845815 0.051490514905149054 0.11233480176211454
0 0.5223577235772358 0.08920704845814978 0.05013550135501355 0.06828193832599119
0 0.8577235772357723 0.05616740088105727 0.05420054200542006 0.09030837004405286
0 0.7384823848238482 0.20044052863436124 0.05420054200542006 0.10572687224669604
0 0.8658536585365854 0.2720264317180617 0.06504065040650407 0.10792951541850221
0 0.592140921409214 0.829295154185022 0.056910569105691054 0.08590308370044053
0 0.6321138211382114 0.920704845814978 0.05555555555555555 0.1277533039647577
0 0.8651761517615176 0.9107929515418502 0.06910569105691057 0.09030837004405286
1 0.08333333333333333 0.21145374449339208 0.03387533875338753 0.06167400881057269
1 0.12737127371273713 0.30726872246696035 0.04336043360433604 0.08590308370044053
1 0.24390243902439024 0.3039647577092511 0.051490514905149054 0.09691629955947137
1 0.12533875338753386 0.6464757709251101 0.04200542005420054 0.05947136563876652
1 0.07317073170731707 0.697136563876652 0.04607046070460705 0.046255506607929514
1 0.12872628726287264 0.7257709251101322 0.04607046070460705 0.05947136563876652
1 0.3800813008130081 0.8656387665198237 0.052845528455284556 0.09691629955947137
1 0.709349593495935 0.5231277533039648 0.07181571815718157 0.0947136563876652
1 0.7649051490514905 0.5055066079295154 0.06097560975609756 0.1211453744493392
1 0.4424119241192412 0.1222466960352423 0.06368563685636856 0.08149779735682819
1 0.6971544715447154 0.20484581497797358 0.04200542005420054 0.12334801762114538
1 0.6951219512195121 0.07378854625550661 0.04607046070460705 0.08149779735682819
1 0.8841463414634146 0.16629955947136563 0.03929539295392954 0.11674008810572688
1 0.6910569105691057 0.3314977973568282 0.05420054200542006 0.08590308370044053
1 0.8821138211382114 0.6420704845814978 0.05962059620596206 0.06387665198237885
1 0.7513550135501355 0.6585903083700441 0.06639566395663957 0.09691629955947137
1 0.8136856368563685 0.9196035242290749 0.04200542005420054 0.10352422907488987