0 0.0841726618705036 0.18369351669941061 0.08489208633093526 0.10019646365422397
0 0.07122302158273382 0.12180746561886051 0.058992805755395686 0.09430255402750491
0 0.3964028776978417 0.12868369351669942 0.08201438848920864 0.07662082514734773
0 0.23525179856115108 0.5677799607072691 0.07913669064748201 0.09430255402750491
0 0.6611510791366907 0.22102161100196463 0.058992805755395686 0.0412573673870334
0 0.7323741007194244 0.22986247544204322 0.05467625899280575 0.047151277013752456
0 0.8273381294964028 0.43320235756385067 0.05467625899280575 0.08840864440078586
0 0.9640287769784173 0.2554027504911591 0.051798561151079135 0.05893909626719057
0 0.9669064748201439 0.4400785854616896 0.04028776978417266 0.0550098231827112
0 0.9589928057553957 0.756385068762279 0.058992805755395686 0.05893909626719057
1 0.04460431654676259 0.4675834970530452 0.0460431654676259 0.05893909626719057
1 0.14892086330935253 0.3212180746561886 0.06762589928057554 0.07269155206286837
1 0.28129496402877696 0.22593320235756384 0.03884892086330935 0.0825147347740668
1 0.26906474820143883 0.1237721021611002 0.04892086330935252 0.09037328094302555
1 0.5683453237410072 0.24459724950884087 0.02877697841726619 0.08840864440078586
1 0.679136690647482 0.3929273084479371 0.05755395683453238 0.05108055009823183
1 0.676978417266187 0.43713163064833005 0.04460431654676259 0.06483300589390963
1 0.7755395683453238 0.3644400785854617 0.060431654676258995 0.0412573673870334
1 0.9863309352517986 0.40962671905697445 0.027338129496402876 0.0412573673870334
1 0.9597122302158273 0.5893909626719057 0.034532374100719423 0.05108055009823183
1 0.9863309352517986 0.6070726915520629 0.027338129496402876 0.06286836935166994