0 0.41779891304347827 0.17583497053045186 0.08288043478260869 0.10019646365422397
0 0.027853260869565216 0.4960707269155206 0.036684782608695655 0.060903732809430254
0 0.052309782608695655 0.4656188605108055 0.033967391304347824 0.0550098231827112
0 0.02309782608695652 0.6954813359528488 0.029891304347826088 0.06286836935166994
0 0.042119565217391304 0.762278978388998 0.04619565217391304 0.07072691552062868
0 0.07880434782608696 0.7721021611001965 0.04891304347826087 0.05893909626719057
0 0.19904891304347827 0.7475442043222004 0.07472826086956522 0.04518664047151277
0 0.06114130434782609 0.6277013752455796 0.04619565217391304 0.068762278978389
1 0.09035326086956522 0.30353634577603145 0.042119565217391304 0.05304518664047151
1 0.15760869565217392 0.33595284872298625 0.05434782608695652 0.10609037328094302
1 0.24796195652173914 0.25736738703339884 0.033967391304347824 0.10609037328094302
1 0.25203804347826086 0.6277013752455796 0.06929347826086957 0.0962671905697446
1 0.18817934782608695 0.6286836935166994 0.04483695652173913 0.043222003929273084
1 0.14741847826086957 0.5265225933202358 0.04755434782608696 0.06679764243614932
1 0.1331521739130435 0.4489194499017682 0.05434782608695652 0.07269155206286837
1 0.041440217391304345 0.5589390962671905 0.04483695652173913 0.03732809430255403
1 0.12771739130434784 0.5864440078585462 0.06793478260869565 0.05697445972495088