0 0.2518037518037518 0.11721991701244813 0.04184704184704185 0.08091286307053942
0 0.3253968253968254 0.2095435684647303 0.04184704184704185 0.07883817427385892
0 0.21212121212121213 0.8879668049792531 0.04329004329004329 0.06639004149377593
0 0.4494949494949495 0.8724066390041494 0.047619047619047616 0.06431535269709543
0 0.6421356421356421 0.21991701244813278 0.049062049062049064 0.04149377593360996
0 0.6883116883116883 0.23029045643153526 0.04329004329004329 0.04149377593360996
0 0.9235209235209235 0.25103734439834025 0.031746031746031744 0.04564315352697095
0 0.07647907647907648 0.2769709543568465 0.05483405483405483 0.06846473029045644
1 0.10028860028860029 0.0975103734439834 0.05627705627705628 0.06639004149377593
1 0.1471861471861472 0.2520746887966805 0.05194805194805195 0.08921161825726141
1 0.18975468975468976 0.7987551867219918 0.0707070707070707 0.08298755186721991
1 0.05266955266955267 0.9014522821576764 0.03896103896103896 0.07261410788381743
1 0.613997113997114 0.8257261410788381 0.047619047619047616 0.08713692946058091
1 0.6637806637806638 0.4346473029045643 0.06060606060606061 0.06016597510373444
1 0.7532467532467533 0.40560165975103735 0.06349206349206349 0.04771784232365145
1 0.9242424242424242 0.4149377593360996 0.044733044733044736 0.058091286307053944