0 0.258273381294964 0.09332023575638507 0.05611510791366906 0.068762278978389
0 0.02877697841726619 0.6905697445972495 0.02877697841726619 0.07269155206286837
0 0.4489208633093525 0.13457760314341846 0.060431654676258995 0.09233791748526522
0 0.4093525179856115 0.32220039292730845 0.07913669064748201 0.10609037328094302
0 0.5352517985611511 0.5137524557956779 0.06330935251798561 0.10019646365422397
0 0.660431654676259 0.21021611001964635 0.06618705035971223 0.0275049115913556
0 0.7201438848920864 0.23772102161100198 0.06474820143884892 0.047151277013752456
0 0.8561151079136691 0.2131630648330059 0.060431654676258995 0.04518664047151277
0 0.8697841726618705 0.7819253438113949 0.0618705035971223 0.05108055009823183
0 0.7956834532374101 0.8113948919449901 0.051798561151079135 0.05108055009823183
0 0.7330935251798562 0.7789783889980354 0.04460431654676259 0.08840864440078586
1 0.05539568345323741 0.12180746561886051 0.04748201438848921 0.08644400785854617
1 0.046762589928057555 0.39096267190569745 0.07050359712230216 0.07465618860510806
1 0.32877697841726616 0.3487229862475442 0.07050359712230216 0.07269155206286837
1 0.5705035971223021 0.2691552062868369 0.041726618705035974 0.09430255402750491
1 0.6143884892086331 0.36345776031434185 0.060431654676258995 0.06286836935166994
1 0.6956834532374101 0.4243614931237721 0.041726618705035974 0.07465618860510806
1 0.6848920863309352 0.3644400785854617 0.06906474820143885 0.060903732809430254
1 0.8618705035971223 0.381139489194499 0.051798561151079135 0.0550098231827112
1 0.8985611510791367 0.6335952848722987 0.04460431654676259 0.04911591355599214
1 0.7611510791366907 0.6846758349705304 0.05467625899280575 0.060903732809430254
1 0.5741007194244604 0.7956777996070727 0.051798561151079135 0.07465618860510806