0 0.19424460431654678 0.0825147347740668 0.07482014388489208 0.06679764243614932
0 0.03597122302158273 0.21218074656188604 0.02302158273381295 0.09430255402750491
0 0.027338129496402876 0.27406679764243613 0.025899280575539568 0.08055009823182711
0 0.1776978417266187 0.462671905697446 0.07050359712230216 0.11591355599214145
0 0.2992805755395683 0.09823182711198428 0.0920863309352518 0.0825147347740668
0 0.4776978417266187 0.18958742632612965 0.04028776978417266 0.09233791748526522
0 0.6129496402877698 0.2318271119842829 0.051798561151079135 0.1100196463654224
0 0.6719424460431654 0.21218074656188604 0.05467625899280575 0.03536345776031434
0 0.7309352517985611 0.22986247544204322 0.06330935251798561 0.043222003929273084
0 0.7525179856115108 0.48330058939096265 0.02877697841726619 0.08644400785854617
0 0.7330935251798562 0.7996070726915521 0.033093525179856115 0.07465618860510806
1 0.04316546762589928 0.5471512770137524 0.0460431654676259 0.04518664047151277
1 0.11654676258992806 0.24263261296660119 0.0920863309352518 0.05697445972495088
1 0.2093525179856115 0.15225933202357564 0.03884892086330935 0.08447937131630648
1 0.04244604316546763 0.11198428290766209 0.033093525179856115 0.08644400785854617
1 0.20215827338129497 0.27603143418467585 0.058992805755395686 0.06483300589390963
1 0.33525179856115106 0.22789783889980353 0.04316546762589928 0.0825147347740668
1 0.479136690647482 0.28781925343811393 0.034532374100719423 0.0962671905697446
1 0.6553956834532374 0.3899803536345776 0.06762589928057554 0.05697445972495088
1 0.781294964028777 0.41355599214145383 0.06618705035971223 0.07662082514734773
1 0.6100719424460431 0.49410609037328096 0.04316546762589928 0.08447937131630648
1 0.581294964028777 0.8055009823182712 0.051798561151079135 0.07465618860510806