0 0.06703146374829001 0.11134453781512606 0.05471956224350205 0.05042016806722689
0 0.1238030095759234 0.10084033613445378 0.047879616963064295 0.05042016806722689
0 0.3454172366621067 0.1638655462184874 0.0506155950752394 0.08403361344537816
0 0.3084815321477428 0.08928571428571429 0.03967168262653899 0.0819327731092437
0 0.35704514363885087 0.34138655462184875 0.046511627906976744 0.11134453781512606
0 0.42270861833105333 0.4275210084033613 0.05471956224350205 0.09033613445378151
0 0.25239398084815323 0.8392857142857143 0.04514363885088919 0.11134453781512606
0 0.04445964432284542 0.5745798319327731 0.06429548563611491 0.12815126050420167
0 0.6367989056087552 0.7226890756302521 0.036935704514363885 0.06722689075630252
1 0.05129958960328317 0.39705882352941174 0.06429548563611491 0.07563025210084033
1 0.08686730506155951 0.917016806722689 0.0560875512995896 0.06512605042016807
1 0.22982216142270862 0.5976890756302521 0.049247606019151846 0.12815126050420167
1 0.22093023255813954 0.3235294117647059 0.036935704514363885 0.10504201680672269
1 0.1320109439124487 0.3697478991596639 0.036935704514363885 0.07563025210084033
1 0.5075239398084815 0.08088235294117647 0.04377564979480164 0.0819327731092437
1 0.37756497948016415 0.5672268907563025 0.057455540355677154 0.09243697478991597
1 0.49863201094391246 0.8046218487394958 0.0533515731874145 0.10504201680672269
1 0.6258549931600548 0.6334033613445378 0.04514363885088919 0.07352941176470588
1 0.7660738714090287 0.5168067226890757 0.05198358413132695 0.06722689075630252
1 0.15937072503419972 0.08718487394957983 0.03419972640218878 0.07773109243697479