0 0.2381294964028777 0.2151277013752456 0.053237410071942444 0.06483300589390963
0 0.24316546762589927 0.2632612966601179 0.05467625899280575 0.07858546168958742
0 0.3043165467625899 0.12475442043222004 0.08201438848920864 0.07662082514734773
0 0.4525179856115108 0.12770137524557956 0.07338129496402877 0.08644400785854617
0 0.5935251798561151 0.26227897838899805 0.041726618705035974 0.08055009823182711
0 0.5712230215827339 0.3467583497053045 0.05755395683453238 0.08840864440078586
0 0.6618705035971223 0.21611001964636542 0.06906474820143885 0.043222003929273084
0 0.7330935251798562 0.23280943025540274 0.058992805755395686 0.03732809430255403
0 0.7942446043165468 0.7269155206286837 0.04892086330935252 0.09823182711198428
1 0.03597122302158273 0.36836935166994106 0.0460431654676259 0.068762278978389
1 0.07194244604316546 0.35461689587426326 0.04028776978417266 0.10805500982318271
1 0.07122302158273382 0.25245579567779963 0.050359712230215826 0.08055009823182711
1 0.19424460431654678 0.15225933202357564 0.05755395683453238 0.05304518664047151
1 0.2884892086330935 0.3614931237721022 0.07625899280575539 0.06679764243614932
1 0.3733812949640288 0.3555992141453831 0.04748201438848921 0.09823182711198428
1 0.4064748201438849 0.23280943025540274 0.053237410071942444 0.08447937131630648
1 0.6007194244604317 0.18664047151277013 0.033093525179856115 0.06679764243614932
1 0.6820143884892086 0.3880157170923379 0.06330935251798561 0.05697445972495088
1 0.7525179856115108 0.4174852652259332 0.05755395683453238 0.06483300589390963
1 0.658273381294964 0.8094302554027505 0.04748201438848921 0.0825147347740668