0 0.17323369565217392 0.731827111984283 0.06929347826086957 0.060903732809430254
0 0.19904891304347827 0.2475442043222004 0.05298913043478261 0.0825147347740668
0 0.02377717391304348 0.5314341846758349 0.03940217391304348 0.0412573673870334
0 0.11005434782608696 0.7976424361493124 0.04619565217391304 0.06679764243614932
0 0.044157608695652176 0.630648330058939 0.036684782608695655 0.07072691552062868
0 0.029891304347826088 0.41159135559921417 0.035326086956521736 0.10412573673870335
0 0.051630434782608696 0.3487229862475442 0.035326086956521736 0.10019646365422397
1 0.08559782608695653 0.27996070726915523 0.02717391304347826 0.08840864440078586
1 0.19904891304347827 0.4214145383104126 0.03940217391304348 0.08055009823182711
1 0.15217391304347827 0.5176817288801572 0.05434782608695652 0.05697445972495088
1 0.10326086956521739 0.5402750491159135 0.051630434782608696 0.05893909626719057
1 0.06453804347826086 0.7072691552062869 0.02309782608695652 0.08644400785854617
1 0.03328804347826087 0.7544204322200393 0.036684782608695655 0.05108055009823183
1 0.035326086956521736 0.7053045186640472 0.043478260869565216 0.05893909626719057
1 0.12635869565217392 0.4518664047151277 0.03804347826086957 0.06286836935166994