0 0.3671988388969521 0.2805907172995781 0.10159651669085631 0.09282700421940929
0 0.22568940493468795 0.830168776371308 0.03918722786647315 0.0949367088607595
0 0.27503628447024675 0.8628691983122363 0.047895500725689405 0.08438818565400844
0 0.3200290275761974 0.8776371308016878 0.04499274310595065 0.08860759493670886
0 0.6066763425253991 0.9018987341772152 0.06386066763425254 0.09915611814345991
0 0.8490566037735849 0.5527426160337553 0.06386066763425254 0.10970464135021098
0 0.965166908563135 0.870253164556962 0.03773584905660377 0.08227848101265822
0 0.8323657474600871 0.4462025316455696 0.07402031930333818 0.10337552742616034
0 0.6640058055152395 0.10864978902953587 0.07982583454281568 0.10759493670886076
0 0.785921625544267 0.08649789029535865 0.09433962264150944 0.08860759493670886
1 0.32583454281567487 0.619198312236287 0.09143686502177069 0.06118143459915612
1 0.12409288824383163 0.8006329113924051 0.047895500725689405 0.09071729957805907
1 0.3664731494920174 0.6624472573839663 0.09724238026124818 0.0759493670886076
1 0.47895500725689405 0.8280590717299579 0.08127721335268505 0.1160337552742616
1 0.8534107402031931 0.9092827004219409 0.06386066763425254 0.10548523206751055
1 0.8875181422351234 0.8618143459915611 0.09143686502177069 0.10759493670886076
1 0.9550072568940493 0.5727848101265823 0.05805515239477504 0.09915611814345991
1 0.8998548621190131 0.2478902953586498 0.06386066763425254 0.10759493670886076