0 0.03093525179856115 0.6777996070726916 0.02158273381294964 0.10609037328094302
0 0.60431654676259 0.8241650294695482 0.04892086330935252 0.09233791748526522
0 0.7561151079136691 0.7927308447937131 0.03597122302158273 0.08055009823182711
0 0.5640287769784172 0.10805500982318271 0.06330935251798561 0.05893909626719057
0 0.6611510791366907 0.2180746561886051 0.0618705035971223 0.03929273084479371
0 0.7352517985611511 0.23084479371316308 0.06330935251798561 0.03339882121807466
0 0.44028776978417267 0.17092337917485265 0.06330935251798561 0.0825147347740668
0 0.3294964028776978 0.10805500982318271 0.08633093525179857 0.07858546168958742
0 0.258273381294964 0.09823182711198428 0.09352517985611511 0.08644400785854617
0 0.13381294964028778 0.3104125736738703 0.060431654676258995 0.10216110019646366
0 0.05755395683453238 0.12770137524557956 0.0460431654676259 0.07465618860510806
1 0.06330935251798561 0.381139489194499 0.05467625899280575 0.07465618860510806
1 0.1460431654676259 0.09823182711198428 0.053237410071942444 0.06679764243614932
1 0.17625899280575538 0.3477406679764244 0.05611510791366906 0.09037328094302555
1 0.28992805755395684 0.37524557956778 0.08489208633093526 0.07072691552062868
1 0.40071942446043163 0.3948919449901768 0.0618705035971223 0.07072691552062868
1 0.15035971223021583 0.6414538310412574 0.050359712230215826 0.08055009823182711
1 0.4201438848920863 0.8202357563850687 0.04892086330935252 0.09233791748526522
1 0.5877697841726619 0.2829076620825147 0.0618705035971223 0.07465618860510806
1 0.6870503597122302 0.4027504911591356 0.053237410071942444 0.09037328094302555
1 0.746043165467626 0.4027504911591356 0.050359712230215826 0.06286836935166994
1 0.6258992805755396 0.793713163064833 0.05467625899280575 0.05893909626719057