0 0.20707070707070707 0.08091286307053942 0.05916305916305916 0.06639004149377593
0 0.3997113997113997 0.1338174273858921 0.049062049062049064 0.10580912863070539
0 0.6356421356421357 0.22510373443983403 0.047619047619047616 0.04771784232365145
0 0.6976911976911977 0.22614107883817428 0.05627705627705628 0.04564315352697095
0 0.5173160173160173 0.6058091286307054 0.05627705627705628 0.07468879668049792
0 0.6652236652236653 0.8101659751037344 0.04040404040404041 0.06016597510373444
0 0.7005772005772006 0.6213692946058091 0.050505050505050504 0.06016597510373444
0 0.8232323232323232 0.1908713692946058 0.03607503607503607 0.06224066390041494
1 0.05411255411255411 0.09232365145228216 0.05339105339105339 0.12240663900414937
1 0.20923520923520925 0.14730290456431536 0.05772005772005772 0.0995850622406639
1 0.6356421356421357 0.4149377593360996 0.0707070707070707 0.07468879668049792
1 0.70995670995671 0.4336099585062241 0.06926406926406926 0.06639004149377593
1 0.8455988455988456 0.40560165975103735 0.046176046176046176 0.06016597510373444
1 0.7222222222222222 0.8195020746887967 0.06204906204906205 0.058091286307053944
1 0.6190476190476191 0.5933609958506224 0.07503607503607504 0.07468879668049792
1 0.4675324675324675 0.8475103734439834 0.06926406926406926 0.09336099585062241
1 0.14574314574314573 0.8941908713692946 0.05772005772005772 0.0912863070539419