0 0.21467391304347827 0.24656188605108054 0.02717391304347826 0.09233791748526522
0 0.11345108695652174 0.4656188605108055 0.04483695652173913 0.06679764243614932
0 0.13994565217391305 0.28388998035363455 0.051630434782608696 0.07269155206286837
0 0.029891304347826088 0.39783889980353637 0.043478260869565216 0.09233791748526522
0 0.059103260869565216 0.3506876227897839 0.033967391304347824 0.07269155206286837
0 0.024456521739130436 0.6149312377210217 0.035326086956521736 0.08644400785854617
0 0.09646739130434782 0.7779960707269156 0.05434782608695652 0.05893909626719057
0 0.23573369565217392 0.7455795677799607 0.06929347826086957 0.060903732809430254
1 0.3736413043478261 0.2043222003929273 0.06793478260869565 0.09823182711198428
1 0.20380434782608695 0.5412573673870335 0.057065217391304345 0.068762278978389
1 0.20380434782608695 0.48722986247544203 0.051630434782608696 0.07072691552062868
1 0.18817934782608695 0.2632612966601179 0.04483695652173913 0.07465618860510806
1 0.058423913043478264 0.29273084479371314 0.021739130434782608 0.08644400785854617
1 0.05570652173913043 0.7838899803536346 0.04619565217391304 0.06286836935166994
1 0.13790760869565216 0.5992141453831041 0.06385869565217392 0.03929273084479371
1 0.034646739130434784 0.5648330058939096 0.033967391304347824 0.07662082514734773