0 0.11030478955007257 0.3291139240506329 0.07547169811320754 0.06751054852320675
0 0.15965166908563136 0.8554852320675106 0.06386066763425254 0.07383966244725738
0 0.24528301886792453 0.8586497890295358 0.03483309143686502 0.11814345991561181
0 0.26995645863570394 0.2542194092827004 0.06966618287373004 0.06540084388185655
0 0.34252539912917274 0.24050632911392406 0.055152394775036286 0.07172995780590717
0 0.5435413642960812 0.1339662447257384 0.07111756168359942 0.06962025316455696
0 0.8084179970972424 0.1962025316455696 0.08708272859216255 0.08860759493670886
0 0.7467343976777939 0.11075949367088607 0.08563134978229318 0.10337552742616034
0 0.6226415094339622 0.9029535864978903 0.06386066763425254 0.10970464135021098
1 0.07764876632801161 0.5759493670886076 0.07111756168359942 0.05485232067510549
1 0.062409288824383166 0.7753164556962026 0.02902757619738752 0.09071729957805907
1 0.1690856313497823 0.5886075949367089 0.059506531204644414 0.0759493670886076
1 0.432510885341074 0.8670886075949367 0.03483309143686502 0.10126582278481013
1 0.31059506531204645 0.46729957805907174 0.06386066763425254 0.052742616033755275
1 0.3918722786647315 0.48628691983122363 0.07547169811320754 0.056962025316455694
1 0.6785195936139332 0.29852320675105487 0.059506531204644414 0.09915611814345991
1 0.9165457184325109 0.47468354430379744 0.07692307692307693 0.0759493670886076
1 0.8592162554426706 0.8881856540084389 0.05805515239477504 0.12236286919831224