0 0.1093525179856115 0.0893909626719057 0.0920863309352518 0.060903732809430254
0 0.14244604316546763 0.27897838899803534 0.0460431654676259 0.10609037328094302
0 0.1748201438848921 0.16601178781925344 0.053237410071942444 0.08055009823182711
0 0.2870503597122302 0.3349705304518664 0.08201438848920864 0.10019646365422397
0 0.05827338129496403 0.2151277013752456 0.04748201438848921 0.09233791748526522
0 0.620863309352518 0.8212180746561886 0.03884892086330935 0.07072691552062868
0 0.5093525179856115 0.7298624754420432 0.05467625899280575 0.07662082514734773
0 0.7258992805755395 0.2357563850687623 0.05611510791366906 0.043222003929273084
0 0.8647482014388489 0.743614931237721 0.05467625899280575 0.060903732809430254
0 0.8043165467625899 0.7868369351669942 0.04028776978417266 0.08447937131630648
1 0.02446043165467626 0.4489194499017682 0.02877697841726619 0.03732809430255403
1 0.09568345323741007 0.4636542239685658 0.07625899280575539 0.06679764243614932
1 0.29856115107913667 0.14341846758349705 0.041726618705035974 0.07858546168958742
1 0.21079136690647482 0.45579567779960706 0.07913669064748201 0.07465618860510806
1 0.38920863309352516 0.13457760314341846 0.053237410071942444 0.060903732809430254
1 0.4503597122302158 0.8172888015717092 0.051798561151079135 0.07465618860510806
1 0.6762589928057554 0.706286836935167 0.03741007194244604 0.08447937131630648
1 0.6510791366906474 0.8094302554027505 0.030215827338129497 0.0825147347740668
1 0.8532374100719424 0.5795677799607073 0.04316546762589928 0.05893909626719057
1 0.7043165467625899 0.3919449901768173 0.053237410071942444 0.08447937131630648