0 0.06474820143884892 0.20333988212180745 0.060431654676258995 0.07269155206286837
0 0.22158273381294963 0.6345776031434185 0.08345323741007195 0.1100196463654224
0 0.15323741007194244 0.2220039292730845 0.07338129496402877 0.06679764243614932
0 0.16402877697841728 0.17288801571709234 0.06906474820143885 0.10609037328094302
0 0.19568345323741007 0.27897838899803534 0.04316546762589928 0.11787819253438114
0 0.3971223021582734 0.17779960707269155 0.05755395683453238 0.11984282907662082
0 0.4352517985611511 0.11100196463654224 0.08776978417266187 0.06483300589390963
0 0.6525179856115108 0.2151277013752456 0.06474820143884892 0.03732809430255403
0 0.7237410071942446 0.23084479371316308 0.05755395683453238 0.04518664047151277
0 0.8827338129496403 0.7760314341846758 0.04748201438848921 0.043222003929273084
0 0.7431654676258993 0.7966601178781926 0.04748201438848921 0.07662082514734773
1 0.03669064748201439 0.48035363457760316 0.050359712230215826 0.05304518664047151
1 0.05107913669064748 0.5618860510805501 0.04748201438848921 0.10216110019646366
1 0.18057553956834532 0.4724950884086444 0.07625899280575539 0.060903732809430254
1 0.38848920863309355 0.35363457760314343 0.060431654676258995 0.07072691552062868
1 0.3640287769784173 0.24263261296660119 0.04316546762589928 0.06483300589390963
1 0.5510791366906475 0.29862475442043224 0.051798561151079135 0.08644400785854617
1 0.5992805755395684 0.16699410609037327 0.03597122302158273 0.09037328094302555
1 0.6338129496402878 0.35363457760314343 0.058992805755395686 0.06679764243614932
1 0.7532374100719424 0.39783889980353637 0.0618705035971223 0.05304518664047151
1 0.6064748201438849 0.8025540275049116 0.041726618705035974 0.08840864440078586
1 0.8402877697841726 0.6974459724950884 0.04028776978417266 0.06286836935166994