0 0.04008152173913043 0.27111984282907664 0.04483695652173913 0.07858546168958742
0 0.20448369565217392 0.224950884086444 0.04483695652173913 0.08055009823182711
0 0.4544836956521739 0.18271119842829076 0.04755434782608696 0.09823182711198428
0 0.5278532608695652 0.48526522593320237 0.11820652173913043 0.12180746561886051
0 0.545516304347826 0.4076620825147348 0.08559782608695653 0.11591355599214145
0 0.44633152173913043 0.5176817288801572 0.09375 0.13163064833005894
0 0.8077445652173914 0.888015717092338 0.06385869565217392 0.09430255402750491
0 0.19633152173913043 0.7416502946954814 0.058423913043478264 0.05697445972495088
0 0.09714673913043478 0.6738703339882122 0.04755434782608696 0.09823182711198428
0 0.03736413043478261 0.5510805500982319 0.04483695652173913 0.05304518664047151
1 0.02377717391304348 0.46954813359528486 0.04483695652173913 0.047151277013752456
1 0.1480978260869565 0.29764243614931235 0.06521739130434782 0.09233791748526522
1 0.36345108695652173 0.21218074656188604 0.06385869565217392 0.09430255402750491
1 0.6311141304347826 0.10707269155206287 0.06929347826086957 0.10805500982318271
1 0.7112771739130435 0.3192534381139489 0.04755434782608696 0.14341846758349705
1 0.9069293478260869 0.537328094302554 0.09103260869565218 0.08055009823182711
1 0.33695652173913043 0.4901768172888016 0.043478260869565216 0.10805500982318271
1 0.45040760869565216 0.8231827111984283 0.06657608695652174 0.06679764243614932
1 0.078125 0.7848722986247544 0.03125 0.09233791748526522
1 0.01154891304347826 0.769155206286837 0.020380434782608696 0.07269155206286837
1 0.04619565217391304 0.6571709233791748 0.057065217391304345 0.04518664047151277