0 0.4768076398362892 0.15562248995983935 0.05320600272851296 0.12248995983935743
0 0.8062755798090041 0.22991967871485944 0.040927694406548434 0.08634538152610442
0 0.4829467939972715 0.8714859437751004 0.0572987721691678 0.08835341365461848
0 0.32401091405184174 0.8955823293172691 0.0723055934515689 0.07630522088353414
0 0.28171896316507505 0.9126506024096386 0.058663028649386086 0.07028112449799197
0 0.1766712141882674 0.8734939759036144 0.07503410641200546 0.07630522088353414
0 0.22783083219645292 0.929718875502008 0.06548431105047749 0.07228915662650602
0 0.8983628922237381 0.2459839357429719 0.04229195088676671 0.03413654618473896
1 0.12551159618008187 0.15261044176706828 0.0572987721691678 0.08032128514056225
1 0.2967257844474761 0.1144578313253012 0.058663028649386086 0.08032128514056225
1 0.6609822646657572 0.20381526104417672 0.058663028649386086 0.07028112449799197
1 0.8567530695770805 0.3353413654618474 0.05184174624829468 0.0642570281124498
1 0.800818553888131 0.6014056224899599 0.06275579809004093 0.07429718875502007
1 0.7196452933151433 0.5983935742971888 0.06684856753069578 0.08433734939759036
1 0.3315143246930423 0.7259036144578314 0.06548431105047749 0.09437751004016064
1 0.23806275579809005 0.6385542168674698 0.07776261937244201 0.08032128514056225
1 0.14597544338335608 0.6214859437751004 0.06548431105047749 0.11044176706827309