0 0.04872563718140929 0.39059080962800874 0.05547226386806597 0.08096280087527352
0 0.1191904047976012 0.4059080962800875 0.07646176911544228 0.09409190371991247
0 0.391304347826087 0.22428884026258206 0.07496251874062969 0.08533916849015317
0 0.7466266866566716 0.7724288840262582 0.050974512743628186 0.08315098468271334
0 0.3365817091454273 0.8304157549234136 0.0704647676161919 0.11597374179431072
0 0.14917541229385306 0.8260393873085339 0.07946026986506746 0.11159737417943107
0 0.1904047976011994 0.9157549234135668 0.06896551724137931 0.11159737417943107
0 0.15442278860569716 0.5175054704595186 0.07196401799100449 0.09846827133479212
1 0.05472263868065967 0.06892778993435449 0.05247376311844078 0.08096280087527352
1 0.12668665667166418 0.07549234135667396 0.07946026986506746 0.08096280087527352
1 0.2368815592203898 0.10831509846827134 0.06596701649175413 0.09846827133479212
1 0.6596701649175413 0.62472647702407 0.07196401799100449 0.08533916849015317
1 0.8290854572713643 0.5897155361050328 0.05697151424287856 0.07658643326039387
1 0.15217391304347827 0.6367614879649891 0.08545727136431784 0.1050328227571116