0 0.034646739130434784 0.5127701375245579 0.04755434782608696 0.05893909626719057
0 0.02377717391304348 0.6129666011787819 0.02309782608695652 0.09037328094302555
0 0.2235054347826087 0.7357563850687623 0.06657608695652174 0.03339882121807466
0 0.17459239130434784 0.6669941060903732 0.058423913043478264 0.08055009823182711
0 0.11888586956521739 0.7229862475442044 0.05570652173913043 0.09037328094302555
0 0.15557065217391305 0.7721021611001965 0.036684782608695655 0.07465618860510806
0 0.058423913043478264 0.6414538310412574 0.035326086956521736 0.07662082514734773
1 0.09239130434782608 0.3300589390962672 0.04891304347826087 0.03929273084479371
1 0.05366847826086957 0.3664047151277014 0.036684782608695655 0.0412573673870334
1 0.06046195652173913 0.7819253438113949 0.03940217391304348 0.05893909626719057
1 0.08491847826086957 0.7573673870333988 0.02309782608695652 0.09233791748526522
1 0.11345108695652174 0.4724950884086444 0.058423913043478264 0.08447937131630648
1 0.18138586956521738 0.4567779960707269 0.05570652173913043 0.060903732809430254
1 0.24796195652173914 0.5176817288801572 0.06657608695652174 0.04911591355599214