0 0.31376811594202897 0.3323108384458078 0.09710144927536232 0.10020449897750511
0 0.3753623188405797 0.5102249488752556 0.06666666666666667 0.11247443762781185
0 0.4217391304347826 0.7259713701431493 0.07246376811594203 0.11860940695296524
0 0.13260869565217392 0.8548057259713702 0.07391304347826087 0.09815950920245399
0 0.22028985507246376 0.9458077709611452 0.057971014492753624 0.08384458077709611
0 0.17971014492753623 0.9304703476482618 0.05217391304347826 0.07770961145194274
0 0.11811594202898551 0.6339468302658486 0.07101449275362319 0.0736196319018405
0 0.02753623188405797 0.3670756646216769 0.034782608695652174 0.09611451942740286
1 0.7456521739130435 0.30777096114519426 0.05652173913043478 0.07975460122699386
1 0.07971014492753623 0.3067484662576687 0.08695652173913043 0.07770961145194274
1 0.06159420289855073 0.7014314928425358 0.07391304347826087 0.08588957055214724
1 0.19492753623188405 0.6523517382413088 0.06811594202898551 0.08588957055214724
1 0.15434782608695652 0.5470347648261759 0.06231884057971015 0.10020449897750511
1 0.18768115942028984 0.7699386503067485 0.06521739130434782 0.08384458077709611
1 0.33260869565217394 0.8384458077709611 0.05652173913043478 0.07770961145194274
1 0.41304347826086957 0.8997955010224948 0.05507246376811594 0.08997955010224949