0 0.044157608695652176 0.36836935166994106 0.033967391304347824 0.08447937131630648
0 0.1324728260869565 0.2554027504911591 0.042119565217391304 0.06679764243614932
0 0.19157608695652173 0.23772102161100198 0.03804347826086957 0.07858546168958742
0 0.375 0.17583497053045186 0.04076086956521739 0.06483300589390963
0 0.4470108695652174 0.16895874263261296 0.0625 0.10216110019646366
0 0.4476902173913043 0.618860510805501 0.09375 0.1100196463654224
0 0.29415760869565216 0.75049115913556 0.08831521739130435 0.05893909626719057
0 0.22418478260869565 0.7465618860510805 0.07336956521739131 0.03536345776031434
0 0.1793478260869565 0.481335952848723 0.051630434782608696 0.09430255402750491
0 0.08016304347826086 0.7082514734774067 0.02717391304347826 0.08447937131630648
1 0.15557065217391305 0.7003929273084479 0.06929347826086957 0.08840864440078586
1 0.17391304347826086 0.5343811394891945 0.07608695652173914 0.06679764243614932
1 0.34171195652173914 0.5392927308447937 0.08288043478260869 0.060903732809430254
1 0.3070652173913043 0.4911591355599214 0.057065217391304345 0.10609037328094302
1 0.4748641304347826 0.2888015717092338 0.08288043478260869 0.07858546168958742
1 0.30910326086956524 0.3477406679764244 0.06385869565217392 0.0825147347740668
1 0.22418478260869565 0.33595284872298625 0.02717391304347826 0.10609037328094302
1 0.250679347826087 0.2288801571709234 0.04483695652173913 0.10412573673870335
1 0.1827445652173913 0.41355599214145383 0.07744565217391304 0.04911591355599214
1 0.04891304347826087 0.5736738703339882 0.057065217391304345 0.07072691552062868
1 0.07472826086956522 0.393909626719057 0.043478260869565216 0.07269155206286837