0 0.15457184325108853 0.2468354430379747 0.0420899854862119 0.06751054852320675
0 0.21190130624092887 0.22573839662447256 0.05805515239477504 0.08016877637130802
0 0.22931785195936139 0.7331223628691983 0.05224963715529753 0.12447257383966245
0 0.21335268505079827 0.8333333333333334 0.0899854862119013 0.07172995780590717
0 0.5972423802612482 0.8217299578059072 0.07111756168359942 0.13291139240506328
0 0.9296081277213353 0.8502109704641351 0.06821480406386067 0.12236286919831224
0 0.6850507982583455 0.5864978902953587 0.06966618287373004 0.16877637130801687
0 0.7235123367198839 0.479957805907173 0.07402031930333818 0.12025316455696203
0 0.7314949201741655 0.3037974683544304 0.09288824383164006 0.0970464135021097
0 0.7409288824383164 0.23523206751054854 0.059506531204644414 0.1160337552742616
0 0.9550072568940493 0.13291139240506328 0.05224963715529753 0.11392405063291139
1 0.0420899854862119 0.32489451476793246 0.04934687953555878 0.0759493670886076
1 0.13933236574746008 0.4620253164556962 0.05805515239477504 0.05907172995780591
1 0.11756168359941944 0.6592827004219409 0.06386066763425254 0.052742616033755275
1 0.3955007256894049 0.6845991561181435 0.06531204644412192 0.09915611814345991
1 0.8251088534107403 0.9124472573839663 0.03918722786647315 0.09071729957805907
1 0.6886792452830188 0.7130801687763713 0.04499274310595065 0.10126582278481013
1 0.9375907111756169 0.7215189873417721 0.03773584905660377 0.12236286919831224
1 0.9724238026124818 0.5390295358649789 0.03483309143686502 0.08649789029535865
1 0.9680696661828737 0.33755274261603374 0.05224963715529753 0.10970464135021098
1 0.9658925979680697 0.22784810126582278 0.033381712626995644 0.06329113924050633
1 0.7089985486211902 0.12130801687763713 0.047895500725689405 0.11181434599156118