0 0.9273097826086957 0.3919449901768173 0.08288043478260869 0.10019646365422397
0 0.42459239130434784 0.26522593320235754 0.06385869565217392 0.1100196463654224
0 0.19769021739130435 0.2200392927308448 0.050271739130434784 0.05108055009823183
0 0.1487771739130435 0.2681728880157171 0.04755434782608696 0.068762278978389
0 0.1487771739130435 0.3330058939096267 0.042119565217391304 0.08447937131630648
0 0.041440217391304345 0.537328094302554 0.04755434782608696 0.04911591355599214
0 0.04008152173913043 0.5923379174852652 0.05570652173913043 0.060903732809430254
0 0.08831521739130435 0.706286836935167 0.029891304347826088 0.068762278978389
0 0.11548913043478261 0.7986247544204322 0.051630434782608696 0.060903732809430254
0 0.15896739130434784 0.7809430255402751 0.043478260869565216 0.068762278978389
0 0.28532608695652173 0.7514734774066798 0.08152173913043478 0.06483300589390963
1 0.26358695652173914 0.23673870333988212 0.035326086956521736 0.09233791748526522
1 0.8457880434782609 0.043222003929273084 0.07472826086956522 0.06679764243614932
1 0.35258152173913043 0.555992141453831 0.09375 0.07858546168958742
1 0.19429347826086957 0.5589390962671905 0.0625 0.060903732809430254
1 0.13654891304347827 0.5736738703339882 0.06114130434782609 0.06286836935166994
1 0.10326086956521739 0.5333988212180747 0.04619565217391304 0.04911591355599214
1 0.057065217391304345 0.7819253438113949 0.05434782608695652 0.043222003929273084
1 0.052309782608695655 0.32023575638506874 0.03125 0.0550098231827112
1 0.07201086956521739 0.3045186640471513 0.019021739130434784 0.07858546168958742
1 0.08016304347826086 0.4194499017681729 0.03804347826086957 0.068762278978389
1 0.19633152173913043 0.4017681728880157 0.05298913043478261 0.06483300589390963