0 0.2582972582972583 0.11203319502074689 0.05483405483405483 0.05394190871369295
0 0.3124098124098124 0.16182572614107885 0.050505050505050504 0.0912863070539419
0 0.06277056277056277 0.7437759336099585 0.06493506493506493 0.056016597510373446
0 0.048340548340548344 0.17219917012448133 0.044733044733044736 0.07468879668049792
0 0.2994227994227994 0.7136929460580913 0.06782106782106782 0.07053941908713693
0 0.5822510822510822 0.8661825726141079 0.044733044733044736 0.06016597510373444
0 0.7041847041847041 0.83298755186722 0.04329004329004329 0.06846473029045644
0 0.7813852813852814 0.7811203319502075 0.03607503607503607 0.07261410788381743
1 0.6688311688311688 0.7406639004149378 0.05339105339105339 0.07883817427385892
1 0.5909090909090909 0.7966804979253111 0.044733044733044736 0.1037344398340249
1 0.4213564213564214 0.8547717842323651 0.05772005772005772 0.08713692946058091
1 0.13997113997113997 0.8091286307053942 0.05483405483405483 0.0954356846473029
1 0.1544011544011544 0.5103734439834025 0.07215007215007214 0.0954356846473029
1 0.049062049062049064 0.5269709543568465 0.05772005772005772 0.058091286307053944
1 0.10028860028860029 0.42323651452282157 0.07936507936507936 0.058091286307053944
1 0.11471861471861472 0.2157676348547718 0.05627705627705628 0.0912863070539419
1 0.07431457431457432 0.11929460580912864 0.044733044733044736 0.1016597510373444