0 0.2222222222222222 0.06742738589211618 0.07792207792207792 0.07261410788381743
0 0.2994227994227994 0.11825726141078838 0.047619047619047616 0.06224066390041494
0 0.42424242424242425 0.17531120331950206 0.049062049062049064 0.08506224066390042
0 0.6443001443001443 0.24273858921161826 0.05627705627705628 0.06639004149377593
0 0.9076479076479076 0.2437759336099585 0.03751803751803752 0.043568464730290454
0 0.9415584415584416 0.24896265560165975 0.027417027417027416 0.04564315352697095
0 0.8643578643578643 0.7126556016597511 0.046176046176046176 0.06016597510373444
0 0.17893217893217894 0.8910788381742739 0.05772005772005772 0.08921161825726141
1 0.056998556998557 0.12863070539419086 0.03896103896103896 0.1078838174273859
1 0.1443001443001443 0.262448132780083 0.06926406926406926 0.08921161825726141
1 0.2676767676767677 0.34439834024896265 0.07936507936507936 0.08298755186721991
1 0.03968253968253968 0.6649377593360996 0.050505050505050504 0.1016597510373444
1 0.046897546897546896 0.8807053941908713 0.047619047619047616 0.09336099585062241
1 0.613997113997114 0.45643153526970953 0.06204906204906205 0.06224066390041494
1 0.8968253968253969 0.4066390041493776 0.047619047619047616 0.04979253112033195
1 0.9502164502164502 0.4263485477178423 0.047619047619047616 0.06431535269709543
1 0.948051948051948 0.6182572614107884 0.04329004329004329 0.05394190871369295