0 0.030215827338129497 0.37328094302554027 0.02877697841726619 0.08644400785854617
0 0.2776978417266187 0.10412573673870335 0.06330935251798561 0.07072691552062868
0 0.5863309352517986 0.14636542239685657 0.04460431654676259 0.08447937131630648
0 0.6446043165467625 0.4027504911591356 0.07482014388489208 0.08644400785854617
0 0.7266187050359713 0.23477406679764243 0.06906474820143885 0.04911591355599214
0 0.6503597122302158 0.5206286836935167 0.05467625899280575 0.08644400785854617
0 0.6877697841726619 0.8113948919449901 0.0460431654676259 0.07072691552062868
0 0.7553956834532374 0.7946954813359528 0.034532374100719423 0.07662082514734773
0 0.7884892086330936 0.8094302554027505 0.04028776978417266 0.05108055009823183
0 0.8805755395683453 0.7799607072691552 0.051798561151079135 0.043222003929273084
0 0.958273381294964 0.7455795677799607 0.04316546762589928 0.04911591355599214
1 0.07482014388489208 0.12278978388998035 0.02877697841726619 0.10019646365422397
1 0.04892086330935252 0.14145383104125736 0.034532374100719423 0.05108055009823183
1 0.40863309352517985 0.13163064833005894 0.0460431654676259 0.07072691552062868
1 0.516546762589928 0.27996070726915523 0.04028776978417266 0.08840864440078586
1 0.7143884892086331 0.4066797642436149 0.06762589928057554 0.0550098231827112
1 0.556115107913669 0.7180746561886051 0.0618705035971223 0.06483300589390963
1 0.5172661870503598 0.8113948919449901 0.03884892086330935 0.06679764243614932
1 0.6266187050359712 0.7102161100196464 0.050359712230215826 0.08840864440078586
1 0.8215827338129497 0.6424361493123772 0.051798561151079135 0.06679764243614932
1 0.9151079136690647 0.630648330058939 0.0460431654676259 0.05893909626719057
1 0.9517985611510792 0.5952848722986247 0.050359712230215826 0.0550098231827112