0 0.04316546762589928 0.16208251473477406 0.034532374100719423 0.10412573673870335
0 0.13309352517985612 0.3280943025540275 0.058992805755395686 0.0825147347740668
0 0.23453237410071942 0.09724950884086445 0.08345323741007195 0.068762278978389
0 0.3345323741007194 0.10412573673870335 0.08201438848920864 0.05893909626719057
0 0.34676258992805753 0.3182711198428291 0.07194244604316546 0.10609037328094302
0 0.4870503597122302 0.1787819253438114 0.07338129496402877 0.07465618860510806
0 0.6194244604316547 0.275049115913556 0.06762589928057554 0.07465618860510806
0 0.7848920863309352 0.668958742632613 0.03884892086330935 0.08055009823182711
0 0.7489208633093525 0.7111984282907662 0.03884892086330935 0.06286836935166994
0 0.6345323741007194 0.8015717092337917 0.051798561151079135 0.07465618860510806
0 0.5971223021582733 0.825147347740668 0.06906474820143885 0.0825147347740668
1 0.03597122302158273 0.41846758349705304 0.04028776978417266 0.07072691552062868
1 0.12805755395683452 0.10707269155206287 0.06906474820143885 0.07662082514734773
1 0.19640287769784173 0.3555992141453831 0.07913669064748201 0.09037328094302555
1 0.258273381294964 0.362475442043222 0.08201438848920864 0.04518664047151277
1 0.4935251798561151 0.4901768172888016 0.06906474820143885 0.068762278978389
1 0.5107913669064749 0.42829076620825146 0.06906474820143885 0.06679764243614932
1 0.6741007194244605 0.49803536345776034 0.058992805755395686 0.060903732809430254
1 0.6690647482014388 0.6198428290766208 0.05467625899280575 0.060903732809430254
1 0.6158273381294964 0.6964636542239686 0.04028776978417266 0.09233791748526522
1 0.42589928057553955 0.8153241650294696 0.03741007194244604 0.09037328094302555
1 0.7690647482014389 0.7809430255402751 0.03884892086330935 0.06483300589390963