0 0.02830188679245283 0.2921940928270042 0.02467343976777939 0.06962025316455696
0 0.36792452830188677 0.21624472573839662 0.06531204644412192 0.12869198312236288
0 0.3330914368650218 0.2478902953586498 0.06531204644412192 0.07383966244725738
0 0.2714078374455733 0.2626582278481013 0.05805515239477504 0.06962025316455696
0 0.25471698113207547 0.7014767932489452 0.07402031930333818 0.09071729957805907
0 0.4281567489114659 0.8966244725738397 0.04354136429608128 0.11814345991561181
0 0.8272859216255443 0.7911392405063291 0.10740203193033382 0.12236286919831224
0 0.6894049346879536 0.18037974683544303 0.06966618287373004 0.1371308016877637
0 0.7416545718432511 0.09071729957805907 0.06676342525399129 0.10126582278481013
1 0.08780841799709724 0.27531645569620256 0.05660377358490566 0.07383966244725738
1 0.1328011611030479 0.7415611814345991 0.062409288824383166 0.06118143459915612
1 0.41219158200290273 0.8512658227848101 0.055152394775036286 0.08649789029535865
1 0.6081277213352685 0.9356540084388185 0.06386066763425254 0.11181434599156118
1 0.2830188679245283 0.49683544303797467 0.06676342525399129 0.07383966244725738
1 0.3497822931785196 0.510548523206751 0.06095791001451379 0.06751054852320675
1 0.5921625544267054 0.2626582278481013 0.06676342525399129 0.10337552742616034
1 0.9448476052249637 0.4936708860759494 0.06095791001451379 0.08860759493670886
1 0.9499274310595065 0.24367088607594936 0.05370101596516691 0.1160337552742616