0 0.19308943089430894 0.20474137931034483 0.03387533875338753 0.05172413793103448
0 0.20596205962059622 0.24892241379310345 0.032520325203252036 0.07974137931034483
0 0.20934959349593496 0.33836206896551724 0.044715447154471545 0.08189655172413793
0 0.516260162601626 0.08836206896551724 0.056910569105691054 0.07758620689655173
0 0.20392953929539295 0.6907327586206896 0.04742547425474255 0.08836206896551724
0 0.5691056910569106 0.10129310344827586 0.04336043360433604 0.08620689655172414
0 0.6124661246612466 0.052801724137931036 0.06775067750677506 0.07112068965517242
0 0.8191056910569106 0.11745689655172414 0.058265582655826556 0.08405172413793104
0 0.8475609756097561 0.1400862068965517 0.06097560975609756 0.07758620689655173
0 0.9478319783197832 0.39870689655172414 0.04200542005420054 0.11637931034482758
0 0.9512195121951219 0.4989224137931034 0.037940379403794036 0.08836206896551724
0 0.9112466124661247 0.7101293103448276 0.06368563685636856 0.1400862068965517
0 0.6869918699186992 0.9094827586206896 0.06233062330623306 0.07758620689655173
0 0.8929539295392954 0.8254310344827587 0.06504065040650407 0.10775862068965517
0 0.5840108401084011 0.8642241379310345 0.06504065040650407 0.10344827586206896
0 0.6192411924119241 0.8609913793103449 0.06233062330623306 0.07543103448275862
0 0.13008130081300814 0.7780172413793104 0.03523035230352303 0.05603448275862069
1 0.11246612466124661 0.25 0.03523035230352303 0.05603448275862069
1 0.3150406504065041 0.15086206896551724 0.03929539295392954 0.08189655172413793
1 0.3367208672086721 0.2543103448275862 0.04200542005420054 0.09051724137931035
1 0.3692411924119241 0.15301724137931033 0.04200542005420054 0.08189655172413793
1 0.11517615176151762 0.7036637931034483 0.04065040650406504 0.07974137931034483
1 0.712059620596206 0.2025862068965517 0.03116531165311653 0.11206896551724138
1 0.7981029810298103 0.07004310344827586 0.04878048780487805 0.07112068965517242
1 0.8976964769647696 0.08081896551724138 0.06097560975609756 0.08405172413793104
1 0.7228997289972899 0.32435344827586204 0.03116531165311653 0.07974137931034483
1 0.8136856368563685 0.45689655172413796 0.06368563685636856 0.0603448275862069
1 0.8949864498644986 0.36314655172413796 0.06097560975609756 0.09267241379310345
1 0.806910569105691 0.5441810344827587 0.06368563685636856 0.09267241379310345
1 0.8855013550135501 0.8911637931034483 0.05013550135501355 0.10129310344827586
1 0.6964769647696477 0.6099137931034483 0.056910569105691054 0.1206896551724138