0 0.2053701015965167 0.2310126582278481 0.06531204644412192 0.09915611814345991
0 0.2793904208998549 0.24156118143459915 0.06821480406386067 0.056962025316455694
0 0.19013062409288825 0.5327004219409283 0.09869375907111756 0.10337552742616034
0 0.20899854862119013 0.8554852320675106 0.05224963715529753 0.12025316455696203
0 0.6683599419448476 0.14767932489451477 0.08272859216255443 0.11814345991561181
0 0.681422351233672 0.410337552742616 0.08853410740203194 0.11181434599156118
0 0.6567489114658926 0.5021097046413502 0.06821480406386067 0.12658227848101267
0 0.7227866473149492 0.9166666666666666 0.07547169811320754 0.1160337552742616
0 0.7830188679245284 0.9335443037974683 0.06531204644412192 0.11181434599156118
1 0.20754716981132076 0.4757383966244726 0.06676342525399129 0.07383966244725738
1 0.28519593613933236 0.4778481012658228 0.06821480406386067 0.07383966244725738
1 0.1734397677793904 0.6772151898734177 0.07402031930333818 0.0759493670886076
1 0.341799709724238 0.9082278481012658 0.059506531204644414 0.09915611814345991
1 0.9267053701015965 0.8059071729957806 0.06821480406386067 0.0970464135021097
1 0.9274310595065312 0.5010548523206751 0.06966618287373004 0.1160337552742616
1 0.941944847605225 0.34177215189873417 0.04934687953555878 0.11392405063291139
1 0.9042089985486212 0.10126582278481013 0.07547169811320754 0.07172995780590717