0 0.2762589928057554 0.20235756385068762 0.07194244604316546 0.0825147347740668
0 0.050359712230215826 0.11198428290766209 0.05755395683453238 0.10216110019646366
0 0.11510791366906475 0.29764243614931235 0.07194244604316546 0.10412573673870335
0 0.022302158273381296 0.5353634577603144 0.033093525179856115 0.11198428290766209
0 0.6107913669064748 0.8192534381139489 0.053237410071942444 0.07858546168958742
0 0.4309352517985611 0.14341846758349705 0.0618705035971223 0.10216110019646366
0 0.6633093525179856 0.22298624754420432 0.06330935251798561 0.0412573673870334
0 0.7244604316546762 0.23280943025540274 0.06474820143884892 0.05304518664047151
0 0.8223021582733813 0.39980353634577603 0.06474820143884892 0.07662082514734773
0 0.802158273381295 0.6149312377210217 0.03884892086330935 0.09037328094302555
0 0.9223021582733812 0.762278978388998 0.05755395683453238 0.07858546168958742
1 0.07913669064748201 0.5294695481335953 0.05467625899280575 0.07662082514734773
1 0.07194244604316546 0.21021611001964635 0.05755395683453238 0.09037328094302555
1 0.24316546762589927 0.0962671905697446 0.07482014388489208 0.07858546168958742
1 0.5928057553956835 0.16011787819253437 0.04892086330935252 0.0962671905697446
1 0.6553956834532374 0.37328094302554027 0.058992805755395686 0.07465618860510806
1 0.8237410071942446 0.33988212180746563 0.041726618705035974 0.07858546168958742
1 0.7892086330935252 0.5540275049115914 0.053237410071942444 0.07072691552062868
1 0.6913669064748201 0.712180746561886 0.058992805755395686 0.08840864440078586
1 0.7618705035971223 0.8055009823182712 0.03597122302158273 0.06286836935166994
1 0.8920863309352518 0.6365422396856582 0.04316546762589928 0.07072691552062868