0 0.4438848920863309 0.12180746561886051 0.05611510791366906 0.07858546168958742
0 0.7028776978417266 0.8084479371316307 0.041726618705035974 0.08447937131630648
0 0.3460431654676259 0.2288801571709234 0.06762589928057554 0.09233791748526522
0 0.32158273381294966 0.5756385068762279 0.06762589928057554 0.09430255402750491
0 0.21510791366906476 0.3005893909626719 0.04460431654676259 0.09430255402750491
0 0.15251798561151078 0.5432220039292731 0.07194244604316546 0.08840864440078586
0 0.11870503597122302 0.26620825147347743 0.06762589928057554 0.09233791748526522
0 0.053237410071942444 0.25638506876227896 0.05467625899280575 0.10412573673870335
0 0.26258992805755393 0.2681728880157171 0.09928057553956834 0.068762278978389
1 0.046762589928057555 0.5 0.04748201438848921 0.08055009823182711
1 0.09352517985611511 0.5707269155206287 0.04316546762589928 0.08840864440078586
1 0.16115107913669063 0.26031434184675833 0.06618705035971223 0.06483300589390963
1 0.21510791366906476 0.574656188605108 0.041726618705035974 0.08840864440078586
1 0.2697841726618705 0.5324165029469549 0.058992805755395686 0.06679764243614932
1 0.3553956834532374 0.3212180746561886 0.06618705035971223 0.07662082514734773
1 0.15323741007194244 0.13850687622789784 0.050359712230215826 0.09233791748526522
1 0.2733812949640288 0.11394891944990176 0.0460431654676259 0.0550098231827112
1 0.5618705035971223 0.8153241650294696 0.050359712230215826 0.07465618860510806