0 0.11294964028776978 0.08153241650294696 0.04748201438848921 0.07269155206286837
0 0.2798561151079137 0.20235756385068762 0.058992805755395686 0.08644400785854617
0 0.14316546762589927 0.25343811394891946 0.07625899280575539 0.06679764243614932
0 0.08633093525179857 0.23968565815324164 0.060431654676258995 0.10216110019646366
0 0.11654676258992806 0.325147347740668 0.08633093525179857 0.13555992141453832
0 0.5697841726618705 0.8300589390962672 0.08633093525179857 0.08055009823182711
0 0.7086330935251799 0.7357563850687623 0.041726618705035974 0.068762278978389
0 0.6705035971223021 0.224950884086444 0.060431654676258995 0.04911591355599214
0 0.7388489208633093 0.2357563850687623 0.05611510791366906 0.03929273084479371
1 0.03597122302158273 0.5235756385068763 0.05467625899280575 0.060903732809430254
1 0.06762589928057554 0.4587426326129666 0.051798561151079135 0.04518664047151277
1 0.1971223021582734 0.5255402750491159 0.04028776978417266 0.08840864440078586
1 0.22014388489208633 0.431237721021611 0.06330935251798561 0.05697445972495088
1 0.30503597122302156 0.3113948919449902 0.06618705035971223 0.08447937131630648
1 0.06690647482014389 0.17485265225933203 0.033093525179856115 0.07858546168958742
1 0.2776978417266187 0.10117878192534381 0.05755395683453238 0.06483300589390963
1 0.7215827338129497 0.8055009823182712 0.04460431654676259 0.05893909626719057
1 0.5546762589928057 0.7023575638506876 0.053237410071942444 0.08840864440078586
1 0.6784172661870503 0.3850687622789784 0.053237410071942444 0.06679764243614932
1 0.7546762589928058 0.431237721021611 0.06762589928057554 0.10019646365422397