0 0.03741007194244604 0.31237721021611004 0.04028776978417266 0.10216110019646366
0 0.033093525179856115 0.39096267190569745 0.031654676258992806 0.07072691552062868
0 0.14316546762589927 0.12868369351669942 0.041726618705035974 0.10805500982318271
0 0.15971223021582734 0.22789783889980353 0.06330935251798561 0.10609037328094302
0 0.23237410071942446 0.2956777996070727 0.07338129496402877 0.05304518664047151
0 0.30503597122302156 0.12868369351669942 0.08920863309352518 0.068762278978389
0 0.258273381294964 0.5196463654223968 0.058992805755395686 0.10412573673870335
0 0.44028776978417267 0.11493123772102161 0.08633093525179857 0.07662082514734773
0 0.6589928057553956 0.2200392927308448 0.06330935251798561 0.03929273084479371
0 0.818705035971223 0.2200392927308448 0.060431654676258995 0.07858546168958742
0 0.7856115107913669 0.768172888015717 0.04028776978417266 0.06286836935166994
1 0.6568345323741007 0.7809430255402751 0.04460431654676259 0.06483300589390963
1 0.6575539568345323 0.3614931237721022 0.05467625899280575 0.0550098231827112
1 0.7597122302158273 0.3831041257367387 0.0460431654676259 0.06286836935166994
1 0.6014388489208633 0.2043222003929273 0.031654676258992806 0.08644400785854617
1 0.32661870503597124 0.3968565815324165 0.08633093525179857 0.07072691552062868
1 0.20215827338129497 0.4430255402750491 0.06762589928057554 0.05697445972495088
1 0.06978417266187051 0.5039292730844793 0.033093525179856115 0.10019646365422397
1 0.03597122302158273 0.618860510805501 0.0460431654676259 0.05893909626719057
1 0.07338129496402877 0.3654223968565815 0.060431654676258995 0.05108055009823183
1 0.08129496402877698 0.10510805500982318 0.07050359712230216 0.04911591355599214
1 0.18992805755395684 0.08546168958742632 0.05467625899280575 0.05304518664047151