0 0.03483309143686502 0.27531645569620256 0.05805515239477504 0.06540084388185655
0 0.2111756168359942 0.2478902953586498 0.062409288824383166 0.06962025316455696
0 0.27503628447024675 0.24578059071729957 0.05079825834542816 0.056962025316455694
0 0.341799709724238 0.22046413502109705 0.06821480406386067 0.056962025316455694
0 0.24455732946298983 0.8375527426160337 0.059506531204644414 0.10126582278481013
0 0.6618287373004355 0.9314345991561181 0.09869375907111756 0.052742616033755275
0 0.8454281567489115 0.9324894514767933 0.06821480406386067 0.09282700421940929
0 0.7293178519593614 0.10759493670886076 0.07111756168359942 0.1350210970464135
0 0.8381712626995645 0.27742616033755274 0.08272859216255443 0.16244725738396623
1 0.05370101596516691 0.5548523206751055 0.05805515239477504 0.0759493670886076
1 0.09796806966618288 0.3048523206751055 0.0420899854862119 0.09071729957805907
1 0.28156748911465895 0.5147679324894515 0.07256894049346879 0.05907172995780591
1 0.33962264150943394 0.4767932489451477 0.07256894049346879 0.05063291139240506
1 0.4375907111756168 0.879746835443038 0.05370101596516691 0.08438818565400844
1 0.6211901306240929 0.5917721518987342 0.07256894049346879 0.08649789029535865
1 0.6698113207547169 0.5348101265822784 0.062409288824383166 0.08649789029535865
1 0.8592162554426706 0.8111814345991561 0.04934687953555878 0.0949367088607595
1 0.9629898403483309 0.1360759493670886 0.036284470246734396 0.12447257383966245