0 0.08055152394775036 0.5327004219409283 0.05660377358490566 0.07383966244725738
0 0.3468795355587808 0.22257383966244726 0.11030478955007257 0.052742616033755275
0 0.6052249637155298 0.31962025316455694 0.05805515239477504 0.14556962025316456
0 0.785921625544267 0.09071729957805907 0.08853410740203194 0.10126582278481013
0 0.6589259796806967 0.9113924050632911 0.05805515239477504 0.11814345991561181
0 0.29027576197387517 0.8544303797468354 0.04644412191582003 0.08438818565400844
0 0.24818577648766327 0.859704641350211 0.06676342525399129 0.07383966244725738
0 0.18577648766328012 0.8428270042194093 0.06966618287373004 0.07805907172995781
0 0.12481857764876633 0.6012658227848101 0.06095791001451379 0.08860759493670886
1 0.06966618287373004 0.2921940928270042 0.04934687953555878 0.08649789029535865
1 0.2597968069666183 0.479957805907173 0.07547169811320754 0.06962025316455696
1 0.041364296081277216 0.7848101265822784 0.03918722786647315 0.07172995780590717
1 0.1509433962264151 0.7943037974683544 0.06386066763425254 0.052742616033755275
1 0.17851959361393324 0.6265822784810127 0.04354136429608128 0.07172995780590717
1 0.22786647314949202 0.5854430379746836 0.06095791001451379 0.04852320675105485
1 0.47677793904209 0.8997890295358649 0.05370101596516691 0.08227848101265822
1 0.8033381712626996 0.17616033755274263 0.0420899854862119 0.10337552742616034
1 0.9194484760522497 0.8987341772151899 0.036284470246734396 0.11392405063291139