0 0.2474820143884892 0.43713163064833005 0.05467625899280575 0.08447937131630648
0 0.1949640287769784 0.2013752455795678 0.04748201438848921 0.08447937131630648
0 0.14028776978417265 0.17583497053045186 0.07050359712230216 0.068762278978389
0 0.07122302158273382 0.19351669941060903 0.07338129496402877 0.09233791748526522
0 0.05107913669064748 0.11591355599214145 0.041726618705035974 0.0825147347740668
0 0.37050359712230213 0.2043222003929273 0.04748201438848921 0.10609037328094302
0 0.44532374100719424 0.11493123772102161 0.053237410071942444 0.09233791748526522
0 0.6748201438848921 0.8025540275049116 0.03741007194244604 0.08447937131630648
0 0.6683453237410072 0.7043222003929273 0.06762589928057554 0.068762278978389
0 0.779136690647482 0.8094302554027505 0.05611510791366906 0.05108055009823183
0 0.8985611510791367 0.7770137524557956 0.053237410071942444 0.05304518664047151
1 0.07266187050359713 0.49705304518664045 0.033093525179856115 0.09823182711198428
1 0.03237410071942446 0.4223968565815324 0.033093525179856115 0.07465618860510806
1 0.24028776978417266 0.10609037328094302 0.0460431654676259 0.06286836935166994
1 0.17697841726618704 0.4066797642436149 0.08057553956834532 0.043222003929273084
1 0.32230215827338127 0.39783889980353637 0.051798561151079135 0.07269155206286837
1 0.5705035971223021 0.24852652259332023 0.03884892086330935 0.08447937131630648
1 0.6014388489208633 0.1807465618860511 0.034532374100719423 0.0825147347740668
1 0.7805755395683454 0.5176817288801572 0.05611510791366906 0.04911591355599214
1 0.7215827338129497 0.7220039292730844 0.053237410071942444 0.05697445972495088
1 0.49640287769784175 0.8084479371316307 0.04892086330935252 0.07662082514734773
1 0.8985611510791367 0.6679764243614931 0.03597122302158273 0.043222003929273084