0 0.2677793904208999 0.22784810126582278 0.07111756168359942 0.04219409282700422
0 0.3490566037735849 0.21518987341772153 0.07111756168359942 0.05907172995780591
0 0.6444121915820029 0.1339662447257384 0.11030478955007257 0.0949367088607595
0 0.8795355587808418 0.10864978902953587 0.06966618287373004 0.09915611814345991
0 0.7779390420899854 0.29641350210970463 0.06095791001451379 0.14135021097046413
0 0.6937590711175616 0.48628691983122363 0.06095791001451379 0.12025316455696203
0 0.7198838896952104 0.5411392405063291 0.06966618287373004 0.11181434599156118
0 0.034107402031930335 0.8175105485232067 0.02177068214804064 0.06962025316455696
0 0.7119013062409288 0.8417721518987342 0.04499274310595065 0.10970464135021098
0 0.7431059506531205 0.9272151898734177 0.08708272859216255 0.0949367088607595
1 0.10522496371552975 0.8438818565400844 0.04499274310595065 0.05907172995780591
1 0.18867924528301888 0.4419831223628692 0.07256894049346879 0.056962025316455694
1 0.2597968069666183 0.5042194092827004 0.07547169811320754 0.06751054852320675
1 0.6567489114658926 0.4936708860759494 0.05370101596516691 0.09282700421940929
1 0.6923076923076923 0.31751054852320676 0.07547169811320754 0.11181434599156118
1 0.9608127721335269 0.20991561181434598 0.04354136429608128 0.0949367088607595
1 0.9143686502177069 0.350210970464135 0.06095791001451379 0.10970464135021098
1 0.9760522496371553 0.5210970464135021 0.04499274310595065 0.13924050632911392
1 0.9281567489114659 0.6550632911392406 0.06531204644412192 0.08649789029535865
1 0.9724238026124818 0.8871308016877637 0.03193033381712627 0.0949367088607595