0 0.038129496402877695 0.2554027504911591 0.041726618705035974 0.1100196463654224
0 0.06546762589928058 0.14145383104125736 0.06474820143884892 0.09430255402750491
0 0.32805755395683456 0.11591355599214145 0.06618705035971223 0.05893909626719057
0 0.15755395683453238 0.15029469548133595 0.058992805755395686 0.08055009823182711
0 0.19568345323741007 0.18664047151277013 0.0920863309352518 0.09430255402750491
0 0.437410071942446 0.5609037328094303 0.08920863309352518 0.07662082514734773
0 0.5035971223021583 0.48428290766208254 0.07194244604316546 0.10019646365422397
0 0.6575539568345323 0.343811394891945 0.07482014388489208 0.09037328094302555
0 0.7683453237410072 0.7907662082514735 0.04028776978417266 0.07662082514734773
0 0.7007194244604317 0.81237721021611 0.04316546762589928 0.07269155206286837
1 0.06762589928057554 0.5108055009823183 0.0776978417266187 0.047151277013752456
1 0.09496402877697842 0.3988212180746562 0.06330935251798561 0.09823182711198428
1 0.17697841726618704 0.3831041257367387 0.08057553956834532 0.05893909626719057
1 0.37410071942446044 0.2406679764243615 0.05755395683453238 0.08840864440078586
1 0.40431654676258993 0.29862475442043224 0.0776978417266187 0.07465618860510806
1 0.1158273381294964 0.09921414538310412 0.03884892086330935 0.08055009823182711
1 0.4949640287769784 0.20923379174852652 0.05467625899280575 0.068762278978389
1 0.5496402877697841 0.15225933202357564 0.08920863309352518 0.06483300589390963
1 0.5697841726618705 0.7858546168958742 0.03741007194244604 0.08644400785854617
1 0.6489208633093525 0.7092337917485265 0.08057553956834532 0.09037328094302555