0 0.16473149492017417 0.8396624472573839 0.059506531204644414 0.0759493670886076
0 0.17271407837445574 0.8069620253164557 0.055152394775036286 0.06540084388185655
0 0.3026124818577649 0.6582278481012658 0.07402031930333818 0.0970464135021097
0 0.2728592162554427 0.8660337552742616 0.05805515239477504 0.10337552742616034
0 0.5856313497822931 0.8966244725738397 0.059506531204644414 0.10970464135021098
0 0.6378809869375908 0.18143459915611815 0.07692307692307693 0.10970464135021098
0 0.7801161103047896 0.4430379746835443 0.09143686502177069 0.10548523206751055
0 0.7503628447024674 0.12130801687763713 0.06386066763425254 0.10759493670886076
0 0.2111756168359942 0.2542194092827004 0.07111756168359942 0.0949367088607595
0 0.28374455732946297 0.2468354430379747 0.05370101596516691 0.06329113924050633
0 0.34107402031930334 0.21940928270042195 0.06676342525399129 0.046413502109704644
1 0.09941944847605225 0.28375527426160335 0.033381712626995644 0.0949367088607595
1 0.2365747460087083 0.45147679324894513 0.05805515239477504 0.06329113924050633
1 0.35413642960812775 0.4620253164556962 0.06095791001451379 0.07172995780590717
1 0.4934687953555878 0.4419831223628692 0.06386066763425254 0.07805907172995781
1 0.9550072568940493 0.23734177215189872 0.055152394775036286 0.08227848101265822
1 0.8439767779390421 0.8850210970464135 0.04499274310595065 0.10337552742616034
1 0.45500725689404936 0.8744725738396625 0.05079825834542816 0.09915611814345991
1 0.05660377358490566 0.7637130801687764 0.02902757619738752 0.0759493670886076
1 0.11756168359941944 0.5590717299578059 0.055152394775036286 0.05063291139240506
1 0.15384615384615385 0.609704641350211 0.026124818577648767 0.08438818565400844