0 0.06115107913669065 0.22593320235756384 0.05611510791366906 0.08644400785854617
0 0.039568345323741004 0.29764243614931235 0.03884892086330935 0.0962671905697446
0 0.04100719424460432 0.7632612966601179 0.04748201438848921 0.07662082514734773
0 0.679136690647482 0.7180746561886051 0.05467625899280575 0.0962671905697446
0 0.6877697841726619 0.7966601178781926 0.04028776978417266 0.08447937131630648
0 0.8431654676258993 0.7848722986247544 0.060431654676258995 0.04518664047151277
0 0.6683453237410072 0.2180746561886051 0.058992805755395686 0.043222003929273084
0 0.7266187050359713 0.23772102161100198 0.05755395683453238 0.043222003929273084
0 0.5510791366906475 0.20726915520628683 0.06330935251798561 0.08055009823182711
0 0.4316546762589928 0.15029469548133595 0.06330935251798561 0.10019646365422397
0 0.44028776978417267 0.09823182711198428 0.04316546762589928 0.047151277013752456
1 0.03381294964028777 0.4764243614931238 0.033093525179856115 0.05697445972495088
1 0.12877697841726618 0.4518664047151277 0.08201438848920864 0.0550098231827112
1 0.25971223021582734 0.16208251473477406 0.04748201438848921 0.0962671905697446
1 0.27050359712230215 0.13359528487229863 0.04892086330935252 0.08644400785854617
1 0.60431654676259 0.14833005893909626 0.04028776978417266 0.08055009823182711
1 0.5798561151079137 0.4587426326129666 0.06618705035971223 0.05304518664047151
1 0.6438848920863309 0.3899803536345776 0.0618705035971223 0.060903732809430254
1 0.718705035971223 0.4223968565815324 0.058992805755395686 0.0550098231827112
1 0.5640287769784172 0.8241650294695482 0.0460431654676259 0.07269155206286837
1 0.7856115107913669 0.7721021611001965 0.034532374100719423 0.09037328094302555
1 0.8690647482014389 0.5825147347740668 0.051798561151079135 0.05304518664047151