0 0.2053701015965167 0.25843881856540085 0.059506531204644414 0.06962025316455696
0 0.2728592162554427 0.2552742616033755 0.06676342525399129 0.04219409282700422
0 0.35776487663280115 0.2289029535864979 0.08853410740203194 0.07383966244725738
0 0.8018867924528302 0.0949367088607595 0.08272859216255443 0.10548523206751055
0 0.18287373004354138 0.5822784810126582 0.05805515239477504 0.10970464135021098
0 0.011611030478955007 0.5643459915611815 0.020319303338171262 0.11181434599156118
0 0.04644412191582003 0.7827004219409283 0.055152394775036286 0.05907172995780591
0 0.2169811320754717 0.8502109704641351 0.03918722786647315 0.08860759493670886
0 0.20246734397677793 0.8270042194092827 0.062409288824383166 0.08860759493670886
0 0.2757619738751814 0.7784810126582279 0.0783744557329463 0.08860759493670886
1 0.28664731494920176 0.5063291139240507 0.07982583454281568 0.06751054852320675
1 0.19521044992743106 0.5158227848101266 0.07402031930333818 0.06962025316455696
1 0.09724238026124818 0.4356540084388186 0.06966618287373004 0.06540084388185655
1 0.10522496371552975 0.5569620253164557 0.062409288824383166 0.09282700421940929
1 0.02830188679245283 0.6265822784810127 0.036284470246734396 0.04219409282700422
1 0.06095791001451379 0.8143459915611815 0.04354136429608128 0.0759493670886076
1 0.28374455732946297 0.6972573839662447 0.047895500725689405 0.0949367088607595
1 0.15529753265602322 0.6318565400843882 0.04354136429608128 0.056962025316455694
1 0.41219158200290273 0.8628691983122363 0.06386066763425254 0.11392405063291139