0 0.46671195652173914 0.14145383104125736 0.06114130434782609 0.0825147347740668
0 0.6494565217391305 0.4430255402750491 0.07608695652173914 0.08447937131630648
0 0.2860054347826087 0.7524557956777996 0.07472826086956522 0.043222003929273084
0 0.22826086956521738 0.7475442043222004 0.059782608695652176 0.0412573673870334
0 0.11956521739130435 0.7740667976424361 0.051630434782608696 0.09037328094302555
0 0.21603260869565216 0.2406679764243615 0.043478260869565216 0.08447937131630648
0 0.15081521739130435 0.2691552062868369 0.04891304347826087 0.0550098231827112
0 0.12228260869565218 0.25638506876227896 0.04076086956521739 0.05304518664047151
0 0.046875 0.2966601178781925 0.028532608695652172 0.043222003929273084
0 0.07404891304347826 0.2829076620825147 0.036684782608695655 0.05893909626719057
1 0.03736413043478261 0.5314341846758349 0.036684782608695655 0.04911591355599214
1 0.07948369565217392 0.550098231827112 0.05570652173913043 0.043222003929273084
1 0.10801630434782608 0.4931237721021611 0.03940217391304348 0.05108055009823183
1 0.15081521739130435 0.5088408644400786 0.05434782608695652 0.06679764243614932
1 0.07948369565217392 0.4449901768172888 0.042119565217391304 0.04911591355599214
1 0.3648097826086957 0.224950884086444 0.05298913043478261 0.10412573673870335
1 0.546875 0.3555992141453831 0.09646739130434782 0.08644400785854617
1 0.4626358695652174 0.5913555992141454 0.050271739130434784 0.10609037328094302
1 0.30502717391304346 0.5442043222003929 0.07744565217391304 0.07465618860510806
1 0.21807065217391305 0.5196463654223968 0.058423913043478264 0.07269155206286837
1 0.03736413043478261 0.75049115913556 0.03125 0.06679764243614932