0 0.041440217391304345 0.7311946902654868 0.025815217391304348 0.07743362831858407
0 0.37296195652173914 0.8473451327433629 0.05570652173913043 0.09292035398230089
0 0.4782608695652174 0.9059734513274337 0.057065217391304345 0.09070796460176991
0 0.5183423913043478 0.168141592920354 0.06114130434782609 0.10176991150442478
0 0.6426630434782609 0.09402654867256637 0.06793478260869565 0.08628318584070796
0 0.6929347826086957 0.4480088495575221 0.051630434782608696 0.12168141592920353
0 0.6127717391304348 0.8871681415929203 0.06521739130434782 0.07964601769911504
0 0.6114130434782609 0.9435840707964602 0.07065217391304347 0.06858407079646017
0 0.889266304347826 0.8495575221238938 0.08016304347826086 0.061946902654867256
0 0.9375 0.41482300884955753 0.059782608695652176 0.10398230088495575
0 0.9572010869565217 0.33517699115044247 0.04755434782608696 0.07743362831858407
0 0.8057065217391305 0.6095132743362832 0.04076086956521739 0.11283185840707964
1 0.11005434782608696 0.26548672566371684 0.051630434782608696 0.07964601769911504
1 0.23980978260869565 0.42035398230088494 0.05570652173913043 0.061946902654867256
1 0.30027173913043476 0.40376106194690264 0.0625 0.09070796460176991
1 0.08695652173913043 0.7533185840707964 0.04076086956521739 0.06415929203539823
1 0.22418478260869565 0.790929203539823 0.04619565217391304 0.09070796460176991
1 0.6127717391304348 0.7599557522123894 0.07336956521739131 0.10398230088495575
1 0.7051630434782609 0.6814159292035398 0.06793478260869565 0.09292035398230089
1 0.890625 0.7566371681415929 0.08559782608695653 0.084070796460177
1 0.6440217391304348 0.38716814159292035 0.08423913043478261 0.084070796460177
1 0.8811141304347826 0.3108407079646018 0.07744565217391304 0.09070796460176991
1 0.8077445652173914 0.22013274336283187 0.04483695652173913 0.09955752212389381
1 0.8600543478260869 0.1006637168141593 0.051630434782608696 0.11283185840707964
1 0.9198369565217391 0.09623893805309734 0.07065217391304347 0.08185840707964602