0 0.30649526387009474 0.16804123711340208 0.03112313937753721 0.07216494845360824
0 0.33626522327469555 0.15979381443298968 0.03112313937753721 0.09278350515463918
0 0.510148849797023 0.15051546391752577 0.056833558863328824 0.10721649484536082
0 0.725981055480379 0.09587628865979382 0.08795669824086604 0.08041237113402062
0 0.8741542625169147 0.4814432989690722 0.04871447902571042 0.09278350515463918
0 0.9661705006765899 0.5567010309278351 0.035182679296346414 0.08247422680412371
0 0.8599458728010826 0.7206185567010309 0.06359945872801083 0.08041237113402062
0 0.7456021650879567 0.9041237113402062 0.05142083897158322 0.07216494845360824
0 0.6224627875507442 0.8092783505154639 0.05953991880920163 0.09690721649484536
0 0.4871447902571042 0.488659793814433 0.046008119079837616 0.07422680412371134
0 0.527063599458728 0.32577319587628867 0.05006765899864682 0.09896907216494845
0 0.7185385656292287 0.4556701030927835 0.05412719891745602 0.1154639175257732
0 0.14546684709066307 0.7329896907216494 0.044654939106901215 0.07216494845360824
0 0.5683355886332883 0.2309278350515464 0.05953991880920163 0.09896907216494845
1 0.02368064952638701 0.6072164948453608 0.044654939106901215 0.05567010309278351
1 0.09472259810554803 0.5804123711340207 0.046008119079837616 0.05979381443298969
1 0.18470906630581868 0.22474226804123712 0.05006765899864682 0.07835051546391752
1 0.2408660351826793 0.6371134020618556 0.06495263870094722 0.0865979381443299
1 0.3376184032476319 0.5752577319587628 0.05548037889039242 0.08247422680412371
1 0.37550744248985113 0.554639175257732 0.058186738836265225 0.09072164948453608
1 0.48308525033829497 0.18762886597938144 0.05412719891745602 0.09896907216494845
1 0.7043301759133965 0.15257731958762888 0.06901217861975643 0.09896907216494845
1 0.790257104194858 0.22989690721649483 0.056833558863328824 0.08453608247422681
1 0.7821380243572396 0.32989690721649484 0.05412719891745602 0.0865979381443299
1 0.8200270635994588 0.40824742268041236 0.05953991880920163 0.06597938144329897
1 0.7916102841677943 0.622680412371134 0.07307171853856563 0.12783505154639174
1 0.6055480378890392 0.6010309278350515 0.05277401894451962 0.05567010309278351
1 0.5602165087956699 0.32783505154639175 0.06765899864682003 0.07835051546391752
1 0.8991880920162382 0.2422680412371134 0.044654939106901215 0.05154639175257732
1 0.9512855209742895 0.8762886597938144 0.029769959404600813 0.09072164948453608