0 0.2719424460431655 0.13163064833005894 0.07194244604316546 0.08644400785854617
0 0.1647482014388489 0.36836935166994106 0.07913669064748201 0.13555992141453832
0 0.33093525179856115 0.6031434184675835 0.051798561151079135 0.10216110019646366
0 0.7424460431654676 0.7544204322200393 0.04316546762589928 0.07858546168958742
0 0.7359712230215827 0.8113948919449901 0.06474820143884892 0.043222003929273084
0 0.8158273381294964 0.5304518664047151 0.051798561151079135 0.05108055009823183
0 0.9136690647482014 0.600196463654224 0.04892086330935252 0.07269155206286837
0 0.9503597122302159 0.7740667976424361 0.04460431654676259 0.09037328094302555
0 0.9776978417266187 0.762278978388998 0.03884892086330935 0.06286836935166994
1 0.1093525179856115 0.12475442043222004 0.034532374100719423 0.07662082514734773
1 0.3697841726618705 0.35363457760314343 0.051798561151079135 0.07858546168958742
1 0.5287769784172662 0.5599214145383105 0.050359712230215826 0.07072691552062868
1 0.5525179856115108 0.7347740667976425 0.060431654676258995 0.1100196463654224
1 0.5920863309352518 0.8113948919449901 0.03884892086330935 0.06679764243614932
1 0.7597122302158273 0.3565815324165029 0.051798561151079135 0.07269155206286837
1 0.9546762589928057 0.43909626719056977 0.04460431654676259 0.04911591355599214
1 0.8561151079136691 0.7426326129666012 0.05467625899280575 0.07465618860510806
1 0.9309352517985612 0.656188605108055 0.034532374100719423 0.0550098231827112
1 0.9589928057553957 0.6227897838899804 0.03884892086330935 0.0550098231827112
1 0.9863309352517986 0.5943025540275049 0.027338129496402876 0.060903732809430254