0 0.17779390420899854 0.25738396624472576 0.06821480406386067 0.06751054852320675
0 0.28664731494920176 0.2510548523206751 0.07692307692307693 0.0379746835443038
0 0.4397677793904209 0.41561181434599154 0.06386066763425254 0.10548523206751055
0 0.260522496371553 0.7943037974683544 0.05660377358490566 0.10759493670886076
0 0.2772133526850508 0.8670886075949367 0.04934687953555878 0.08438818565400844
0 0.6567489114658926 0.8006329113924051 0.07982583454281568 0.12025316455696203
0 0.6792452830188679 0.9061181434599156 0.06966618287373004 0.0949367088607595
0 0.7685050798258345 0.24578059071729957 0.08563134978229318 0.12869198312236288
0 0.7706821480406386 0.12552742616033755 0.09869375907111756 0.09071729957805907
1 0.07982583454281568 0.3111814345991561 0.055152394775036286 0.08649789029535865
1 0.42380261248185774 0.7362869198312236 0.07256894049346879 0.10126582278481013
1 0.27358490566037735 0.49156118143459915 0.08272859216255443 0.06329113924050633
1 0.5899854862119013 0.21518987341772153 0.07402031930333818 0.10548523206751055
1 0.46081277213352684 0.8628691983122363 0.062409288824383166 0.11814345991561181
1 0.897677793904209 0.7573839662447257 0.07692307692307693 0.0970464135021097
1 0.93033381712627 0.8987341772151899 0.055152394775036286 0.09282700421940929