0 0.035326086956521736 0.29960707269155207 0.021739130434782608 0.068762278978389
0 0.1637228260869565 0.4106090373280943 0.058423913043478264 0.07465618860510806
0 0.16304347826086957 0.49803536345776034 0.03804347826086957 0.068762278978389
0 0.03940217391304348 0.5609037328094303 0.05434782608695652 0.05697445972495088
0 0.10258152173913043 0.6414538310412574 0.05570652173913043 0.060903732809430254
0 0.09239130434782608 0.7269155206286837 0.059782608695652176 0.0550098231827112
0 0.22146739130434784 0.7416502946954814 0.0625 0.04518664047151277
0 0.28940217391304346 0.7485265225933202 0.07336956521739131 0.05893909626719057
1 0.08288043478260869 0.2681728880157171 0.04076086956521739 0.060903732809430254
1 0.07948369565217392 0.3418467583497053 0.036684782608695655 0.09430255402750491
1 0.07404891304347826 0.4223968565815324 0.020380434782608696 0.0825147347740668
1 0.07540760869565218 0.481335952848723 0.04483695652173913 0.043222003929273084
1 0.050271739130434784 0.768172888015717 0.04891304347826087 0.047151277013752456
1 0.1480978260869565 0.587426326129666 0.059782608695652176 0.047151277013752456
1 0.09850543478260869 0.7799607072691552 0.02309782608695652 0.09037328094302555
1 0.2269021739130435 0.49705304518664045 0.0625 0.047151277013752456
1 0.3077445652173913 0.5432220039292731 0.06929347826086957 0.04518664047151277