0 0.27266187050359714 0.08055009823182711 0.0618705035971223 0.07072691552062868
0 0.20071942446043164 0.27013752455795675 0.05611510791366906 0.11591355599214145
0 0.22589928057553957 0.39783889980353637 0.06330935251798561 0.0962671905697446
0 0.218705035971223 0.4862475442043222 0.060431654676258995 0.11198428290766209
0 0.5676258992805755 0.8241650294695482 0.07913669064748201 0.07269155206286837
0 0.44532374100719424 0.10117878192534381 0.1079136690647482 0.05304518664047151
0 0.42158273381294964 0.14636542239685657 0.08345323741007195 0.06483300589390963
0 0.034532374100719423 0.5442043222003929 0.0460431654676259 0.07465618860510806
0 0.07410071942446043 0.5363457760314342 0.053237410071942444 0.08644400785854617
0 0.1446043165467626 0.3428290766208251 0.06762589928057554 0.10805500982318271
1 0.09136690647482014 0.15520628683693516 0.050359712230215826 0.07465618860510806
1 0.051798561151079135 0.15225933202357564 0.04028776978417266 0.04518664047151277
1 0.09352517985611511 0.2819253438113949 0.051798561151079135 0.06483300589390963
1 0.13741007194244603 0.5952848722986247 0.06762589928057554 0.0825147347740668
1 0.14028776978417265 0.2337917485265226 0.0618705035971223 0.047151277013752456
1 0.3496402877697842 0.11394891944990176 0.0460431654676259 0.0550098231827112
1 0.35467625899280575 0.24361493123772102 0.04748201438848921 0.07072691552062868
1 0.60431654676259 0.1650294695481336 0.034532374100719423 0.07072691552062868
1 0.5856115107913669 0.25638506876227896 0.025899280575539568 0.06483300589390963
1 0.718705035971223 0.7927308447937131 0.02446043165467626 0.07269155206286837