0 0.02805755395683453 0.27897838899803534 0.02158273381294964 0.0825147347740668
0 0.2273381294964029 0.3919449901768173 0.06330935251798561 0.0962671905697446
0 0.2712230215827338 0.36345776031434185 0.07625899280575539 0.07072691552062868
0 0.47338129496402875 0.224950884086444 0.04316546762589928 0.08840864440078586
0 0.28776978417266186 0.08546168958742632 0.06618705035971223 0.08447937131630648
0 0.18992805755395684 0.07858546168958742 0.05755395683453238 0.06286836935166994
0 0.6028776978417266 0.2406679764243615 0.05755395683453238 0.07662082514734773
0 0.6697841726618705 0.21414538310412573 0.0618705035971223 0.03143418467583497
0 0.7381294964028777 0.2387033398821218 0.06618705035971223 0.04518664047151277
0 0.7352517985611511 0.7986247544204322 0.03741007194244604 0.07662082514734773
1 0.03884892086330935 0.5422396856581533 0.04892086330935252 0.043222003929273084
1 0.24244604316546764 0.6856581532416502 0.07338129496402877 0.07465618860510806
1 0.320863309352518 0.23772102161100198 0.04316546762589928 0.09037328094302555
1 0.1093525179856115 0.24361493123772102 0.05467625899280575 0.07858546168958742
1 0.1920863309352518 0.25736738703339884 0.04460431654676259 0.07465618860510806
1 0.5834532374100719 0.4675834970530452 0.05611510791366906 0.06286836935166994
1 0.6453237410071943 0.3791748526522593 0.058992805755395686 0.05893909626719057
1 0.7776978417266187 0.4165029469548134 0.0618705035971223 0.06286836935166994
1 0.579136690647482 0.8084479371316307 0.053237410071942444 0.07662082514734773