0 0.548941798941799 0.19696969696969696 0.05291005291005291 0.08658008658008658
0 0.4775132275132275 0.11147186147186147 0.03968253968253968 0.08874458874458875
0 0.458994708994709 0.4318181818181818 0.047619047619047616 0.09307359307359307
0 0.4576719576719577 0.5357142857142857 0.04497354497354497 0.05844155844155844
0 0.458994708994709 0.6212121212121212 0.03439153439153439 0.09523809523809523
0 0.32605820105820105 0.6764069264069265 0.041005291005291 0.08874458874458875
0 0.31283068783068785 0.801948051948052 0.04365079365079365 0.05411255411255411
0 0.39285714285714285 0.8333333333333334 0.06084656084656084 0.03896103896103896
0 0.38227513227513227 0.7467532467532467 0.04497354497354497 0.05627705627705628
0 0.44775132275132273 0.803030303030303 0.04894179894179894 0.04329004329004329
0 0.593915343915344 0.9177489177489178 0.05026455026455026 0.06060606060606061
0 0.8763227513227513 0.5378787878787878 0.04365079365079365 0.05844155844155844
0 0.9212962962962963 0.9415584415584416 0.05423280423280423 0.06926406926406926
0 0.9682539682539683 0.6363636363636364 0.03968253968253968 0.0735930735930736
0 0.8988095238095238 0.3484848484848485 0.041005291005291 0.07792207792207792
0 0.9338624338624338 0.341991341991342 0.03968253968253968 0.05194805194805195
0 0.8452380952380952 0.9188311688311688 0.0291005291005291 0.07142857142857142
1 0.6633597883597884 0.16666666666666666 0.056878306878306875 0.08658008658008658
1 0.9603174603174603 0.11147186147186147 0.0582010582010582 0.07575757575757576
1 0.6283068783068783 0.26731601731601734 0.0582010582010582 0.11471861471861472
1 0.42394179894179895 0.3344155844155844 0.05952380952380952 0.08874458874458875
1 0.6302910052910053 0.4621212121212121 0.06481481481481481 0.10173160173160173
1 0.628968253968254 0.6504329004329005 0.04894179894179894 0.08874458874458875
1 0.4583333333333333 0.7023809523809523 0.05423280423280423 0.05844155844155844
1 0.21362433862433863 0.7337662337662337 0.03835978835978836 0.0735930735930736
1 0.31812169312169314 0.7316017316017316 0.041005291005291 0.06060606060606061
1 0.5826719576719577 0.7651515151515151 0.04894179894179894 0.07142857142857142
1 0.4794973544973545 0.7435064935064936 0.03571428571428571 0.06277056277056277
1 0.7711640211640212 0.9112554112554112 0.047619047619047616 0.09090909090909091
1 0.7804232804232805 0.7391774891774892 0.047619047619047616 0.11904761904761904
1 0.919973544973545 0.6341991341991342 0.051587301587301584 0.06926406926406926
1 0.876984126984127 0.8668831168831169 0.06349206349206349 0.0670995670995671
1 0.9351851851851852 0.37445887445887444 0.06613756613756613 0.06060606060606061