0 0.4578804347826087 0.1650294695481336 0.04619565217391304 0.0825147347740668
0 0.3845108695652174 0.21021611001964635 0.0625 0.0825147347740668
0 0.6399456521739131 0.2151277013752456 0.08695652173913043 0.0962671905697446
0 0.6990489130434783 0.3929273084479371 0.05298913043478261 0.12573673870333987
0 0.4436141304347826 0.668958742632613 0.06385869565217392 0.10019646365422397
0 0.25747282608695654 0.7259332023575639 0.05570652173913043 0.07269155206286837
0 0.10258152173913043 0.7966601178781926 0.04483695652173913 0.0412573673870334
0 0.07676630434782608 0.6964636542239686 0.033967391304347824 0.07662082514734773
0 0.024456521739130436 0.3781925343811395 0.03260869565217391 0.03732809430255403
0 0.016304347826086956 0.3467583497053045 0.029891304347826088 0.05697445972495088
0 0.13451086956521738 0.26031434184675833 0.043478260869565216 0.03339882121807466
1 0.21942934782608695 0.1974459724950884 0.04483695652173913 0.07662082514734773
1 0.6542119565217391 0.08840864440078586 0.04755434782608696 0.09037328094302555
1 0.453804347826087 0.39587426326129665 0.04076086956521739 0.09233791748526522
1 0.9626358695652174 0.5049115913555993 0.033967391304347824 0.12966601178781925
1 0.109375 0.47053045186640474 0.05298913043478261 0.04911591355599214
1 0.09646739130434782 0.3113948919449902 0.03260869565217391 0.08447937131630648
1 0.016304347826086956 0.5225933202357563 0.02717391304347826 0.03929273084479371
1 0.1922554347826087 0.6984282907662083 0.04755434782608696 0.08055009823182711
1 0.021059782608695652 0.6915520628683693 0.03940217391304348 0.0550098231827112
1 0.343070652173913 0.5422396856581533 0.06114130434782609 0.09430255402750491
1 0.6671195652173914 0.7907662082514735 0.051630434782608696 0.14734774066797643