0 0.21236959761549926 0.14847161572052403 0.06110283159463487 0.07423580786026202
0 0.2615499254843517 0.1408296943231441 0.043219076005961254 0.06331877729257641
0 0.3450074515648286 0.10152838427947598 0.04918032786885246 0.05458515283842795
0 0.4761549925484352 0.24017467248908297 0.046199701937406856 0.11790393013100436
0 0.6154992548435171 0.13427947598253276 0.07749627421758569 0.0982532751091703
0 0.6423248882265276 0.06877729257641921 0.04769001490312966 0.06768558951965066
0 0.5089418777943369 0.34497816593886466 0.05514157973174367 0.09606986899563319
0 0.8375558867362146 0.4978165938864629 0.05961251862891207 0.1222707423580786
0 0.7235469448584203 0.8744541484716157 0.05514157973174367 0.05458515283842795
0 0.5350223546944859 0.722707423580786 0.05067064083457526 0.09170305676855896
0 0.5655737704918032 0.5589519650655022 0.06408345752608048 0.11790393013100436
0 0.6363636363636364 0.8657205240174672 0.07451564828614009 0.07205240174672489
0 0.2466467958271237 0.7390829694323144 0.046199701937406856 0.05458515283842795
0 0.16393442622950818 0.6866812227074236 0.03278688524590164 0.06331877729257641
0 0.14008941877794337 0.6899563318777293 0.03576751117734724 0.07423580786026202
0 0.16989567809239942 0.5425764192139738 0.05365126676602087 0.05895196506550218
0 0.07898658718330849 0.15502183406113537 0.041728763040238454 0.05240174672489083
1 0.05588673621460507 0.02074235807860262 0.03427719821162444 0.03711790393013101
1 0.29806259314456035 0.30458515283842796 0.05961251862891207 0.0851528384279476
1 0.37183308494783907 0.2762008733624454 0.05216095380029806 0.07641921397379912
1 0.5208643815201193 0.10262008733624454 0.06110283159463487 0.07860262008733625
1 0.8487332339791356 0.09716157205240175 0.04918032786885246 0.08078602620087336
1 0.8256333830104322 0.22816593886462883 0.06259314456035768 0.12008733624454149
1 0.6959761549925484 0.23471615720524017 0.05365126676602087 0.08078602620087336
1 0.7570789865871833 0.35043668122270744 0.06855439642324888 0.0982532751091703
1 0.6020864381520119 0.46943231441048033 0.044709388971684055 0.08733624454148471
1 0.7906110283159463 0.6146288209606987 0.05216095380029806 0.12008733624454149
1 0.7429210134128167 0.7936681222707423 0.06706408345752608 0.10262008733624454
1 0.8658718330849479 0.7085152838427947 0.07451564828614009 0.09388646288209607
1 0.4485842026825633 0.8013100436681223 0.06259314456035768 0.10480349344978165
1 0.3330849478390462 0.5676855895196506 0.05812220566318927 0.07860262008733625
1 0.29731743666169896 0.5054585152838428 0.06408345752608048 0.06768558951965066
1 0.23546944858420268 0.5611353711790393 0.05067064083457526 0.10043668122270742
1 0.10059612518628912 0.4104803493449782 0.04918032786885246 0.07860262008733625
1 0.037257824143070044 0.7041484716157205 0.04769001490312966 0.06768558951965066