0 0.07980900409276943 0.6295180722891566 0.0504774897680764 0.07429718875502007
0 0.21828103683492497 0.9056224899598394 0.06821282401091405 0.07630522088353414
0 0.22510231923601637 0.856425702811245 0.06275579809004093 0.0783132530120482
0 0.3042291950886767 0.8945783132530121 0.07094133697135062 0.06626506024096386
0 0.456343792633015 0.8905622489959839 0.0723055934515689 0.07028112449799197
0 0.3888130968622101 0.13855421686746988 0.06002728512960437 0.08433734939759036
0 0.8021828103683493 0.23493975903614459 0.04911323328785812 0.08835341365461848
0 0.7851296043656207 0.31224899598393574 0.05593451568894952 0.08634538152610442
0 0.9795361527967258 0.8052208835341366 0.040927694406548434 0.060240963855421686
1 0.17257844474761255 0.1606425702811245 0.06412005457025921 0.07630522088353414
1 0.6616643929058663 0.20180722891566266 0.054570259208731244 0.0783132530120482
1 0.6377899045020464 0.34437751004016065 0.058663028649386086 0.06626506024096386
1 0.805593451568895 0.6174698795180723 0.06412005457025921 0.0783132530120482
1 0.7298772169167803 0.6204819277108434 0.0572987721691678 0.07228915662650602
1 0.30013642564802184 0.7580321285140562 0.06002728512960437 0.09036144578313253
1 0.1766712141882674 0.6646586345381527 0.061391541609822645 0.07228915662650602
1 0.09004092769440655 0.3333333333333333 0.04911323328785812 0.08032128514056225
1 0.09822646657571624 0.7088353413654619 0.054570259208731244 0.08433734939759036