0 0.8011611030478955 0.1339662447257384 0.08708272859216255 0.12447257383966245
0 0.772133526850508 0.879746835443038 0.08127721335268505 0.13924050632911392
0 0.8251088534107403 0.930379746835443 0.07692307692307693 0.09282700421940929
0 0.057329462989840346 0.8069620253164557 0.030478955007256895 0.09915611814345991
0 0.25834542815674894 0.8111814345991561 0.04644412191582003 0.13291139240506328
0 0.29245283018867924 0.8786919831223629 0.047895500725689405 0.09071729957805907
0 0.24020319303338172 0.6782700421940928 0.07111756168359942 0.12025316455696203
0 0.2053701015965167 0.620253164556962 0.062409288824383166 0.10126582278481013
0 0.18214804063860668 0.4609704641350211 0.047895500725689405 0.0949367088607595
0 0.17271407837445574 0.25316455696202533 0.0783744557329463 0.046413502109704644
1 0.1269956458635704 0.4704641350210971 0.047895500725689405 0.06329113924050633
1 0.3026124818577649 0.27848101265822783 0.07111756168359942 0.08860759493670886
1 0.3193033381712627 0.41244725738396626 0.06966618287373004 0.08227848101265822
1 0.37590711175616837 0.4651898734177215 0.04934687953555878 0.1160337552742616
1 0.1806966618287373 0.8259493670886076 0.05370101596516691 0.09071729957805907
1 0.42380261248185774 0.7204641350210971 0.06676342525399129 0.09071729957805907
1 0.4796806966618287 0.8628691983122363 0.06821480406386067 0.08860759493670886
1 0.9666182873730044 0.7236286919831224 0.06095791001451379 0.09282700421940929