0 0.20319303338171263 0.24367088607594936 0.040638606676342524 0.06962025316455696
0 0.2772133526850508 0.25843881856540085 0.06386066763425254 0.06540084388185655
0 0.6901306240928883 0.479957805907173 0.07982583454281568 0.18354430379746836
0 0.7293178519593614 0.2088607594936709 0.09143686502177069 0.13924050632911392
0 0.7735849056603774 0.10021097046413502 0.09288824383164006 0.10759493670886076
0 0.22496371552975328 0.8892405063291139 0.06676342525399129 0.04430379746835443
0 0.15239477503628446 0.8449367088607594 0.06676342525399129 0.056962025316455694
0 0.03773584905660377 0.6424050632911392 0.05805515239477504 0.052742616033755275
0 0.038461538461538464 0.37763713080168776 0.059506531204644414 0.08438818565400844
1 0.10449927431059507 0.31856540084388185 0.04354136429608128 0.05485232067510549
1 0.3432510885341074 0.4630801687763713 0.07692307692307693 0.07805907172995781
1 0.874455732946299 0.6002109704641351 0.06531204644412192 0.0949367088607595
1 0.9259796806966618 0.4778481012658228 0.055152394775036286 0.0949367088607595
1 0.9760522496371553 0.439873417721519 0.033381712626995644 0.08227848101265822
1 0.2416545718432511 0.6930379746835443 0.06821480406386067 0.06118143459915612
1 0.12191582002902758 0.6223628691983122 0.055152394775036286 0.05063291139240506
1 0.05152394775036284 0.8407172995780591 0.05079825834542816 0.056962025316455694
1 0.03265602322206096 0.6012658227848101 0.047895500725689405 0.06329113924050633