0 0.06258992805755395 0.7210216110019646 0.058992805755395686 0.08644400785854617
0 0.041726618705035974 0.42730844793713163 0.060431654676258995 0.08447937131630648
0 0.050359712230215826 0.3330058939096267 0.05467625899280575 0.09233791748526522
0 0.3122302158273381 0.12770137524557956 0.04892086330935252 0.07858546168958742
0 0.3856115107913669 0.12770137524557956 0.05467625899280575 0.09430255402750491
0 0.4683453237410072 0.18860510805500982 0.06762589928057554 0.09430255402750491
0 0.5805755395683453 0.16011787819253437 0.05611510791366906 0.07662082514734773
0 0.6654676258992805 0.23084479371316308 0.07338129496402877 0.05697445972495088
0 0.7302158273381295 0.22986247544204322 0.050359712230215826 0.047151277013752456
1 0.06402877697841726 0.11296660117878192 0.058992805755395686 0.068762278978389
1 0.16258992805755396 0.14833005893909626 0.08057553956834532 0.06483300589390963
1 0.1460431654676259 0.30157170923379173 0.06762589928057554 0.04911591355599214
1 0.08633093525179857 0.45284872298624756 0.0776978417266187 0.08055009823182711
1 0.36546762589928056 0.37229862475442044 0.08920863309352518 0.08055009823182711
1 0.43597122302158275 0.3300589390962672 0.06906474820143885 0.05893909626719057
1 0.4719424460431655 0.4400785854616896 0.07482014388489208 0.07072691552062868
1 0.6575539568345323 0.37229862475442044 0.05755395683453238 0.068762278978389
1 0.7388489208633093 0.38605108055009824 0.06474820143884892 0.05697445972495088
1 0.44316546762589926 0.09823182711198428 0.03741007194244604 0.06679764243614932