0 0.020380434782608696 0.706286836935167 0.03804347826086957 0.07269155206286837
0 0.03736413043478261 0.7485265225933202 0.03125 0.0825147347740668
0 0.1514945652173913 0.7406679764243614 0.025815217391304348 0.10609037328094302
0 0.29008152173913043 0.7465618860510805 0.08831521739130435 0.0550098231827112
0 0.48165760869565216 0.3280943025540275 0.07744565217391304 0.12180746561886051
0 0.5115489130434783 0.20923379174852652 0.08016304347826086 0.09233791748526522
0 0.5203804347826086 0.14243614931237722 0.04619565217391304 0.08840864440078586
0 0.3111413043478261 0.22298624754420432 0.059782608695652176 0.09233791748526522
0 0.20991847826086957 0.7367387033398821 0.10190217391304347 0.07858546168958742
0 0.06453804347826086 0.275049115913556 0.04483695652173913 0.0275049115913556
1 0.2921195652173913 0.34479371316306484 0.04619565217391304 0.10412573673870335
1 0.15896739130434784 0.24361493123772102 0.035326086956521736 0.09037328094302555
1 0.703125 0.16306483300589392 0.042119565217391304 0.15324165029469547
1 0.343070652173913 0.21021611001964635 0.042119565217391304 0.1100196463654224
1 0.06861413043478261 0.37229862475442044 0.04755434782608696 0.05697445972495088
1 0.025815217391304348 0.5009823182711198 0.04891304347826087 0.05108055009823183
1 0.050271739130434784 0.49214145383104124 0.05434782608695652 0.07662082514734773
1 0.12228260869565218 0.7789783889980354 0.03804347826086957 0.08055009823182711
1 0.05570652173913043 0.6129666011787819 0.02717391304347826 0.08644400785854617
1 0.29959239130434784 0.5402750491159135 0.06657608695652174 0.06286836935166994