0 0.06330935251798561 0.07956777996070727 0.04892086330935252 0.07662082514734773
0 0.2755395683453237 0.07956777996070727 0.04460431654676259 0.04518664047151277
0 0.12805755395683452 0.18958742632612965 0.04892086330935252 0.11198428290766209
0 0.5848920863309353 0.14931237721021612 0.04460431654676259 0.07858546168958742
0 0.6654676258992805 0.22102161100196463 0.06762589928057554 0.04518664047151277
0 0.7302158273381295 0.2337917485265226 0.058992805755395686 0.043222003929273084
0 0.7762589928057554 0.2917485265225933 0.03884892086330935 0.06483300589390963
0 0.620863309352518 0.5648330058939096 0.07913669064748201 0.09233791748526522
0 0.6942446043165468 0.8192534381139489 0.06474820143884892 0.05108055009823183
0 0.7971223021582734 0.7514734774066798 0.05755395683453238 0.0962671905697446
0 0.8496402877697842 0.7858546168958742 0.04748201438848921 0.06286836935166994
1 0.06906474820143885 0.2770137524557957 0.06618705035971223 0.06679764243614932
1 0.34172661870503596 0.13948919449901767 0.04748201438848921 0.09430255402750491
1 0.12446043165467625 0.10903732809430255 0.053237410071942444 0.09233791748526522
1 0.441726618705036 0.12868369351669942 0.05467625899280575 0.08447937131630648
1 0.6964028776978417 0.3919449901768173 0.051798561151079135 0.060903732809430254
1 0.7381294964028777 0.3988212180746562 0.0460431654676259 0.07858546168958742
1 0.8071942446043165 0.49803536345776034 0.05755395683453238 0.068762278978389
1 0.5446043165467626 0.7907662082514735 0.06762589928057554 0.08447937131630648
1 0.6158273381294964 0.6944990176817288 0.04028776978417266 0.08055009823182711
1 0.7251798561151079 0.5717092337917485 0.06906474820143885 0.07465618860510806
1 0.8741007194244604 0.5805500982318271 0.05611510791366906 0.060903732809430254