0 0.29680696661828737 0.640295358649789 0.07111756168359942 0.10337552742616034
0 0.26197387518142234 0.8122362869198312 0.062409288824383166 0.08860759493670886
0 0.26995645863570394 0.870253164556962 0.04644412191582003 0.09071729957805907
0 0.29390420899854863 0.739451476793249 0.05079825834542816 0.10759493670886076
0 0.45573294629898403 0.8955696202531646 0.06386066763425254 0.12025316455696203
0 0.9245283018867925 0.9261603375527426 0.07547169811320754 0.09282700421940929
0 0.7126269956458636 0.1371308016877637 0.06676342525399129 0.1518987341772152
0 0.8047895500725689 0.07383966244725738 0.08853410740203194 0.0759493670886076
1 0.9637155297532656 0.20569620253164558 0.03483309143686502 0.12869198312236288
1 0.9085631349782293 0.6487341772151899 0.07256894049346879 0.08227848101265822
1 0.7481857764876633 0.7215189873417721 0.06821480406386067 0.12236286919831224
1 0.7119013062409288 0.869198312236287 0.03918722786647315 0.10126582278481013
1 0.6647314949201741 0.8776371308016878 0.04934687953555878 0.10548523206751055
1 0.49637155297532654 0.8006329113924051 0.05805515239477504 0.07805907172995781
1 0.5 0.669831223628692 0.06531204644412192 0.08227848101265822
1 0.14223512336719885 0.8154008438818565 0.03193033381712627 0.09071729957805907