0 0.6341991341991342 0.22095435684647302 0.05339105339105339 0.043568464730290454
0 0.6897546897546898 0.23132780082987553 0.049062049062049064 0.06016597510373444
0 0.6558441558441559 0.4605809128630705 0.04184704184704185 0.05394190871369295
0 0.24675324675324675 0.5570539419087137 0.06637806637806638 0.07261410788381743
0 0.31601731601731603 0.18775933609958506 0.06060606060606061 0.07261410788381743
0 0.2748917748917749 0.10892116182572614 0.044733044733044736 0.06846473029045644
0 0.07936507936507936 0.2074688796680498 0.06926406926406926 0.07468879668049792
0 0.05844155844155844 0.8838174273858921 0.03896103896103896 0.07053941908713693
1 0.09595959595959595 0.08298755186721991 0.06204906204906205 0.07883817427385892
1 0.02813852813852814 0.470954356846473 0.03318903318903319 0.058091286307053944
1 0.06277056277056277 0.504149377593361 0.06782106782106782 0.08713692946058091
1 0.14862914862914864 0.6358921161825726 0.06349206349206349 0.08506224066390042
1 0.42568542568542567 0.7385892116182573 0.07215007215007214 0.1037344398340249
1 0.11616161616161616 0.229253112033195 0.0735930735930736 0.0975103734439834
1 0.6024531024531025 0.43775933609958506 0.05916305916305916 0.07468879668049792
1 0.665945165945166 0.40560165975103735 0.050505050505050504 0.056016597510373446
1 0.784992784992785 0.49066390041493774 0.03751803751803752 0.06431535269709543