0 0.18292682926829268 0.6035242290748899 0.037940379403794036 0.08370044052863436
0 0.05623306233062331 0.8248898678414097 0.03929539295392954 0.05506607929515418
0 0.27100271002710025 0.8689427312775331 0.04607046070460705 0.07268722466960352
0 0.5799457994579946 0.762114537444934 0.051490514905149054 0.09251101321585903
0 0.6117886178861789 0.9350220264317181 0.052845528455284556 0.09030837004405286
0 0.5501355013550135 0.2610132158590308 0.06233062330623306 0.07709251101321586
0 0.5359078590785907 0.09361233480176212 0.052845528455284556 0.08590308370044053
0 0.8617886178861789 0.06277533039647577 0.056910569105691054 0.07709251101321586
0 0.7242547425474255 0.15969162995594713 0.07181571815718157 0.10352422907488987
0 0.8285907859078591 0.2511013215859031 0.05013550135501355 0.09691629955947137
0 0.7994579945799458 0.3843612334801762 0.07046070460704607 0.1299559471365639
0 0.8644986449864499 0.8832599118942731 0.06775067750677506 0.10572687224669604
1 0.09281842818428185 0.28634361233480177 0.04200542005420054 0.05726872246696035
1 0.12127371273712736 0.43612334801762115 0.03929539295392954 0.06607929515418502
1 0.04065040650406504 0.6740088105726872 0.032520325203252036 0.05726872246696035
1 0.24254742547425473 0.46255506607929514 0.04607046070460705 0.05286343612334802
1 0.3021680216802168 0.45154185022026433 0.06504065040650407 0.06167400881057269
1 0.40582655826558267 0.8689427312775331 0.06097560975609756 0.10792951541850221
1 0.7371273712737128 0.512114537444934 0.06504065040650407 0.1343612334801762
1 0.4363143631436314 0.10903083700440529 0.05962059620596206 0.06828193832599119
1 0.7188346883468835 0.2290748898678414 0.07452574525745258 0.0881057268722467
1 0.8807588075880759 0.19273127753303965 0.04336043360433604 0.09030837004405286
1 0.6924119241192412 0.0605726872246696 0.051490514905149054 0.07268722466960352
1 0.9654471544715447 0.34030837004405284 0.036585365853658534 0.11233480176211454
1 0.760840108401084 0.42180616740088106 0.06097560975609756 0.08590308370044053
1 0.676829268292683 0.3865638766519824 0.06097560975609756 0.10792951541850221
1 0.752710027100271 0.6530837004405287 0.06910569105691057 0.11674008810572688
1 0.8482384823848238 0.6200440528634361 0.06504065040650407 0.08149779735682819
1 0.8102981029810298 0.9085903083700441 0.06504065040650407 0.11233480176211454