0 0.03884892086330935 0.5943025540275049 0.060431654676258995 0.08447937131630648
0 0.7050359712230215 0.8005893909626719 0.04028776978417266 0.08447937131630648
0 0.7446043165467626 0.7986247544204322 0.04748201438848921 0.10019646365422397
0 0.7366906474820144 0.2475442043222004 0.07482014388489208 0.047151277013752456
0 0.4 0.18271119842829076 0.04316546762589928 0.09037328094302555
0 0.376978417266187 0.10609037328094302 0.06618705035971223 0.08644400785854617
0 0.2776978417266187 0.09430255402750491 0.060431654676258995 0.07465618860510806
0 0.3 0.3025540275049116 0.07050359712230216 0.11394891944990176
0 0.09496402877697842 0.39587426326129665 0.07194244604316546 0.08055009823182711
0 0.05251798561151079 0.17779960707269155 0.053237410071942444 0.0962671905697446
1 0.10359712230215827 0.14145383104125736 0.04316546762589928 0.07465618860510806
1 0.13453237410071942 0.12573673870333987 0.03597122302158273 0.06679764243614932
1 0.15179856115107915 0.1994106090373281 0.041726618705035974 0.08447937131630648
1 0.03741007194244604 0.4056974459724951 0.0460431654676259 0.08840864440078586
1 0.03525179856115108 0.8163064833005894 0.02446043165467626 0.07269155206286837
1 0.5640287769784172 0.806483300589391 0.060431654676258995 0.068762278978389
1 0.841726618705036 0.7554027504911591 0.051798561151079135 0.068762278978389
1 0.7683453237410072 0.40962671905697445 0.060431654676258995 0.07269155206286837
1 0.5870503597122302 0.16404715127701375 0.0460431654676259 0.0962671905697446
1 0.258273381294964 0.20333988212180745 0.06474820143884892 0.08447937131630648