0 0.5649526387009473 0.7185567010309278 0.06359945872801083 0.08041237113402062
0 0.5906630581867388 0.622680412371134 0.05277401894451962 0.09896907216494845
0 0.5663058186738836 0.8597938144329897 0.058186738836265225 0.09072164948453608
0 0.2124492557510149 0.6824742268041237 0.06224627875507442 0.07835051546391752
0 0.08322056833558863 0.6762886597938145 0.04194857916102842 0.07010309278350516
0 0.06359945872801083 0.7195876288659794 0.04059539918809202 0.06597938144329897
0 0.30311231393775373 0.3134020618556701 0.046008119079837616 0.07010309278350516
0 0.31393775372124494 0.16494845360824742 0.04330175913396482 0.07422680412371134
0 0.3382949932341001 0.2329896907216495 0.037889039242219216 0.0865979381443299
0 0.5311231393775372 0.18453608247422681 0.06630581867388363 0.09690721649484536
0 0.631935047361299 0.2443298969072165 0.05953991880920163 0.10103092783505155
0 0.7510148849797023 0.08556701030927835 0.05412719891745602 0.10103092783505155
0 0.7631935047361299 0.32268041237113404 0.05142083897158322 0.088659793814433
0 0.7462787550744249 0.3938144329896907 0.058186738836265225 0.08247422680412371
0 0.8924221921515562 0.7412371134020619 0.03112313937753721 0.05567010309278351
0 0.9749661705006766 0.4896907216494845 0.036535859269282815 0.08041237113402062
1 0.17794316644113667 0.20824742268041238 0.036535859269282815 0.0865979381443299
1 0.14343707713125844 0.31752577319587627 0.046008119079837616 0.08247422680412371
1 0.06901217861975643 0.45979381443298967 0.05142083897158322 0.07422680412371134
1 0.02435723951285521 0.5845360824742268 0.04330175913396482 0.05154639175257732
1 0.037889039242219216 0.7587628865979381 0.02706359945872801 0.05360824742268041
1 0.11096075778078485 0.7824742268041237 0.04330175913396482 0.05154639175257732
1 0.7456021650879567 0.7505154639175258 0.06224627875507442 0.09896907216494845
1 0.7638700947225981 0.8731958762886598 0.044654939106901215 0.088659793814433
1 0.7963464140730717 0.6628865979381443 0.06359945872801083 0.12164948453608247
1 0.7841677943166441 0.5505154639175258 0.04736129905277402 0.07422680412371134
1 0.8897158322056834 0.6020618556701031 0.036535859269282815 0.0865979381443299
1 0.86468200270636 0.5 0.05953991880920163 0.07216494845360824
1 0.952638700947226 0.2020618556701031 0.03247631935047361 0.07010309278350516
1 0.9472259810554804 0.1134020618556701 0.035182679296346414 0.09072164948453608
1 0.8437077131258457 0.21030927835051547 0.06089309878213803 0.09896907216494845
1 0.7198917456021651 0.11443298969072165 0.056833558863328824 0.09278350515463918
1 0.4952638700947226 0.13711340206185568 0.04871447902571042 0.10103092783505155