0 0.09136690647482014 0.1031434184675835 0.050359712230215826 0.08840864440078586
0 0.06978417266187051 0.12770137524557956 0.0618705035971223 0.10609037328094302
0 0.15251798561151078 0.18271119842829076 0.06330935251798561 0.12180746561886051
0 0.033093525179856115 0.4214145383104126 0.04892086330935252 0.07662082514734773
0 0.3446043165467626 0.20530451866404714 0.04748201438848921 0.11198428290766209
0 0.6647482014388489 0.21905697445972494 0.06618705035971223 0.0412573673870334
0 0.5949640287769784 0.2730844793713163 0.058992805755395686 0.09037328094302555
0 0.7338129496402878 0.22986247544204322 0.05755395683453238 0.043222003929273084
0 0.7661870503597122 0.5825147347740668 0.05611510791366906 0.0962671905697446
0 0.8784172661870504 0.7868369351669942 0.058992805755395686 0.0412573673870334
0 0.7676258992805756 0.8055009823182712 0.041726618705035974 0.0825147347740668
1 0.14172661870503597 0.3055009823182711 0.07913669064748201 0.05697445972495088
1 0.2820143884892086 0.3369351669941061 0.10071942446043165 0.06483300589390963
1 0.26402877697841726 0.13163064833005894 0.08201438848920864 0.09823182711198428
1 0.5223021582733813 0.08546168958742632 0.06330935251798561 0.060903732809430254
1 0.6892086330935252 0.4106090373280943 0.05755395683453238 0.07465618860510806
1 0.7589928057553957 0.41846758349705304 0.050359712230215826 0.07072691552062868
1 0.818705035971223 0.4086444007858546 0.04316546762589928 0.047151277013752456
1 0.6151079136690647 0.7907662082514735 0.03884892086330935 0.09233791748526522
1 0.8575539568345324 0.6984282907662083 0.0460431654676259 0.060903732809430254