0 0.27785326086956524 0.2111984282907662 0.08016304347826086 0.09233791748526522
0 0.04823369565217391 0.29862475442043224 0.03940217391304348 0.09037328094302555
0 0.036684782608695655 0.48526522593320237 0.03260869565217391 0.07465618860510806
0 0.05434782608695652 0.5245579567779961 0.051630434782608696 0.06679764243614932
0 0.05570652173913043 0.6571709233791748 0.04076086956521739 0.068762278978389
0 0.06453804347826086 0.7779960707269156 0.042119565217391304 0.047151277013752456
0 0.03804347826086957 0.7632612966601179 0.029891304347826088 0.06483300589390963
0 0.07744565217391304 0.7220039292730844 0.043478260869565216 0.07269155206286837
0 0.07676630434782608 0.3290766208251473 0.05298913043478261 0.07662082514734773
1 0.14605978260869565 0.28978388998035365 0.036684782608695655 0.10019646365422397
1 0.16644021739130435 0.28487229862475444 0.020380434782608696 0.09430255402750491
1 0.13926630434782608 0.3605108055009823 0.04755434782608696 0.03339882121807466
1 0.09918478260869565 0.3555992141453831 0.04619565217391304 0.05893909626719057
1 0.13179347826086957 0.5029469548133595 0.05434782608695652 0.07465618860510806
1 0.13519021739130435 0.56286836935167 0.05570652173913043 0.04518664047151277
1 0.18410326086956522 0.6080550098231827 0.05570652173913043 0.10019646365422397
1 0.15013586956521738 0.7789783889980354 0.06657608695652174 0.060903732809430254
1 0.026494565217391304 0.5707269155206287 0.033967391304347824 0.08055009823182711