0 0.041723666210670314 0.5850840336134454 0.06429548563611491 0.09873949579831932
0 0.054035567715458276 0.11764705882352941 0.04240766073871409 0.0546218487394958
0 0.1292749658002736 0.31932773109243695 0.047879616963064295 0.0546218487394958
0 0.3283173734610123 0.18592436974789917 0.05471956224350205 0.07773109243697479
0 0.45143638850889195 0.06827731092436974 0.060191518467852256 0.07773109243697479
0 0.6429548563611491 0.11029411764705882 0.06839945280437756 0.0819327731092437
0 0.43502051983584133 0.3855042016806723 0.060191518467852256 0.0819327731092437
0 0.38850889192886456 0.27521008403361347 0.049247606019151846 0.10084033613445378
0 0.42339261285909713 0.8413865546218487 0.08891928864569083 0.07773109243697479
0 0.3454172366621067 0.8718487394957983 0.058823529411764705 0.08403361344537816
0 0.9343365253077975 0.7069327731092437 0.02188782489740082 0.06512605042016807
1 0.2968536251709986 0.07457983193277311 0.05471956224350205 0.06512605042016807
1 0.7688098495212038 0.16806722689075632 0.03283173734610123 0.07563025210084033
1 0.872093023255814 0.6880252100840336 0.03967168262653899 0.06932773109243698
1 0.44049247606019154 0.5535714285714286 0.07387140902872777 0.06932773109243698
1 0.22229822161422708 0.2647058823529412 0.03419972640218878 0.08403361344537816
1 0.15321477428180574 0.09873949579831932 0.027359781121751026 0.058823529411764705
1 0.11080711354309165 0.09663865546218488 0.06839945280437756 0.0546218487394958
1 0.0677154582763338 0.4107142857142857 0.0560875512995896 0.07352941176470588
1 0.09917920656634747 0.9012605042016807 0.06976744186046512 0.06722689075630252
1 0.16073871409028728 0.8876050420168067 0.04514363885088919 0.09873949579831932
1 0.21751025991792067 0.39810924369747897 0.03283173734610123 0.11134453781512606