0 0.4794973544973545 0.09956709956709957 0.04365079365079365 0.08658008658008658
0 0.5575396825396826 0.23376623376623376 0.07804232804232804 0.09956709956709957
0 0.46296296296296297 0.4318181818181818 0.05291005291005291 0.09307359307359307
0 0.8882275132275133 0.3170995670995671 0.046296296296296294 0.07575757575757576
0 0.9682539682539683 0.6309523809523809 0.042328042328042326 0.09307359307359307
0 0.9027777777777778 0.9361471861471862 0.05423280423280423 0.06277056277056277
0 0.8677248677248677 0.5303030303030303 0.026455026455026454 0.07792207792207792
0 0.591931216931217 0.9145021645021645 0.04894179894179894 0.0670995670995671
0 0.5985449735449735 0.7586580086580087 0.04365079365079365 0.05411255411255411
0 0.36177248677248675 0.7792207792207793 0.04894179894179894 0.06926406926406926
0 0.333994708994709 0.6569264069264069 0.051587301587301584 0.08441558441558442
0 0.45634920634920634 0.5963203463203464 0.042328042328042326 0.1277056277056277
0 0.4623015873015873 0.5357142857142857 0.04894179894179894 0.08874458874458875
1 0.6633597883597884 0.15692640692640691 0.051587301587301584 0.11038961038961038
1 0.42592592592592593 0.3398268398268398 0.06084656084656084 0.06493506493506493
1 0.626984126984127 0.24891774891774893 0.06349206349206349 0.09523809523809523
1 0.96494708994709 0.11255411255411256 0.051587301587301584 0.0735930735930736
1 0.9312169312169312 0.38961038961038963 0.06613756613756613 0.0735930735930736
1 0.9292328042328042 0.6428571428571429 0.05952380952380952 0.0735930735930736
1 0.875 0.8528138528138528 0.062169312169312166 0.07792207792207792
1 0.7658730158730159 0.9123376623376623 0.05291005291005291 0.07575757575757576
1 0.7804232804232805 0.7164502164502164 0.05026455026455026 0.09956709956709957
1 0.6296296296296297 0.645021645021645 0.047619047619047616 0.09523809523809523
1 0.6362433862433863 0.46645021645021645 0.05555555555555555 0.10606060606060606
1 0.45965608465608465 0.672077922077922 0.05952380952380952 0.09307359307359307
1 0.48743386243386244 0.7673160173160173 0.05423280423280423 0.10173160173160173
1 0.3134920634920635 0.7489177489177489 0.047619047619047616 0.08225108225108226
1 0.21362433862433863 0.7326839826839827 0.041005291005291 0.08008658008658008