0 0.19047619047619047 0.1037344398340249 0.06060606060606061 0.08713692946058091
0 0.5591630591630592 0.17219917012448133 0.04184704184704185 0.07883817427385892
0 0.6414141414141414 0.21473029045643152 0.050505050505050504 0.043568464730290454
0 0.6919191919191919 0.23236514522821577 0.044733044733044736 0.04979253112033195
0 0.45021645021645024 0.8682572614107884 0.05194805194805195 0.07261410788381743
0 0.39826839826839827 0.8765560165975104 0.05483405483405483 0.08091286307053942
0 0.04184704184704185 0.9066390041493776 0.031746031746031744 0.08713692946058091
0 0.027417027417027416 0.8195020746887967 0.03751803751803752 0.08713692946058091
1 0.11688311688311688 0.6794605809128631 0.05772005772005772 0.06846473029045644
1 0.15945165945165946 0.8547717842323651 0.050505050505050504 0.07468879668049792
1 0.20346320346320346 0.8869294605809128 0.049062049062049064 0.08921161825726141
1 0.601010101010101 0.8070539419087137 0.050505050505050504 0.0912863070539419
1 0.4769119769119769 0.33402489626556015 0.06204906204906205 0.07053941908713693
1 0.6414141414141414 0.44398340248962653 0.05627705627705628 0.07883817427385892
1 0.6933621933621934 0.4460580912863071 0.050505050505050504 0.06639004149377593