0 0.04483695652173913 0.35461689587426326 0.02717391304347826 0.0412573673870334
0 0.0625 0.33595284872298625 0.04076086956521739 0.05893909626719057
0 0.08016304347826086 0.28781925343811393 0.035326086956521736 0.060903732809430254
0 0.4796195652173913 0.21709233791748528 0.04891304347826087 0.08055009823182711
0 0.515625 0.19351669941060903 0.05298913043478261 0.10019646365422397
0 0.28328804347826086 0.769155206286837 0.058423913043478264 0.0412573673870334
0 0.23233695652173914 0.7593320235756386 0.03804347826086957 0.03732809430255403
0 0.15013586956521738 0.6267190569744597 0.05570652173913043 0.05108055009823183
0 0.058423913043478264 0.5756385068762279 0.04891304347826087 0.05108055009823183
0 0.03804347826086957 0.611984282907662 0.04619565217391304 0.05304518664047151
0 0.06997282608695653 0.6954813359528488 0.036684782608695655 0.06679764243614932
1 0.1644021739130435 0.275049115913556 0.04076086956521739 0.06286836935166994
1 0.3220108695652174 0.22789783889980353 0.04891304347826087 0.09823182711198428
1 0.7336956521739131 0.1512770137524558 0.057065217391304345 0.11394891944990176
1 0.30978260869565216 0.5756385068762279 0.06521739130434782 0.07858546168958742
1 0.2425271739130435 0.5609037328094303 0.05570652173913043 0.06483300589390963
1 0.10258152173913043 0.412573673870334 0.042119565217391304 0.06286836935166994
1 0.04755434782608696 0.5451866404715128 0.04619565217391304 0.06483300589390963
1 0.12567934782608695 0.7013752455795678 0.04755434782608696 0.06679764243614932
1 0.1358695652173913 0.775049115913556 0.04076086956521739 0.068762278978389
1 0.058423913043478264 0.769155206286837 0.04619565217391304 0.04518664047151277
1 0.06929347826086957 0.4656188605108055 0.02717391304347826 0.0550098231827112