0 0.20319303338171263 0.24156118143459915 0.04934687953555878 0.06118143459915612
0 0.17779390420899854 0.5042194092827004 0.07982583454281568 0.09282700421940929
0 0.18359941944847605 0.8027426160337553 0.047895500725689405 0.12447257383966245
0 0.18722786647314948 0.6972573839662447 0.040638606676342524 0.12447257383966245
0 0.2351233671988389 0.8713080168776371 0.040638606676342524 0.10126582278481013
0 0.5914368650217707 0.8966244725738397 0.06531204644412192 0.12658227848101267
0 0.28374455732946297 0.39451476793248946 0.08563134978229318 0.10126582278481013
0 0.4746008708272859 0.2879746835443038 0.05805515239477504 0.12869198312236288
0 0.6828737300435413 0.1940928270042194 0.08853410740203194 0.11392405063291139
1 0.09579100145137881 0.3090717299578059 0.04644412191582003 0.06962025316455696
1 0.22423802612481858 0.27531645569620256 0.07111756168359942 0.06540084388185655
1 0.4506531204644412 0.2858649789029536 0.05370101596516691 0.12025316455696203
1 0.6923076923076923 0.310126582278481 0.06966618287373004 0.10548523206751055
1 0.9252539912917271 0.20675105485232068 0.059506531204644414 0.1350210970464135
1 0.8541364296081277 0.890295358649789 0.05079825834542816 0.1350210970464135
1 0.4042089985486212 0.8713080168776371 0.059506531204644414 0.0970464135021097
1 0.3483309143686502 0.770042194092827 0.07256894049346879 0.0970464135021097
1 0.3497822931785196 0.6054852320675106 0.07547169811320754 0.12236286919831224
1 0.08925979680696662 0.7943037974683544 0.030478955007256895 0.09071729957805907