0 0.05611510791366906 0.3831041257367387 0.0776978417266187 0.06679764243614932
0 0.10071942446043165 0.3055009823182711 0.07194244604316546 0.12770137524557956
0 0.06402877697841726 0.12770137524557956 0.041726618705035974 0.10216110019646366
0 0.6597122302158274 0.21414538310412573 0.06762589928057554 0.03929273084479371
0 0.7258992805755395 0.2387033398821218 0.07050359712230216 0.05304518664047151
0 0.8446043165467626 0.22396856581532418 0.06618705035971223 0.03929273084479371
0 0.7338129496402878 0.7966601178781926 0.03741007194244604 0.07662082514734773
0 0.7669064748201438 0.7220039292730844 0.06906474820143885 0.06483300589390963
0 0.8014388489208633 0.7858546168958742 0.04892086330935252 0.07858546168958742
0 0.8568345323741007 0.8005893909626719 0.0618705035971223 0.08840864440078586
1 0.1856115107913669 0.5491159135559921 0.07194244604316546 0.07662082514734773
1 0.2251798561151079 0.42829076620825146 0.07338129496402877 0.07465618860510806
1 0.22014388489208633 0.11886051080550099 0.04892086330935252 0.07662082514734773
1 0.045323741007194246 0.1719056974459725 0.030215827338129497 0.060903732809430254
1 0.6546762589928058 0.36738703339882123 0.051798561151079135 0.06679764243614932
1 0.7172661870503597 0.3968565815324165 0.053237410071942444 0.07072691552062868
1 0.8784172661870504 0.3948919449901768 0.050359712230215826 0.06286836935166994
1 0.9028776978417267 0.5903732809430255 0.04460431654676259 0.04911591355599214
1 0.7964028776978417 0.600196463654224 0.053237410071942444 0.060903732809430254
1 0.6489208633093525 0.5913555992141454 0.04892086330935252 0.07465618860510806
1 0.5949640287769784 0.8143418467583498 0.03884892086330935 0.068762278978389