0 0.20391872278664733 0.23945147679324894 0.05079825834542816 0.06540084388185655
0 0.23076923076923078 0.31223628691983124 0.05224963715529753 0.14345991561181434
0 0.08055152394775036 0.8132911392405063 0.030478955007256895 0.09915611814345991
0 0.23004354136429608 0.8111814345991561 0.03918722786647315 0.10759493670886076
0 0.3011611030478955 0.7457805907172996 0.05079825834542816 0.12869198312236288
0 0.5747460087082729 0.8997890295358649 0.06095791001451379 0.11181434599156118
0 0.634978229317852 0.15084388185654007 0.08272859216255443 0.12025316455696203
0 0.7075471698113207 0.1308016877637131 0.047895500725689405 0.0970464135021097
0 0.7126269956458636 0.11919831223628692 0.06386066763425254 0.08227848101265822
1 0.09724238026124818 0.3059071729957806 0.04934687953555878 0.07172995780590717
1 0.19521044992743106 0.8069620253164557 0.04499274310595065 0.08227848101265822
1 0.4042089985486212 0.8839662447257384 0.06821480406386067 0.07172995780590717
1 0.4949201741654572 0.7710970464135021 0.07547169811320754 0.08649789029535865
1 0.7423802612481858 0.38924050632911394 0.07402031930333818 0.052742616033755275
1 0.8962264150943396 0.3575949367088608 0.07111756168359942 0.0949367088607595
1 0.9470246734397678 0.15928270042194093 0.047895500725689405 0.11181434599156118
1 0.8447024673439768 0.890295358649789 0.04934687953555878 0.09282700421940929
1 0.39332365747460085 0.32489451476793246 0.08127721335268505 0.08438818565400844