0 0.027338129496402876 0.650294695481336 0.034532374100719423 0.09823182711198428
0 0.2302158273381295 0.0962671905697446 0.08345323741007195 0.0825147347740668
0 0.24820143884892087 0.15029469548133595 0.053237410071942444 0.10412573673870335
0 0.37194244604316545 0.09823182711198428 0.07338129496402877 0.07465618860510806
0 0.6697841726618705 0.20530451866404714 0.04748201438848921 0.060903732809430254
0 0.7345323741007195 0.23673870333988212 0.06474820143884892 0.04518664047151277
0 0.7942446043165468 0.2868369351669941 0.051798561151079135 0.07465618860510806
0 0.6201438848920864 0.7043222003929273 0.05467625899280575 0.10019646365422397
0 0.758273381294964 0.7966601178781926 0.06618705035971223 0.06483300589390963
0 0.8712230215827338 0.7809430255402751 0.04748201438848921 0.04911591355599214
0 0.920863309352518 0.7701375245579568 0.0460431654676259 0.05893909626719057
1 0.026618705035971222 0.3516699410609037 0.027338129496402876 0.07465618860510806
1 0.039568345323741004 0.13948919449901767 0.03597122302158273 0.12966601178781925
1 0.0618705035971223 0.2504911591355599 0.034532374100719423 0.13555992141453832
1 0.2316546762589928 0.24852652259332023 0.0460431654676259 0.08840864440078586
1 0.6107913669064748 0.3526522593320236 0.07625899280575539 0.06483300589390963
1 0.7424460431654676 0.3929273084479371 0.05755395683453238 0.06286836935166994
1 0.9057553956834532 0.36738703339882123 0.03597122302158273 0.07072691552062868
1 0.7640287769784173 0.6738703339882122 0.051798561151079135 0.07858546168958742
1 0.8669064748201439 0.6404715127701375 0.04748201438848921 0.07072691552062868
1 0.8820143884892087 0.6797642436149313 0.031654676258992806 0.05108055009823183
1 0.9122302158273381 0.6473477406679764 0.03741007194244604 0.06483300589390963