0 0.23367198838896952 0.24578059071729957 0.06386066763425254 0.06540084388185655
0 0.2728592162554427 0.8006329113924051 0.05805515239477504 0.08649789029535865
0 0.26850507982583455 0.879746835443038 0.06386066763425254 0.07172995780590717
0 0.3098693759071118 0.7805907172995781 0.04499274310595065 0.11814345991561181
0 0.4593613933236575 0.8829113924050633 0.08563134978229318 0.13291139240506328
0 0.9071117561683599 0.9166666666666666 0.06676342525399129 0.12025316455696203
0 0.7612481857764877 0.08755274261603375 0.062409288824383166 0.08649789029535865
0 0.6429608127721336 0.11181434599156118 0.06676342525399129 0.11814345991561181
1 0.10304789550072568 0.29324894514767935 0.020319303338171262 0.10970464135021098
1 0.14731494920174165 0.8164556962025317 0.047895500725689405 0.09282700421940929
1 0.5058055152394775 0.7626582278481012 0.06531204644412192 0.09915611814345991
1 0.6683599419448476 0.879746835443038 0.05660377358490566 0.0970464135021097
1 0.7053701015965167 0.8481012658227848 0.03773584905660377 0.10548523206751055
1 0.9056603773584906 0.6592827004219409 0.0841799709724238 0.07805907172995781
1 0.9317851959361393 0.4092827004219409 0.05805515239477504 0.08438818565400844
1 0.8788098693759071 0.27109704641350213 0.0420899854862119 0.09915611814345991