0 0.26551226551226553 0.3578838174273859 0.046176046176046176 0.07676348547717843
0 0.20274170274170275 0.3516597510373444 0.06493506493506493 0.06846473029045644
0 0.7121212121212122 0.29979253112033194 0.047619047619047616 0.06846473029045644
0 0.753968253968254 0.6192946058091287 0.04184704184704185 0.056016597510373446
0 0.5028860028860029 0.6006224066390041 0.06493506493506493 0.056016597510373446
0 0.5483405483405484 0.5477178423236515 0.03751803751803752 0.058091286307053944
0 0.33766233766233766 0.6639004149377593 0.046176046176046176 0.07468879668049792
0 0.08297258297258298 0.8931535269709544 0.06493506493506493 0.0975103734439834
0 0.02958152958152958 0.8350622406639004 0.044733044733044736 0.08506224066390042
1 0.2012987012987013 0.08921161825726141 0.05627705627705628 0.06224066390041494
1 0.4603174603174603 0.33195020746887965 0.049062049062049064 0.12033195020746888
1 0.5844155844155844 0.3848547717842324 0.049062049062049064 0.07676348547717843
1 0.7178932178932179 0.7966804979253111 0.050505050505050504 0.06224066390041494
1 0.5562770562770563 0.8350622406639004 0.06493506493506493 0.056016597510373446
1 0.40115440115440115 0.520746887966805 0.06349206349206349 0.1078838174273859
1 0.46176046176046176 0.8475103734439834 0.06349206349206349 0.08091286307053942
1 0.24314574314574314 0.8744813278008299 0.06493506493506493 0.1016597510373444
1 0.15800865800865802 0.7686721991701245 0.07647907647907648 0.10580912863070539