0 0.25181422351233673 0.6845991561181435 0.033381712626995644 0.12869198312236288
0 0.41799709724238027 0.729957805907173 0.07256894049346879 0.11814345991561181
0 0.29898403483309144 0.870253164556962 0.06095791001451379 0.08227848101265822
0 0.7075471698113207 0.8238396624472574 0.07692307692307693 0.10759493670886076
0 0.6596516690856313 0.9166666666666666 0.09433962264150944 0.09915611814345991
0 0.6262699564586357 0.7320675105485233 0.08563134978229318 0.1518987341772152
0 0.625544267053701 0.5537974683544303 0.07256894049346879 0.1371308016877637
0 0.7075471698113207 0.41561181434599154 0.07692307692307693 0.10970464135021098
0 0.727866473149492 0.270042194092827 0.07402031930333818 0.1308016877637131
0 0.8120464441219158 0.21624472573839662 0.06531204644412192 0.06540084388185655
0 0.7634252539912917 0.14135021097046413 0.08127721335268505 0.08016877637130802
1 0.409288824383164 0.6276371308016878 0.07256894049346879 0.11181434599156118
1 0.25689404934687954 0.7985232067510548 0.06676342525399129 0.06540084388185655
1 0.4593613933236575 0.869198312236287 0.08272859216255443 0.0970464135021097
1 0.8933236574746009 0.9272151898734177 0.07982583454281568 0.07383966244725738
1 0.9470246734397678 0.8217299578059072 0.06821480406386067 0.1160337552742616
1 0.8708272859216255 0.7257383966244726 0.0783744557329463 0.05907172995780591
1 0.8824383164005806 0.6234177215189873 0.10159651669085631 0.09915611814345991
1 0.9433962264150944 0.5263713080168776 0.08127721335268505 0.11181434599156118