0 0.2677793904208999 0.2478902953586498 0.07402031930333818 0.052742616033755275
0 0.3505079825834543 0.23734177215189872 0.07402031930333818 0.06118143459915612
0 0.2416545718432511 0.8185654008438819 0.05370101596516691 0.10548523206751055
0 0.25834542815674894 0.8713080168776371 0.040638606676342524 0.08438818565400844
0 0.5718432510885341 0.8586497890295358 0.04644412191582003 0.11814345991561181
0 0.8171262699564587 0.7352320675105485 0.0783744557329463 0.1160337552742616
0 0.9107402031930334 0.17721518987341772 0.10885341074020319 0.12236286919831224
0 0.7706821480406386 0.0949367088607595 0.08127721335268505 0.10970464135021098
0 0.9600870827285921 0.33860759493670883 0.05370101596516691 0.08227848101265822
1 0.12264150943396226 0.8037974683544303 0.027576197387518143 0.08438818565400844
1 0.4397677793904209 0.8565400843881856 0.055152394775036286 0.10970464135021098
1 0.24310595065312046 0.4831223628691983 0.06531204644412192 0.06329113924050633
1 0.30914368650217705 0.5590717299578059 0.08708272859216255 0.05485232067510549
1 0.8367198838896952 0.8776371308016878 0.05079825834542816 0.12658227848101267
1 0.8381712626995645 0.6054852320675106 0.06531204644412192 0.11814345991561181
1 0.897677793904209 0.5369198312236287 0.09143686502177069 0.07383966244725738
1 0.969521044992743 0.6139240506329114 0.055152394775036286 0.09282700421940929