0 0.24675324675324675 0.37863070539419086 0.07792207792207792 0.056016597510373446
0 0.051226551226551224 0.40560165975103735 0.05339105339105339 0.06431535269709543
0 0.2857142857142857 0.8900414937759336 0.05483405483405483 0.0912863070539419
0 0.41053391053391053 0.8174273858921162 0.05916305916305916 0.058091286307053944
0 0.6515151515151515 0.2987551867219917 0.03607503607503607 0.07883817427385892
0 0.6919191919191919 0.23858921161825727 0.044733044733044736 0.03734439834024896
0 0.7388167388167388 0.3163900414937759 0.025974025974025976 0.06846473029045644
0 0.9177489177489178 0.6089211618257261 0.049062049062049064 0.06016597510373444
1 0.2417027417027417 0.1037344398340249 0.06204906204906205 0.04564315352697095
1 0.0707070707070707 0.07261410788381743 0.049062049062049064 0.058091286307053944
1 0.09812409812409813 0.8796680497925311 0.046176046176046176 0.07468879668049792
1 0.5844155844155844 0.8360995850622407 0.049062049062049064 0.07468879668049792
1 0.51010101010101 0.3516597510373444 0.05339105339105339 0.08506224066390042
1 0.7135642135642135 0.44398340248962653 0.050505050505050504 0.06639004149377593
1 0.8304473304473304 0.4066390041493776 0.05339105339105339 0.07053941908713693
1 0.935064935064935 0.770746887966805 0.046176046176046176 0.043568464730290454