0 0.11517615176151762 0.21916299559471367 0.04336043360433604 0.05947136563876652
0 0.10772357723577236 0.5561674008810573 0.05013550135501355 0.06828193832599119
0 0.15582655826558264 0.8348017621145375 0.04607046070460705 0.07488986784140969
0 0.2506775067750677 0.8392070484581498 0.04336043360433604 0.07048458149779736
0 0.5779132791327913 0.1222466960352423 0.06639566395663957 0.09030837004405286
0 0.8455284552845529 0.05726872246696035 0.06504065040650407 0.07488986784140969
0 0.7350948509485095 0.14427312775330398 0.06910569105691057 0.10352422907488987
0 0.7784552845528455 0.3436123348017621 0.07723577235772358 0.11894273127753303
0 0.8597560975609756 0.8777533039647577 0.06097560975609756 0.05947136563876652
0 0.5548780487804879 0.724669603524229 0.06368563685636856 0.11013215859030837
0 0.9742547425474255 0.5308370044052864 0.04607046070460705 0.11894273127753303
1 0.04539295392953929 0.4063876651982379 0.036585365853658534 0.05506607929515418
1 0.23238482384823847 0.40969162995594716 0.06097560975609756 0.05726872246696035
1 0.3089430894308943 0.4669603524229075 0.06504065040650407 0.06167400881057269
1 0.3678861788617886 0.3975770925110132 0.04742547425474255 0.06387665198237885
1 0.07181571815718157 0.7852422907488987 0.04336043360433604 0.06387665198237885
1 0.21544715447154472 0.6850220264317181 0.04065040650406504 0.06607929515418502
1 0.40447154471544716 0.8744493392070485 0.044715447154471545 0.11013215859030837
1 0.739159891598916 0.4911894273127753 0.06910569105691057 0.1277533039647577
1 0.7107046070460704 0.36784140969163 0.058265582655826556 0.11013215859030837
1 0.752710027100271 0.2654185022026432 0.06639566395663957 0.10792951541850221
1 0.6747967479674797 0.07488986784140969 0.04878048780487805 0.07929515418502203
1 0.8800813008130082 0.1817180616740088 0.04200542005420054 0.10792951541850221
1 0.9681571815718157 0.3645374449339207 0.03116531165311653 0.1211453744493392
1 0.8949864498644986 0.486784140969163 0.04742547425474255 0.12334801762114538
1 0.7601626016260162 0.6167400881057269 0.06233062330623306 0.10572687224669604
1 0.8597560975609756 0.5627753303964758 0.06910569105691057 0.08590308370044053
1 0.9369918699186992 0.8425110132158591 0.07452574525745258 0.09030837004405286