0 0.2077922077922078 0.8495850622406639 0.06349206349206349 0.08506224066390042
0 0.04256854256854257 0.7551867219917012 0.050505050505050504 0.0954356846473029
0 0.5367965367965368 0.1825726141078838 0.049062049062049064 0.07883817427385892
0 0.6248196248196248 0.22302904564315354 0.05483405483405483 0.05186721991701245
0 0.6883116883116883 0.2354771784232365 0.049062049062049064 0.043568464730290454
0 0.7575757575757576 0.27385892116182575 0.04329004329004329 0.07883817427385892
0 0.937950937950938 0.2800829875518672 0.03751803751803752 0.058091286307053944
0 0.8362193362193362 0.8049792531120332 0.047619047619047616 0.07053941908713693
1 0.3852813852813853 0.13070539419087138 0.05483405483405483 0.06639004149377593
1 0.6392496392496393 0.44813278008298757 0.06349206349206349 0.06224066390041494
1 0.7012987012987013 0.4408713692946058 0.05772005772005772 0.056016597510373446
1 0.8816738816738817 0.26141078838174275 0.04040404040404041 0.07053941908713693
1 0.9603174603174603 0.4605809128630705 0.044733044733044736 0.05394190871369295
1 0.7734487734487735 0.6524896265560166 0.046176046176046176 0.06016597510373444
1 0.06926406926406926 0.7116182572614108 0.06349206349206349 0.06639004149377593
1 0.20562770562770563 0.9398340248962656 0.05627705627705628 0.0912863070539419
1 0.06349206349206349 0.23132780082987553 0.04329004329004329 0.08506224066390042