0 0.22010869565217392 0.2610619469026549 0.04619565217391304 0.07079646017699115
0 0.37092391304347827 0.8506637168141593 0.057065217391304345 0.09955752212389381
0 0.468070652173913 0.8860619469026548 0.050271739130434784 0.06858407079646017
0 0.6188858695652174 0.786504424778761 0.042119565217391304 0.09070796460176991
0 0.6073369565217391 0.9491150442477876 0.04891304347826087 0.0752212389380531
0 0.6372282608695652 0.9192477876106194 0.04891304347826087 0.05530973451327434
0 0.8885869565217391 0.4778761061946903 0.057065217391304345 0.13716814159292035
0 0.9307065217391305 0.3528761061946903 0.07336956521739131 0.09070796460176991
0 0.7092391304347826 0.20243362831858408 0.05434782608695652 0.09955752212389381
0 0.6413043478260869 0.10287610619469026 0.07336956521739131 0.07743362831858407
0 0.71875 0.7190265486725663 0.04891304347826087 0.11504424778761062
0 0.7697010869565217 0.6758849557522124 0.06657608695652174 0.09070796460176991
0 0.7248641304347826 0.9325221238938053 0.036684782608695655 0.09955752212389381
1 0.10869565217391304 0.21128318584070796 0.051630434782608696 0.07743362831858407
1 0.14130434782608695 0.27101769911504425 0.03804347826086957 0.09513274336283185
1 0.280570652173913 0.41150442477876104 0.06657608695652174 0.0752212389380531
1 0.22418478260869565 0.793141592920354 0.05434782608695652 0.10398230088495575
1 0.6025815217391305 0.7278761061946902 0.05298913043478261 0.07964601769911504
1 0.5258152173913043 0.9358407079646017 0.04891304347826087 0.084070796460177
1 0.6983695652173914 0.6991150442477876 0.059782608695652176 0.08849557522123894
1 0.7221467391304348 0.8639380530973452 0.033967391304347824 0.09955752212389381
1 0.8804347826086957 0.8219026548672567 0.03804347826086957 0.1084070796460177
1 0.8247282608695652 0.7389380530973452 0.051630434782608696 0.08849557522123894
1 0.84375 0.336283185840708 0.08423913043478261 0.08849557522123894
1 0.9069293478260869 0.25110619469026546 0.036684782608695655 0.1172566371681416
1 0.9171195652173914 0.08738938053097345 0.06793478260869565 0.06858407079646017
1 0.8546195652173914 0.09070796460176991 0.04076086956521739 0.10176991150442478
1 0.9137228260869565 0.7676991150442478 0.06385869565217392 0.07079646017699115