0 0.1800271739130435 0.26227897838899805 0.03940217391304348 0.068762278978389
0 0.07133152173913043 0.3388998035363458 0.033967391304347824 0.04518664047151277
0 0.04551630434782609 0.3418467583497053 0.033967391304347824 0.047151277013752456
0 0.050951086956521736 0.7573673870333988 0.036684782608695655 0.0412573673870334
0 0.08016304347826086 0.5068762278978389 0.03804347826086957 0.06286836935166994
0 0.08899456521739131 0.7897838899803536 0.042119565217391304 0.03929273084479371
0 0.2296195652173913 0.7642436149312377 0.05434782608695652 0.03536345776031434
0 0.281929347826087 0.7701375245579568 0.050271739130434784 0.05108055009823183
0 0.4945652173913043 0.16601178781925344 0.04076086956521739 0.08840864440078586
0 0.5135869565217391 0.1994106090373281 0.051630434782608696 0.08840864440078586
0 0.8648097826086957 0.6836935166994106 0.07472826086956522 0.0825147347740668
1 0.12024456521739131 0.49214145383104124 0.05298913043478261 0.07662082514734773
1 0.051630434782608696 0.5314341846758349 0.035326086956521736 0.04911591355599214
1 0.042119565217391304 0.5717092337917485 0.03804347826086957 0.05108055009823183
1 0.11684782608695653 0.7102161100196464 0.057065217391304345 0.04518664047151277
1 0.15625 0.7612966601178782 0.035326086956521736 0.06483300589390963
1 0.20448369565217392 0.5471512770137524 0.058423913043478264 0.068762278978389
1 0.27853260869565216 0.550098231827112 0.059782608695652176 0.07858546168958742
1 0.31997282608695654 0.2288801571709234 0.05570652173913043 0.10412573673870335
1 0.7262228260869565 0.14538310412573674 0.058423913043478264 0.10609037328094302
1 0.9313858695652174 0.37328094302554027 0.06114130434782609 0.08644400785854617