0 0.12816691505216096 0.39737991266375544 0.05067064083457526 0.0611353711790393
0 0.36959761549925485 0.3700873362445415 0.05365126676602087 0.08951965065502183
0 0.2578241430700447 0.1331877729257642 0.05067064083457526 0.0611353711790393
0 0.3554396423248882 0.08842794759825327 0.05216095380029806 0.05021834061135371
0 0.3472429210134128 0.13100436681222707 0.05663189269746647 0.056768558951965066
0 0.49552906110283157 0.27074235807860264 0.06408345752608048 0.07860262008733625
0 0.6095380029806259 0.1091703056768559 0.06259314456035768 0.08296943231441048
0 0.6624441132637854 0.05021834061135371 0.05812220566318927 0.06550218340611354
0 0.5104321907600596 0.3558951965065502 0.05514157973174367 0.07423580786026202
0 0.6870342771982116 0.8657205240174672 0.05365126676602087 0.07205240174672489
0 0.7459016393442623 0.8766375545851528 0.05514157973174367 0.0982532751091703
0 0.5432190760059612 0.7041484716157205 0.04918032786885246 0.10262008733624454
0 0.5543964232488823 0.6135371179039302 0.05365126676602087 0.1091703056768559
0 0.8129657228017884 0.5032751091703057 0.05812220566318927 0.10698689956331878
1 0.16542473919523099 0.16703056768558952 0.05961251862891207 0.04585152838427948
1 0.18628912071535023 0.4093886462882096 0.05365126676602087 0.05895196506550218
1 0.1497764530551416 0.6550218340611353 0.05216095380029806 0.06550218340611354
1 0.30700447093889716 0.5327510917030568 0.05663189269746647 0.0611353711790393
1 0.36587183308494786 0.517467248908297 0.06706408345752608 0.08296943231441048
1 0.38524590163934425 0.25327510917030566 0.07600596125186289 0.06986899563318777
1 0.4970193740685544 0.18013100436681223 0.06706408345752608 0.07641921397379912
1 0.5275707898658718 0.09388646288209607 0.05961251862891207 0.07423580786026202
1 0.8561847988077497 0.09170305676855896 0.05812220566318927 0.07423580786026202
1 0.7913561847988078 0.26419213973799127 0.07749627421758569 0.1091703056768559
1 0.7071535022354695 0.27074235807860264 0.07004470938897168 0.1091703056768559
1 0.7660208643815202 0.39737991266375544 0.05365126676602087 0.09606986899563319
1 0.5931445603576752 0.49344978165938863 0.06259314456035768 0.10480349344978165
1 0.7891207153502235 0.6244541484716157 0.05216095380029806 0.1222707423580786
1 0.7570789865871833 0.7762008733624454 0.07153502235469449 0.10698689956331878
1 0.4992548435171386 0.787117903930131 0.05663189269746647 0.08951965065502183
1 0.8710879284649776 0.6724890829694323 0.06706408345752608 0.10480349344978165