0 0.17410071942446043 0.26620825147347743 0.07482014388489208 0.10412573673870335
0 0.08992805755395683 0.3369351669941061 0.050359712230215826 0.10412573673870335
0 0.7899280575539568 0.8074656188605108 0.060431654676258995 0.07465618860510806
0 0.8575539568345324 0.7996070726915521 0.04316546762589928 0.09037328094302555
0 0.8028776978417266 0.4793713163064833 0.051798561151079135 0.09037328094302555
0 0.7402877697841727 0.2387033398821218 0.053237410071942444 0.05304518664047151
0 0.6956834532374101 0.26719056974459726 0.04748201438848921 0.05893909626719057
0 0.6654676258992805 0.20726915520628683 0.058992805755395686 0.029469548133595286
0 0.4510791366906475 0.09430255402750491 0.07050359712230216 0.06679764243614932
0 0.3575539568345324 0.13064833005893908 0.07050359712230216 0.07662082514734773
0 0.5575539568345323 0.26031434184675833 0.04748201438848921 0.11984282907662082
1 0.25539568345323743 0.09724950884086445 0.0618705035971223 0.07269155206286837
1 0.2503597122302158 0.44204322200392926 0.06330935251798561 0.07465618860510806
1 0.2741007194244604 0.31335952848722987 0.07050359712230216 0.07269155206286837
1 0.597841726618705 0.20530451866404714 0.03597122302158273 0.0962671905697446
1 0.60431654676259 0.3349705304518664 0.05467625899280575 0.07269155206286837
1 0.7179856115107913 0.48428290766208254 0.051798561151079135 0.04911591355599214
1 0.7956834532374101 0.4165029469548134 0.0460431654676259 0.047151277013752456
1 0.9143884892086331 0.431237721021611 0.04748201438848921 0.060903732809430254
1 0.8827338129496403 0.668958742632613 0.04460431654676259 0.06483300589390963
1 0.9482014388489208 0.7465618860510805 0.0460431654676259 0.0550098231827112