0 0.8389945652173914 0.5776031434184676 0.09103260869565218 0.10216110019646366
0 0.5652173913043478 0.7888015717092338 0.05434782608695652 0.14341846758349705
0 0.5726902173913043 0.3762278978388998 0.07201086956521739 0.10412573673870335
0 0.19089673913043478 0.25638506876227896 0.042119565217391304 0.10805500982318271
0 0.09171195652173914 0.26031434184675833 0.050271739130434784 0.05697445972495088
0 0.05502717391304348 0.30353634577603145 0.033967391304347824 0.04518664047151277
0 0.04008152173913043 0.7387033398821218 0.03125 0.0550098231827112
0 0.05434782608695652 0.7662082514734774 0.035326086956521736 0.07072691552062868
0 0.12364130434782608 0.7220039292730844 0.04891304347826087 0.10019646365422397
0 0.22758152173913043 0.7043222003929273 0.05570652173913043 0.09233791748526522
1 0.34782608695652173 0.2200392927308448 0.05434782608695652 0.10216110019646366
1 0.5020380434782609 0.08644400785854617 0.07472826086956522 0.07072691552062868
1 0.07608695652173914 0.44597249508840864 0.051630434782608696 0.047151277013752456
1 0.046875 0.5068762278978389 0.06657608695652174 0.06286836935166994
1 0.04823369565217391 0.5569744597249509 0.05298913043478261 0.04518664047151277
1 0.05298913043478261 0.6758349705304518 0.03260869565217391 0.08644400785854617
1 0.12024456521739131 0.6227897838899804 0.05298913043478261 0.06286836935166994
1 0.8199728260869565 0.668958742632613 0.08559782608695653 0.13163064833005894
1 0.8634510869565217 0.23968565815324164 0.07201086956521739 0.09037328094302555
1 0.14470108695652173 0.7760314341846758 0.03940217391304348 0.0825147347740668