0 0.03669064748201439 0.5088408644400786 0.04748201438848921 0.12573673870333987
0 0.1971223021582734 0.25343811394891946 0.060431654676258995 0.0825147347740668
0 0.26402877697841726 0.19351669941060903 0.07338129496402877 0.08055009823182711
0 0.4079136690647482 0.1237721021611002 0.09352517985611511 0.05893909626719057
0 0.6035971223021582 0.1650294695481336 0.09352517985611511 0.08644400785854617
0 0.5589928057553957 0.16601178781925344 0.02158273381294964 0.0019646365422396855
0 0.60431654676259 0.32023575638506874 0.07482014388489208 0.09823182711198428
0 0.7165467625899281 0.8035363457760314 0.04892086330935252 0.07858546168958742
0 0.7136690647482015 0.7298624754420432 0.05755395683453238 0.05697445972495088
0 0.9784172661870504 0.7583497053045186 0.034532374100719423 0.07465618860510806
1 0.04964028776978417 0.7897838899803536 0.06762589928057554 0.09037328094302555
1 0.2237410071942446 0.3968565815324165 0.06762589928057554 0.10216110019646366
1 0.18057553956834532 0.34577603143418467 0.041726618705035974 0.08644400785854617
1 0.3985611510791367 0.29764243614931235 0.051798561151079135 0.08055009823182711
1 0.4741007194244604 0.19548133595284872 0.04460431654676259 0.0962671905697446
1 0.2158273381294964 0.11493123772102161 0.04892086330935252 0.06483300589390963
1 0.47697841726618706 0.2770137524557957 0.06474820143884892 0.0825147347740668
1 0.7769784172661871 0.26719056974459726 0.04892086330935252 0.07858546168958742
1 0.8158273381294964 0.75049115913556 0.0460431654676259 0.06679764243614932
1 0.9366906474820144 0.6895874263261297 0.03741007194244604 0.07072691552062868
1 0.5856115107913669 0.8172888015717092 0.051798561151079135 0.07858546168958742