0 0.03381294964028777 0.3575638506876228 0.03597122302158273 0.0825147347740668
0 0.03741007194244604 0.27013752455795675 0.025899280575539568 0.08447937131630648
0 0.29640287769784174 0.09921414538310412 0.0776978417266187 0.07662082514734773
0 0.5071942446043165 0.18958742632612965 0.07625899280575539 0.0962671905697446
0 0.43453237410071943 0.12770137524557956 0.07194244604316546 0.0825147347740668
0 0.6654676258992805 0.21611001964636542 0.06474820143884892 0.03536345776031434
0 0.7316546762589928 0.23673870333988212 0.0618705035971223 0.04518664047151277
0 0.6129496402877698 0.6522593320235757 0.08633093525179857 0.09430255402750491
0 0.658273381294964 0.8074656188605108 0.06762589928057554 0.09430255402750491
0 0.7834532374100719 0.8113948919449901 0.0618705035971223 0.05108055009823183
0 0.9446043165467626 0.7485265225933202 0.04748201438848921 0.05108055009823183
1 0.05683453237410072 0.08840864440078586 0.041726618705035974 0.03929273084479371
1 0.1251798561151079 0.17288801571709234 0.060431654676258995 0.043222003929273084
1 0.11798561151079137 0.11591355599214145 0.0460431654676259 0.0825147347740668
1 0.5064748201438849 0.4518664047151277 0.07482014388489208 0.06679764243614932
1 0.6035971223021582 0.16994106090373282 0.041726618705035974 0.08840864440078586
1 0.6438848920863309 0.3791748526522593 0.0618705035971223 0.05893909626719057
1 0.7201438848920864 0.4056974459724951 0.06474820143884892 0.060903732809430254
1 0.7446043165467626 0.6552062868369352 0.058992805755395686 0.05304518664047151
1 0.7323741007194244 0.7387033398821218 0.034532374100719423 0.07858546168958742
1 0.49712230215827335 0.787819253438114 0.0618705035971223 0.09823182711198428
1 0.9136690647482014 0.6552062868369352 0.04316546762589928 0.07269155206286837