0 0.07647907647907648 0.6410788381742739 0.06637806637806638 0.04564315352697095
0 0.2792207792207792 0.7313278008298755 0.06493506493506493 0.08506224066390042
0 0.046897546897546896 0.9107883817427386 0.04184704184704185 0.07468879668049792
0 0.6356421356421357 0.22821576763485477 0.050505050505050504 0.04564315352697095
0 0.9235209235209235 0.262448132780083 0.04329004329004329 0.043568464730290454
1 0.19552669552669552 0.11410788381742738 0.06204906204906205 0.0954356846473029
1 0.17604617604617603 0.22821576763485477 0.06926406926406926 0.1037344398340249
1 0.06277056277056277 0.2769709543568465 0.047619047619047616 0.06846473029045644
1 0.11832611832611832 0.3755186721991701 0.06637806637806638 0.07468879668049792
1 0.16233766233766234 0.4979253112033195 0.06782106782106782 0.08298755186721991
1 0.08441558441558442 0.6877593360995851 0.0707070707070707 0.08091286307053942
1 0.2106782106782107 0.8879668049792531 0.06060606060606061 0.0912863070539419
1 0.6565656565656566 0.4605809128630705 0.06926406926406926 0.07053941908713693
1 0.9451659451659452 0.3993775933609959 0.046176046176046176 0.06016597510373444