0 0.3555878084179971 0.22679324894514769 0.06966618287373004 0.06118143459915612
0 0.28519593613933236 0.25738396624472576 0.06821480406386067 0.06751054852320675
0 0.30551523947750364 0.6392405063291139 0.09143686502177069 0.0970464135021097
0 0.2169811320754717 0.830168776371308 0.07692307692307693 0.06962025316455696
0 0.25544267053701014 0.8618143459915611 0.040638606676342524 0.08649789029535865
0 0.5551523947750363 0.7035864978902954 0.08272859216255443 0.10759493670886076
0 0.6538461538461539 0.790084388185654 0.059506531204644414 0.1371308016877637
0 0.7808417997097242 0.820675105485232 0.08127721335268505 0.10126582278481013
0 0.7757619738751814 0.22257383966244726 0.08853410740203194 0.12025316455696203
0 0.7082728592162555 0.12236286919831224 0.0841799709724238 0.0970464135021097
1 0.3214804063860668 0.5063291139240507 0.08853410740203194 0.05907172995780591
1 0.3432510885341074 0.4356540084388186 0.059506531204644414 0.056962025316455694
1 0.660377358490566 0.35864978902953587 0.08127721335268505 0.0759493670886076
1 0.9252539912917271 0.6455696202531646 0.059506531204644414 0.10548523206751055
1 0.7089985486211902 0.9314345991561181 0.05079825834542816 0.09071729957805907
1 0.4332365747460087 0.8491561181434599 0.0420899854862119 0.09915611814345991
1 0.10667634252539913 0.7953586497890295 0.02177068214804064 0.09282700421940929
1 0.22931785195936139 0.7943037974683544 0.06676342525399129 0.07383966244725738