0 0.034532374100719423 0.6070726915520629 0.051798561151079135 0.08644400785854617
0 0.2539568345323741 0.18958742632612965 0.0618705035971223 0.10019646365422397
0 0.37985611510791367 0.12082514734774066 0.0920863309352518 0.08840864440078586
0 0.6597122302158274 0.20726915520628683 0.07625899280575539 0.03732809430255403
0 0.7237410071942446 0.2269155206286837 0.051798561151079135 0.04911591355599214
0 0.8942446043165467 0.2180746561886051 0.053237410071942444 0.05108055009823183
0 0.8935251798561151 0.769155206286837 0.04892086330935252 0.05304518664047151
0 0.9525179856115108 0.762278978388998 0.04028776978417266 0.047151277013752456
0 0.6640287769784172 0.7357563850687623 0.08201438848920864 0.068762278978389
0 0.6640287769784172 0.8025540275049116 0.04460431654676259 0.068762278978389
0 0.3273381294964029 0.1168958742632613 0.050359712230215826 0.068762278978389
1 0.13237410071942446 0.10707269155206287 0.051798561151079135 0.0962671905697446
1 0.06906474820143885 0.206286836935167 0.04028776978417266 0.0825147347740668
1 0.038129496402877695 0.32023575638506874 0.041726618705035974 0.06679764243614932
1 0.5071942446043165 0.2779960707269155 0.04748201438848921 0.07269155206286837
1 0.6266187050359712 0.3369351669941061 0.050359712230215826 0.06483300589390963
1 0.7510791366906475 0.3762278978388998 0.051798561151079135 0.06483300589390963
1 0.8633093525179856 0.37229862475442044 0.04316546762589928 0.05697445972495088
1 0.9381294964028777 0.6257367387033399 0.04892086330935252 0.0412573673870334
1 0.9755395683453237 0.630648330058939 0.03741007194244604 0.05108055009823183
1 0.7820143884892087 0.7092337917485265 0.03884892086330935 0.07072691552062868
1 0.4949640287769784 0.8133595284872298 0.04892086330935252 0.08644400785854617