0 0.1676342525399129 0.2141350210970464 0.062409288824383166 0.10759493670886076
0 0.3490566037735849 0.22573839662447256 0.10014513788098693 0.06751054852320675
0 0.37735849056603776 0.8786919831223629 0.040638606676342524 0.10337552742616034
0 0.52322206095791 0.1160337552742616 0.10304789550072568 0.10126582278481013
0 0.6516690856313497 0.12974683544303797 0.0841799709724238 0.0949367088607595
0 0.783744557329463 0.14662447257383968 0.05805515239477504 0.0949367088607595
0 0.7873730043541364 0.09071729957805907 0.09724238026124818 0.08438818565400844
0 0.9760522496371553 0.890295358649789 0.0420899854862119 0.1308016877637131
0 0.6567489114658926 0.8660337552742616 0.07692307692307693 0.1160337552742616
1 0.2104499274310595 0.479957805907173 0.06386066763425254 0.07383966244725738
1 0.27503628447024675 0.5147679324894515 0.06821480406386067 0.0759493670886076
1 0.5391872278664731 0.8322784810126582 0.059506531204644414 0.10759493670886076
1 0.6516690856313497 0.28375527426160335 0.07547169811320754 0.09071729957805907
1 0.8613933236574746 0.31962025316455694 0.05370101596516691 0.12025316455696203
1 0.965166908563135 0.27531645569620256 0.03193033381712627 0.12869198312236288
1 0.8142235123367199 0.6835443037974683 0.07547169811320754 0.10548523206751055
1 0.8911465892597968 0.8976793248945147 0.04354136429608128 0.10759493670886076