0 0.058423913043478264 0.30157170923379173 0.03260869565217391 0.05304518664047151
0 0.3138586956521739 0.2013752455795678 0.059782608695652176 0.07662082514734773
0 0.31997282608695654 0.2868369351669941 0.05570652173913043 0.09037328094302555
0 0.234375 0.7642436149312377 0.050271739130434784 0.03536345776031434
0 0.11073369565217392 0.7819253438113949 0.04755434782608696 0.043222003929273084
0 0.044157608695652176 0.7701375245579568 0.028532608695652172 0.07072691552062868
0 0.035326086956521736 0.6944990176817288 0.029891304347826088 0.0412573673870334
0 0.06589673913043478 0.6326129666011788 0.03125 0.043222003929273084
0 0.06589673913043478 0.581532416502947 0.025815217391304348 0.03536345776031434
0 0.0625 0.5510805500982319 0.02717391304347826 0.03732809430255403
0 0.12160326086956522 0.6660117878192534 0.03125 0.03143418467583497
1 0.18682065217391305 0.2504911591355599 0.03125 0.07662082514734773
1 0.18070652173913043 0.3428290766208251 0.03804347826086957 0.08840864440078586
1 0.042119565217391304 0.49901768172888017 0.029891304347826088 0.043222003929273084
1 0.13043478260869565 0.42337917485265225 0.029891304347826088 0.05697445972495088
1 0.14198369565217392 0.4950884086444008 0.03940217391304348 0.07072691552062868
1 0.18682065217391305 0.5343811394891945 0.06114130434782609 0.05893909626719057
1 0.13858695652173914 0.5834970530451866 0.043478260869565216 0.07858546168958742
1 0.171875 0.6679764243614931 0.03940217391304348 0.09823182711198428
1 0.05434782608695652 0.6925343811394892 0.03260869565217391 0.07269155206286837
1 0.11005434782608696 0.7789783889980354 0.029891304347826088 0.060903732809430254
1 0.03804347826086957 0.5422396856581533 0.03260869565217391 0.03536345776031434