0 0.6661870503597123 0.21611001964636542 0.0776978417266187 0.043222003929273084
0 0.7366906474820144 0.2337917485265226 0.05755395683453238 0.03929273084479371
0 0.4251798561151079 0.10707269155206287 0.07050359712230216 0.09233791748526522
0 0.17338129496402876 0.10117878192534381 0.09640287769784173 0.08840864440078586
0 0.09064748201438849 0.11493123772102161 0.051798561151079135 0.08055009823182711
0 0.11870503597122302 0.1905697445972495 0.07338129496402877 0.0550098231827112
0 0.06762589928057554 0.6944990176817288 0.05467625899280575 0.08055009823182711
0 0.02805755395683453 0.712180746561886 0.030215827338129497 0.11198428290766209
0 0.045323741007194246 0.2632612966601179 0.03597122302158273 0.11394891944990176
0 0.05611510791366906 0.16011787819253437 0.05755395683453238 0.08840864440078586
1 0.21079136690647482 0.39587426326129665 0.08201438848920864 0.068762278978389
1 0.20719424460431654 0.23084479371316308 0.06330935251798561 0.060903732809430254
1 0.33741007194244604 0.1787819253438114 0.058992805755395686 0.08644400785854617
1 0.5971223021582733 0.1581532416502947 0.04316546762589928 0.08447937131630648
1 0.616546762589928 0.3840864440078585 0.0618705035971223 0.06483300589390963
1 0.7366906474820144 0.3899803536345776 0.04892086330935252 0.05697445972495088
1 0.11870503597122302 0.449901768172888 0.07913669064748201 0.07072691552062868
1 0.07482014388489208 0.4518664047151277 0.06618705035971223 0.0550098231827112
1 0.03381294964028777 0.4774066797642436 0.041726618705035974 0.07072691552062868
1 0.11438848920863309 0.3605108055009823 0.053237410071942444 0.05304518664047151