0 0.665929203539823 0.2997658079625293 0.03982300884955752 0.07494145199063232
0 0.10914454277286136 0.3524590163934426 0.061946902654867256 0.08196721311475409
0 0.2345132743362832 0.6100702576112412 0.07669616519174041 0.11475409836065574
0 0.38716814159292035 0.8313817330210773 0.06047197640117994 0.10304449648711944
0 0.1887905604719764 0.7459016393442623 0.07079646017699115 0.11475409836065574
0 0.34587020648967554 0.9285714285714286 0.05752212389380531 0.09601873536299765
1 0.1607669616519174 0.10421545667447307 0.05604719764011799 0.13348946135831383
1 0.2691740412979351 0.18969555035128804 0.05457227138643068 0.08899297423887588
1 0.5103244837758112 0.2810304449648712 0.058997050147492625 0.13114754098360656
1 0.24631268436578171 0.6920374707259953 0.06784660766961652 0.13817330210772832
1 0.06858407079646017 0.6288056206088993 0.05752212389380531 0.11007025761124122
1 0.084070796460177 0.955503512880562 0.058997050147492625 0.08430913348946135