0 0.8741007194244604 0.7406679764243614 0.04748201438848921 0.09823182711198428
0 0.6302158273381295 0.7298624754420432 0.08057553956834532 0.08840864440078586
0 0.6359712230215827 0.8182711198428291 0.05467625899280575 0.07269155206286837
0 0.30287769784172663 0.5805500982318271 0.08776978417266187 0.08840864440078586
0 0.4158273381294964 0.15225933202357564 0.04316546762589928 0.10412573673870335
0 0.7316546762589928 0.23477406679764243 0.05611510791366906 0.0412573673870334
0 0.26618705035971224 0.27897838899803534 0.060431654676258995 0.09430255402750491
0 0.22949640287769785 0.22986247544204322 0.07050359712230216 0.09823182711198428
0 0.15971223021582734 0.2475442043222004 0.05755395683453238 0.07858546168958742
0 0.06906474820143885 0.0962671905697446 0.0460431654676259 0.07465618860510806
1 0.031654676258992806 0.4165029469548134 0.034532374100719423 0.047151277013752456
1 0.14172661870503597 0.20726915520628683 0.030215827338129497 0.11984282907662082
1 0.10719424460431655 0.4027504911591356 0.053237410071942444 0.10216110019646366
1 0.29784172661870506 0.31335952848722987 0.0776978417266187 0.07269155206286837
1 0.2798561151079137 0.10117878192534381 0.058992805755395686 0.06483300589390963
1 0.3971223021582734 0.13948919449901767 0.051798561151079135 0.09037328094302555
1 0.5992805755395684 0.16110019646365423 0.030215827338129497 0.09430255402750491
1 0.44676258992805756 0.8005893909626719 0.04460431654676259 0.08840864440078586
1 0.758273381294964 0.6414538310412574 0.031654676258992806 0.07662082514734773
1 0.8057553956834532 0.618860510805501 0.06330935251798561 0.05893909626719057
1 0.7748201438848921 0.3742632612966601 0.053237410071942444 0.04518664047151277