0 0.22423802612481858 0.8438818565400844 0.07402031930333818 0.10548523206751055
0 0.29390420899854863 0.8438818565400844 0.05660377358490566 0.1308016877637131
0 0.260522496371553 0.6508438818565401 0.062409288824383166 0.10759493670886076
0 0.17851959361393324 0.5348101265822784 0.06676342525399129 0.1160337552742616
0 0.16037735849056603 0.2289029535864979 0.05660377358490566 0.056962025316455694
0 0.21480406386066764 0.23839662447257384 0.05805515239477504 0.06329113924050633
0 0.3599419448476052 0.5042194092827004 0.07256894049346879 0.07172995780590717
0 0.6081277213352685 0.16244725738396623 0.06386066763425254 0.10548523206751055
0 0.5740203193033382 0.28270042194092826 0.06531204644412192 0.1308016877637131
0 0.611756168359942 0.45042194092827004 0.06531204644412192 0.12025316455696203
1 0.8693759071117562 0.15084388185654007 0.04644412191582003 0.10337552742616034
1 0.8454281567489115 0.27109704641350213 0.0420899854862119 0.09915611814345991
1 0.862844702467344 0.399789029535865 0.059506531204644414 0.13291139240506328
1 0.46879535558780844 0.8438818565400844 0.05805515239477504 0.10126582278481013
1 0.42525399129172714 0.7204641350210971 0.04644412191582003 0.10759493670886076
1 0.16473149492017417 0.5875527426160337 0.05370101596516691 0.07383966244725738
1 0.3875181422351234 0.5959915611814346 0.06966618287373004 0.10337552742616034
1 0.2539912917271408 0.35337552742616035 0.04644412191582003 0.11181434599156118
1 0.16545718432510886 0.41350210970464135 0.05805515239477504 0.07172995780590717
1 0.09724238026124818 0.41244725738396626 0.05805515239477504 0.08227848101265822