0 0.4781746031746032 0.11904761904761904 0.041005291005291 0.09956709956709957
0 0.5661375661375662 0.22294372294372294 0.06878306878306878 0.10822510822510822
0 0.460978835978836 0.42857142857142855 0.046296296296296294 0.10822510822510822
0 0.4603174603174603 0.5324675324675324 0.047619047619047616 0.08658008658008658
0 0.3306878306878307 0.6515151515151515 0.047619047619047616 0.09090909090909091
0 0.3551587301587302 0.7261904761904762 0.051587301587301584 0.08008658008658008
0 0.3644179894179894 0.7705627705627706 0.027777777777777776 0.0735930735930736
0 0.593915343915344 0.9058441558441559 0.04497354497354497 0.08008658008658008
0 0.8796296296296297 0.5346320346320347 0.03968253968253968 0.06060606060606061
0 0.9067460317460317 0.9361471861471862 0.051587301587301584 0.07142857142857142
0 0.792989417989418 0.20562770562770563 0.03306878306878307 0.08225108225108226
0 0.45701058201058203 0.5963203463203464 0.03835978835978836 0.08874458874458875
1 0.6653439153439153 0.1590909090909091 0.047619047619047616 0.10173160173160173
1 0.9457671957671958 0.1277056277056277 0.04497354497354497 0.09956709956709957
1 0.9193121693121693 0.3625541125541126 0.0582010582010582 0.08874458874458875
1 0.9298941798941799 0.6428571428571429 0.06084656084656084 0.0735930735930736
1 0.8736772486772487 0.8679653679653679 0.05952380952380952 0.05194805194805195
1 0.7751322751322751 0.9025974025974026 0.042328042328042326 0.09523809523809523
1 0.7817460317460317 0.711038961038961 0.05555555555555555 0.08441558441558442
1 0.6276455026455027 0.6406926406926406 0.05423280423280423 0.09956709956709957
1 0.6369047619047619 0.4772727272727273 0.05423280423280423 0.09740259740259741
1 0.6236772486772487 0.24675324675324675 0.06481481481481481 0.09090909090909091
1 0.42063492063492064 0.3409090909090909 0.05291005291005291 0.07575757575757576
1 0.4669312169312169 0.6807359307359307 0.06084656084656084 0.0670995670995671
1 0.49537037037037035 0.7619047619047619 0.05952380952380952 0.09523809523809523
1 0.2156084656084656 0.7337662337662337 0.042328042328042326 0.08225108225108226
1 0.3134920634920635 0.7619047619047619 0.042328042328042326 0.09090909090909091
1 0.43915343915343913 0.7337662337662337 0.042328042328042326 0.05194805194805195