0 0.2344877344877345 0.07261410788381743 0.044733044733044736 0.07053941908713693
0 0.3968253968253968 0.1607883817427386 0.06926406926406926 0.08506224066390042
0 0.4393939393939394 0.18568464730290457 0.06204906204906205 0.0975103734439834
0 0.6875901875901876 0.23340248962655602 0.06204906204906205 0.05186721991701245
0 0.9559884559884559 0.274896265560166 0.047619047619047616 0.06431535269709543
0 0.5836940836940837 0.4823651452282158 0.05916305916305916 0.1016597510373444
0 0.12626262626262627 0.7219917012448133 0.06493506493506493 0.11618257261410789
0 0.045454545454545456 0.9118257261410788 0.047619047619047616 0.08921161825726141
0 0.937950937950938 0.66701244813278 0.031746031746031744 0.06016597510373444
0 0.9437229437229437 0.7531120331950207 0.031746031746031744 0.058091286307053944
1 0.07431457431457432 0.21369294605809128 0.06204906204906205 0.07053941908713693
1 0.1984126984126984 0.17012448132780084 0.050505050505050504 0.0954356846473029
1 0.5115440115440115 0.45020746887966806 0.06782106782106782 0.07883817427385892
1 0.6392496392496393 0.4170124481327801 0.06060606060606061 0.06224066390041494
1 0.7373737373737373 0.45020746887966806 0.05194805194805195 0.0995850622406639
1 0.9458874458874459 0.4336099585062241 0.047619047619047616 0.058091286307053944
1 0.8607503607503607 0.6815352697095436 0.03896103896103896 0.06016597510373444
1 0.8585858585858586 0.7780082987551867 0.03463203463203463 0.07468879668049792
1 0.021645021645021644 0.5010373443983402 0.04040404040404041 0.08091286307053942
1 0.2287157287157287 0.9304979253112033 0.05916305916305916 0.09336099585062241