0 0.23076923076923078 0.3217299578059072 0.06095791001451379 0.10337552742616034
0 0.21262699564586357 0.5316455696202531 0.07111756168359942 0.10970464135021098
0 0.7264150943396226 0.0949367088607595 0.08272859216255443 0.11392405063291139
0 0.6886792452830188 0.28375527426160335 0.08272859216255443 0.12869198312236288
0 0.6444121915820029 0.4778481012658228 0.06386066763425254 0.12447257383966245
0 0.6690856313497823 0.6128691983122363 0.06095791001451379 0.10759493670886076
0 0.6320754716981132 0.7341772151898734 0.06531204644412192 0.0970464135021097
0 0.739477503628447 0.9050632911392406 0.07402031930333818 0.12658227848101267
0 0.7750362844702468 0.9219409282700421 0.055152394775036286 0.12658227848101267
0 0.9426705370101597 0.3143459915611814 0.07402031930333818 0.10970464135021098
1 0.37445573294629897 0.4272151898734177 0.05805515239477504 0.1160337552742616
1 0.41146589259796806 0.3027426160337553 0.059506531204644414 0.10759493670886076
1 0.944121915820029 0.45569620253164556 0.036284470246734396 0.11814345991561181
1 0.8925979680696662 0.5327004219409283 0.03483309143686502 0.12025316455696203
1 0.9397677793904209 0.6909282700421941 0.033381712626995644 0.12025316455696203
1 0.9608127721335269 0.6518987341772152 0.06095791001451379 0.08860759493670886
1 0.895500725689405 0.7932489451476793 0.040638606676342524 0.08860759493670886
1 0.9644412191582002 0.8375527426160337 0.033381712626995644 0.10126582278481013