0 0.04244604316546763 0.12671905697445973 0.04748201438848921 0.08447937131630648
0 0.08129496402877698 0.33398821218074654 0.05611510791366906 0.08644400785854617
0 0.12733812949640289 0.22102161100196463 0.050359712230215826 0.11198428290766209
0 0.25755395683453236 0.4086444007858546 0.07194244604316546 0.11787819253438114
0 0.3618705035971223 0.11198428290766209 0.07338129496402877 0.05893909626719057
0 0.4309352517985611 0.1237721021611002 0.06474820143884892 0.09823182711198428
0 0.556115107913669 0.28094302554027506 0.0618705035971223 0.08644400785854617
0 0.6611510791366907 0.20923379174852652 0.06762589928057554 0.03732809430255403
0 0.720863309352518 0.23673870333988212 0.060431654676258995 0.04911591355599214
0 0.6273381294964029 0.8035363457760314 0.07194244604316546 0.08644400785854617
0 0.9525179856115108 0.7603143418467584 0.060431654676258995 0.043222003929273084
1 0.03237410071942446 0.4037328094302554 0.03884892086330935 0.068762278978389
1 0.16115107913669063 0.10019646365422397 0.06618705035971223 0.06679764243614932
1 0.13956834532374102 0.4577603143418468 0.06906474820143885 0.07465618860510806
1 0.17913669064748203 0.17681728880157171 0.05611510791366906 0.06679764243614932
1 0.2273381294964029 0.23280943025540274 0.05467625899280575 0.08055009823182711
1 0.5949640287769784 0.16110019646365423 0.041726618705035974 0.0825147347740668
1 0.6381294964028777 0.5314341846758349 0.058992805755395686 0.07662082514734773
1 0.6237410071942446 0.3241650294695481 0.04460431654676259 0.07072691552062868
1 0.737410071942446 0.393909626719057 0.04460431654676259 0.06483300589390963
1 0.7697841726618705 0.7671905697445972 0.0460431654676259 0.08447937131630648
1 0.9676258992805755 0.6218074656188605 0.053237410071942444 0.060903732809430254