0 0.6387176325524044 0.8990267639902676 0.04192355117139334 0.07542579075425791
0 0.4593094944512947 0.39172749391727496 0.0530209617755857 0.09245742092457421
0 0.407521578298397 0.5802919708029197 0.0530209617755857 0.0851581508515815
0 0.3921085080147966 0.3978102189781022 0.05672009864364982 0.06569343065693431
0 0.1596794081381011 0.4659367396593674 0.040690505548705305 0.051094890510948905
0 0.16461159062885328 0.5364963503649635 0.04315659679408138 0.0705596107055961
0 0.15413070283600494 0.6034063260340633 0.05425400739827373 0.058394160583941604
0 0.12268803945745993 0.610705596107056 0.03822441430332922 0.058394160583941604
0 0.16337854500616522 0.7007299270072993 0.05055487053020962 0.0827250608272506
0 0.1467324290998767 0.9391727493917275 0.0468557336621455 0.0681265206812652
1 0.2965474722564735 0.44768856447688565 0.040690505548705305 0.07785888077858881
1 0.5043156596794082 0.9184914841849149 0.04932182490752158 0.10948905109489052
1 0.37669543773119607 0.5182481751824818 0.05055487053020962 0.0681265206812652
1 0.2792848335388409 0.7238442822384428 0.05055487053020962 0.0948905109489051
1 0.2533908754623921 0.6824817518248175 0.040690505548705305 0.09002433090024331
1 0.27681874229346487 0.5656934306569343 0.04315659679408138 0.0948905109489051
1 0.25524044389642414 0.451338199513382 0.04192355117139334 0.07542579075425791
1 0.12515413070283601 0.8004866180048662 0.040690505548705305 0.058394160583941604
1 0.1997533908754624 0.8771289537712895 0.0468557336621455 0.06082725060827251
1 0.25770653514180025 0.948905109489051 0.04932182490752158 0.0827250608272506