0 0.2059186189889026 0.46958637469586373 0.0468557336621455 0.10218978102189781
0 0.16029593094944514 0.5364963503649635 0.059186189889025895 0.0705596107055961
0 0.27373612823674476 0.6094890510948905 0.06165228113440197 0.09002433090024331
0 0.25092478421701603 0.8090024330900243 0.03822441430332922 0.10462287104622871
0 0.46609124537607893 0.791970802919708 0.0468557336621455 0.10462287104622871
0 0.38532675709001235 0.27858880778588807 0.04808877928483354 0.10948905109489052
0 0.5912453760789149 0.1411192214111922 0.06041923551171394 0.1070559610705596
0 0.8415536374845869 0.6982968369829684 0.06288532675709001 0.08759124087591241
1 0.20530209617755857 0.7408759124087592 0.06041923551171394 0.07542579075425791
1 0.18495684340320592 0.8381995133819952 0.08384710234278668 0.10462287104622871
1 0.406905055487053 0.8150851581508516 0.05425400739827373 0.12165450121654502
1 0.6424167694204685 0.7895377128953771 0.04192355117139334 0.1192214111922141
1 0.8951911220715166 0.4051094890510949 0.07891491985203453 0.09002433090024331
1 0.7046855733662145 0.1362530413625304 0.03822441430332922 0.12652068126520682
1 0.6405672009864365 0.20072992700729927 0.04562268803945746 0.07542579075425791
1 0.5437731196054254 0.2712895377128954 0.06165228113440197 0.09975669099756691
1 0.34525277435265106 0.33698296836982966 0.05425400739827373 0.10462287104622871