0 0.1959731543624161 0.7240566037735849 0.05906040268456376 0.06132075471698113
0 0.22684563758389262 0.7535377358490566 0.05100671140939597 0.06839622641509434
0 0.4812080536912752 0.6639150943396226 0.05503355704697987 0.06839622641509434
0 0.876510067114094 0.4964622641509434 0.04832214765100671 0.06839622641509434
0 0.6630872483221476 0.10731132075471699 0.03758389261744966 0.07783018867924528
0 0.6959731543624161 0.10849056603773585 0.052348993288590606 0.07547169811320754
0 0.6624161073825503 0.17688679245283018 0.05771812080536913 0.0660377358490566
0 0.5080536912751678 0.267688679245283 0.049664429530201344 0.07311320754716981
1 0.21208053691275167 0.4988207547169811 0.05906040268456376 0.06839622641509434
1 0.35906040268456374 0.8066037735849056 0.04697986577181208 0.08490566037735849
1 0.6422818791946309 0.6191037735849056 0.04429530201342282 0.10141509433962265
1 0.7496644295302013 0.6332547169811321 0.036241610738255034 0.10141509433962265
1 0.8651006711409396 0.2983490566037736 0.06308724832214765 0.0589622641509434
1 0.6825503355704698 0.25 0.036241610738255034 0.09905660377358491
1 0.823489932885906 0.22995283018867924 0.03355704697986577 0.09198113207547169
1 0.8711409395973154 0.13797169811320756 0.032214765100671144 0.09198113207547169
1 0.512751677852349 0.1580188679245283 0.040268456375838924 0.08962264150943396