0 0.5745992601726264 0.19586374695863748 0.0468557336621455 0.1192214111922141
0 0.7916152897657214 0.791970802919708 0.06658446362515413 0.10948905109489052
0 0.7355117139334155 0.8126520681265207 0.055487053020961775 0.1362530413625304
0 0.42293464858199753 0.7785888077858881 0.04438964241676942 0.145985401459854
0 0.22996300863131935 0.7871046228710462 0.0530209617755857 0.09975669099756691
0 0.35141800246609123 0.3905109489051095 0.04932182490752158 0.0851581508515815
0 0.1658446362515413 0.43795620437956206 0.040690505548705305 0.0827250608272506
0 0.3847102342786683 0.6618004866180048 0.04192355117139334 0.09245742092457421
0 0.14549938347718866 0.4927007299270073 0.051787916152897656 0.0705596107055961
1 0.280517879161529 0.2761557177615572 0.04562268803945746 0.10948905109489052
1 0.43033292231812575 0.26763990267639903 0.0468557336621455 0.1070559610705596
1 0.6368680641183724 0.6727493917274939 0.04562268803945746 0.12408759124087591
1 0.5147965474722564 0.8552311435523114 0.04315659679408138 0.12408759124087591
1 0.8649815043156597 0.4829683698296837 0.08014796547472257 0.09975669099756691
1 0.27435265104808876 0.8223844282238443 0.04808877928483354 0.09245742092457421
1 0.33847102342786684 0.4854014598540146 0.0530209617755857 0.0948905109489051
1 0.18988902589395806 0.559610705596107 0.06411837237977805 0.07785888077858881
1 0.21085080147965474 0.732360097323601 0.0468557336621455 0.09245742092457421