0 0.41430332922318125 0.3929440389294404 0.05672009864364982 0.06082725060827251
0 0.4722564734895191 0.44038929440389296 0.051787916152897656 0.09245742092457421
0 0.6411837237977805 0.8759124087591241 0.051787916152897656 0.08759124087591241
0 0.40135635018495686 0.5888077858880778 0.0530209617755857 0.10218978102189781
0 0.1596794081381011 0.4635036496350365 0.04562268803945746 0.06569343065693431
0 0.18557336621454995 0.5352798053527981 0.05055487053020962 0.09245742092457421
0 0.16276202219482122 0.6046228710462287 0.051787916152897656 0.08029197080291971
0 0.13008631319358815 0.610705596107056 0.0530209617755857 0.0827250608272506
0 0.16646115906288533 0.7165450121654501 0.05425400739827373 0.08029197080291971
0 0.1498150431565968 0.9416058394160584 0.04808877928483354 0.06326034063260341
1 0.5061652281134402 0.9209245742092458 0.05055487053020962 0.10462287104622871
1 0.374845869297164 0.5145985401459854 0.04932182490752158 0.09002433090024331
1 0.29531442663378543 0.44525547445255476 0.03822441430332922 0.0827250608272506
1 0.2558569667077682 0.4562043795620438 0.04315659679408138 0.0948905109489051
1 0.28545006165228115 0.7262773722627737 0.05055487053020962 0.08029197080291971
1 0.249691738594328 0.6849148418491484 0.04808877928483354 0.10462287104622871
1 0.2848335388409371 0.5754257907542579 0.04438964241676942 0.09975669099756691
1 0.12762022194821207 0.7992700729927007 0.04315659679408138 0.0851581508515815
1 0.2003699136868064 0.8698296836982968 0.04808877928483354 0.08029197080291971
1 0.2651048088779285 0.9379562043795621 0.0468557336621455 0.0948905109489051