0 0.6375838926174496 0.09905660377358491 0.056375838926174496 0.08490566037735849
0 0.6724832214765101 0.11320754716981132 0.04832214765100671 0.09905660377358491
0 0.625503355704698 0.24410377358490565 0.053691275167785234 0.10613207547169812
0 0.5335570469798657 0.45047169811320753 0.04429530201342282 0.08490566037735849
0 0.5308724832214765 0.6379716981132075 0.06040268456375839 0.08254716981132075
0 0.5060402684563758 0.7016509433962265 0.056375838926174496 0.10613207547169812
0 0.8456375838926175 0.5731132075471698 0.04563758389261745 0.07547169811320754
1 0.35906040268456374 0.785377358490566 0.03355704697986577 0.07075471698113207
1 0.5422818791946309 0.1875 0.053691275167785234 0.049528301886792456
1 0.4657718120805369 0.15330188679245282 0.042953020134228186 0.08490566037735849
1 0.8409395973154362 0.13561320754716982 0.036241610738255034 0.08254716981132075
1 0.7885906040268457 0.3490566037735849 0.04161073825503356 0.08962264150943396
1 0.725503355704698 0.5294811320754716 0.038926174496644296 0.07311320754716981
1 0.6785234899328859 0.6238207547169812 0.036241610738255034 0.07783018867924528