0 0.625503355704698 0.12382075471698113 0.04832214765100671 0.06839622641509434
0 0.674496644295302 0.10966981132075472 0.038926174496644296 0.07783018867924528
0 0.6684563758389261 0.18632075471698112 0.04563758389261745 0.08018867924528301
0 0.8100671140939597 0.23938679245283018 0.06308724832214765 0.08254716981132075
0 0.5288590604026846 0.45872641509433965 0.0697986577181208 0.0589622641509434
0 0.5731543624161074 0.527122641509434 0.053691275167785234 0.10613207547169812
0 0.5228187919463088 0.6509433962264151 0.05771812080536913 0.07075471698113207
1 0.540268456375839 0.1957547169811321 0.06308724832214765 0.04716981132075472
1 0.46442953020134226 0.1544811320754717 0.032214765100671144 0.07783018867924528
1 0.8348993288590604 0.1403301886792453 0.040268456375838924 0.07311320754716981
1 0.887248322147651 0.4693396226415094 0.056375838926174496 0.05188679245283019
1 0.785234899328859 0.36674528301886794 0.053691275167785234 0.06367924528301887
1 0.6785234899328859 0.5294811320754716 0.04697986577181208 0.07783018867924528
1 0.6771812080536913 0.6308962264150944 0.04429530201342282 0.06839622641509434
1 0.3912751677852349 0.8101415094339622 0.04697986577181208 0.07311320754716981