0 0.11812080536912752 0.30778301886792453 0.05100671140939597 0.11084905660377359
0 0.374496644295302 0.7441037735849056 0.056375838926174496 0.08254716981132075
0 0.47651006711409394 0.7323113207547169 0.04832214765100671 0.08254716981132075
0 0.4993288590604027 0.6804245283018868 0.04832214765100671 0.09198113207547169
0 0.5033557046979866 0.267688679245283 0.04563758389261745 0.08254716981132075
0 0.6630872483221476 0.10377358490566038 0.03758389261744966 0.07547169811320754
0 0.6838926174496645 0.10141509433962265 0.052348993288590606 0.08018867924528301
0 0.6510067114093959 0.16745283018867924 0.05100671140939597 0.07547169811320754
0 0.8610738255033556 0.5424528301886793 0.05771812080536913 0.0660377358490566
1 0.25906040268456376 0.3938679245283019 0.04563758389261745 0.08490566037735849
1 0.20335570469798658 0.6356132075471698 0.038926174496644296 0.09198113207547169
1 0.4033557046979866 0.8714622641509434 0.04429530201342282 0.06367924528301887
1 0.6429530201342282 0.6273584905660378 0.03758389261744966 0.09433962264150944
1 0.6812080536912751 0.25235849056603776 0.04429530201342282 0.09433962264150944
1 0.5134228187919463 0.1615566037735849 0.038926174496644296 0.08726415094339622
1 0.8651006711409396 0.1391509433962264 0.04161073825503356 0.08962264150943396
1 0.8241610738255034 0.2275943396226415 0.040268456375838924 0.08254716981132075
1 0.8489932885906041 0.3278301886792453 0.06577181208053691 0.05660377358490566