0 0.14429530201342283 0.3608490566037736 0.06577181208053691 0.05188679245283019
0 0.20268456375838925 0.33372641509433965 0.03758389261744966 0.08726415094339622
0 0.24563758389261744 0.1733490566037736 0.05100671140939597 0.09669811320754718
0 0.6751677852348993 0.10377358490566038 0.040268456375838924 0.07547169811320754
0 0.6711409395973155 0.15919811320754718 0.04563758389261745 0.08726415094339622
0 0.5140939597315436 0.27240566037735847 0.05906040268456376 0.06839622641509434
0 0.49328859060402686 0.6686320754716981 0.05503355704697987 0.07311320754716981
0 0.8798657718120806 0.12617924528301888 0.05771812080536913 0.09669811320754718
1 0.2530201342281879 0.5613207547169812 0.04161073825503356 0.08018867924528301
1 0.3261744966442953 0.527122641509434 0.06711409395973154 0.06367924528301887
1 0.43087248322147653 0.2606132075471698 0.03758389261744966 0.10141509433962265
1 0.5120805369127517 0.17452830188679244 0.036241610738255034 0.09433962264150944
1 0.6885906040268457 0.24410377358490565 0.03758389261744966 0.09669811320754718
1 0.8194630872483222 0.1214622641509434 0.04161073825503356 0.07783018867924528
1 0.77248322147651 0.3242924528301887 0.05771812080536913 0.09669811320754718
1 0.8604026845637583 0.5153301886792453 0.056375838926174496 0.054245283018867926
1 0.6449664429530201 0.6238207547169812 0.036241610738255034 0.10141509433962265