0 0.1960542540073983 0.5413625304136253 0.05672009864364982 0.07542579075425791
0 0.25524044389642414 0.7761557177615572 0.0468557336621455 0.0827250608272506
0 0.3686806411837238 0.5036496350364964 0.06165228113440197 0.09245742092457421
0 0.4747225647348952 0.27007299270072993 0.06165228113440197 0.07785888077858881
0 0.5468557336621455 0.3686131386861314 0.04562268803945746 0.07542579075425791
0 0.5505548705302096 0.15450121654501217 0.040690505548705305 0.07542579075425791
0 0.7712700369913686 0.7944038929440389 0.05795314426633785 0.0851581508515815
0 0.688039457459926 0.2822384428223844 0.06165228113440197 0.0827250608272506
1 0.20406905055487054 0.829683698296837 0.06781750924784218 0.058394160583941604
1 0.41368680641183725 0.8077858880778589 0.04315659679408138 0.13138686131386862
1 0.4882860665844636 0.6180048661800487 0.07151664611590629 0.06326034063260341
1 0.3970406905055487 0.27858880778588807 0.059186189889025895 0.08029197080291971
1 0.6091245376078915 0.6885644768856448 0.0690505548705302 0.0681265206812652
1 0.6787916152897657 0.4051094890510949 0.06535141800246609 0.0851581508515815
1 0.6109741060419236 0.39902676399026765 0.0530209617755857 0.04866180048661801
1 0.6411837237977805 0.06082725060827251 0.0345252774352651 0.11678832116788321
1 0.8865598027127004 0.3771289537712895 0.03945745992601726 0.10218978102189781