0 0.6485819975339088 0.8917274939172749 0.059186189889025895 0.09002433090024331
0 0.4642416769420469 0.38929440389294406 0.05055487053020962 0.0681265206812652
0 0.407521578298397 0.38077858880778587 0.04315659679408138 0.06569343065693431
0 0.3884093711467324 0.5900243309002433 0.05672009864364982 0.08029197080291971
0 0.16276202219482122 0.44768856447688565 0.04932182490752158 0.0681265206812652
0 0.1658446362515413 0.5425790754257908 0.04808877928483354 0.07785888077858881
0 0.12577065351418001 0.6021897810218978 0.04932182490752158 0.06569343065693431
0 0.15844636251541308 0.6253041362530414 0.04562268803945746 0.08759124087591241
0 0.1621454993834772 0.7250608272506083 0.0530209617755857 0.0827250608272506
0 0.15228113440197288 0.948905109489051 0.04315659679408138 0.07785888077858881
1 0.376078914919852 0.5279805352798054 0.051787916152897656 0.0681265206812652
1 0.3002466091245376 0.4610705596107056 0.04808877928483354 0.0705596107055961
1 0.26078914919852036 0.45255474452554745 0.04315659679408138 0.0827250608272506
1 0.2712700369913687 0.5632603406326034 0.0468557336621455 0.0948905109489051
1 0.25092478421701603 0.6849148418491484 0.04808877928483354 0.0851581508515815
1 0.2872996300863132 0.7128953771289538 0.05425400739827373 0.11678832116788321
1 0.12453760789149199 0.8199513381995134 0.0468557336621455 0.07785888077858881
1 0.19852034525277434 0.8673965936739659 0.05425400739827373 0.0851581508515815
1 0.2644882860665845 0.948905109489051 0.05055487053020962 0.09732360097323602
1 0.5030826140567201 0.9245742092457421 0.0468557336621455 0.09245742092457421