0 0.24899328859060402 0.18396226415094338 0.04697986577181208 0.07547169811320754
0 0.6536912751677852 0.12028301886792453 0.04563758389261745 0.0660377358490566
0 0.7140939597315437 0.11084905660377359 0.04563758389261745 0.08018867924528301
0 0.7228187919463087 0.45872641509433965 0.05771812080536913 0.07783018867924528
0 0.8187919463087249 0.5200471698113207 0.05100671140939597 0.07783018867924528
0 0.7067114093959731 0.5389150943396226 0.05503355704697987 0.08726415094339622
0 0.5375838926174497 0.6650943396226415 0.05771812080536913 0.07547169811320754
0 0.48053691275167787 0.8042452830188679 0.04832214765100671 0.07547169811320754
1 0.46375838926174495 0.19693396226415094 0.04429530201342282 0.10141509433962265
1 0.4986577181208054 0.15330188679245282 0.04429530201342282 0.09433962264150944
1 0.8771812080536913 0.13089622641509435 0.04161073825503356 0.08726415094339622
1 0.9275167785234899 0.30542452830188677 0.040268456375838924 0.10141509433962265
1 0.8087248322147651 0.20872641509433962 0.038926174496644296 0.09198113207547169
1 0.8429530201342282 0.6356132075471698 0.040268456375838924 0.07783018867924528
1 0.3959731543624161 0.722877358490566 0.03758389261744966 0.06839622641509434
1 0.3651006711409396 0.8054245283018868 0.032214765100671144 0.06367924528301887