0 0.18993288590604027 0.6367924528301887 0.038926174496644296 0.08018867924528301
0 0.14966442953020134 0.2806603773584906 0.06577181208053691 0.0660377358490566
0 0.4738255033557047 0.13561320754716982 0.04563758389261745 0.09669811320754718
0 0.6812080536912751 0.10259433962264151 0.052348993288590606 0.06367924528301887
0 0.6651006711409396 0.17570754716981132 0.049664429530201344 0.06839622641509434
0 0.5577181208053691 0.46462264150943394 0.06308724832214765 0.08962264150943396
0 0.5758389261744966 0.5153301886792453 0.053691275167785234 0.10613207547169812
0 0.49463087248322146 0.652122641509434 0.06577181208053691 0.08254716981132075
0 0.8422818791946308 0.2665094339622642 0.05503355704697987 0.08490566037735849
1 0.11812080536912752 0.44575471698113206 0.06442953020134229 0.05188679245283019
1 0.24765100671140938 0.44575471698113206 0.04429530201342282 0.09905660377358491
1 0.29328859060402684 0.18160377358490565 0.04161073825503356 0.09433962264150944
1 0.5181208053691275 0.15330188679245282 0.042953020134228186 0.09905660377358491
1 0.8194630872483222 0.12735849056603774 0.04161073825503356 0.09905660377358491
1 0.8536912751677852 0.5106132075471698 0.06174496644295302 0.07311320754716981
1 0.697986577181208 0.5648584905660378 0.042953020134228186 0.12028301886792453
1 0.6422818791946309 0.6426886792452831 0.038926174496644296 0.08254716981132075