0 0.6344019728729963 0.8965936739659367 0.0530209617755857 0.08029197080291971
0 0.39519112207151663 0.5851581508515815 0.04315659679408138 0.06569343065693431
0 0.46054254007398276 0.38564476885644766 0.04315659679408138 0.07542579075425791
0 0.406905055487053 0.40145985401459855 0.03945745992601726 0.0681265206812652
0 0.16646115906288533 0.45742092457420924 0.04192355117139334 0.06326034063260341
0 0.1658446362515413 0.5316301703163017 0.040690505548705305 0.0705596107055961
0 0.12330456226880394 0.5924574209245742 0.04192355117139334 0.0705596107055961
0 0.15659679408138102 0.6082725060827251 0.04438964241676942 0.0827250608272506
0 0.16091245376078914 0.7092457420924574 0.04808877928483354 0.09002433090024331
0 0.15104808877928483 0.9525547445255474 0.040690505548705305 0.0705596107055961
1 0.12762022194821207 0.8175182481751825 0.04808877928483354 0.0681265206812652
1 0.2034525277435265 0.8710462287104623 0.04192355117139334 0.07785888077858881
1 0.2675709001233046 0.9501216545012166 0.036991368680641186 0.07542579075425791
1 0.2792848335388409 0.7287104622871047 0.04808877928483354 0.08029197080291971
1 0.25709001233045625 0.6751824817518248 0.04562268803945746 0.09975669099756691
1 0.27065351418002465 0.559610705596107 0.04808877928483354 0.09245742092457421
1 0.25709001233045625 0.45498783454987834 0.040690505548705305 0.0827250608272506
1 0.3008631319358816 0.4464720194647202 0.04438964241676942 0.0851581508515815
1 0.36744759556103573 0.5231143552311436 0.032059186189889025 0.0827250608272506
1 0.5030826140567201 0.9148418491484185 0.04438964241676942 0.1070559610705596