0 0.363758389261745 0.14268867924528303 0.04563758389261745 0.08254716981132075
0 0.6697986577181209 0.16273584905660377 0.04832214765100671 0.09433962264150944
0 0.4993288590604027 0.5 0.0697986577181208 0.08490566037735849
0 0.32416107382550335 0.7346698113207547 0.04697986577181208 0.08726415094339622
0 0.6214765100671141 0.5931603773584906 0.053691275167785234 0.10141509433962265
0 0.725503355704698 0.3018867924528302 0.05771812080536913 0.07547169811320754
0 0.7677852348993288 0.5424528301886793 0.06174496644295302 0.0660377358490566
0 0.8832214765100671 0.3490566037735849 0.042953020134228186 0.07075471698113207
1 0.20671140939597316 0.31014150943396224 0.0697986577181208 0.0589622641509434
1 0.3275167785234899 0.357311320754717 0.0697986577181208 0.07311320754716981
1 0.4389261744966443 0.8525943396226415 0.03758389261744966 0.07311320754716981
1 0.2348993288590604 0.7735849056603774 0.06174496644295302 0.05660377358490566
1 0.7711409395973154 0.589622641509434 0.049664429530201344 0.07075471698113207
1 0.8704697986577181 0.4540094339622642 0.049664429530201344 0.10141509433962265
1 0.7228187919463087 0.5176886792452831 0.06040268456375839 0.0589622641509434
1 0.5 0.15212264150943397 0.036241610738255034 0.08726415094339622
1 0.925503355704698 0.10966981132075472 0.06577181208053691 0.0589622641509434