0 0.5413070283600493 0.1386861313868613 0.027127003699136867 0.0827250608272506
0 0.7281134401972873 0.3613138686131387 0.04315659679408138 0.08029197080291971
0 0.8014796547472256 0.5158150851581509 0.04192355117139334 0.08759124087591241
0 0.5326757090012331 0.7347931873479319 0.05425400739827373 0.12652068126520682
0 0.46670776818742293 0.5559610705596107 0.0530209617755857 0.1192214111922141
0 0.46732429099876693 0.44768856447688565 0.059186189889025895 0.0827250608272506
0 0.20838471023427868 0.4245742092457421 0.05425400739827373 0.0948905109489051
0 0.3797780517879161 0.3102189781021898 0.05425400739827373 0.0948905109489051
0 0.19543773119605426 0.5498783454987834 0.06288532675709001 0.0827250608272506
1 0.21146732429099876 0.8211678832116789 0.06535141800246609 0.08029197080291971
1 0.4217016029593095 0.818734793187348 0.0690505548705302 0.06569343065693431
1 0.7262638717632552 0.7822384428223844 0.051787916152897656 0.09975669099756691
1 0.8261405672009864 0.33941605839416056 0.07151664611590629 0.07542579075425791
1 0.6048088779284834 0.49635036496350365 0.04562268803945746 0.09245742092457421
1 0.5246609124537608 0.2761557177615572 0.04808877928483354 0.11435523114355231
1 0.3631319358816276 0.4148418491484185 0.04315659679408138 0.11435523114355231
1 0.22996300863131935 0.3357664233576642 0.040690505548705305 0.0827250608272506
1 0.6683107274969173 0.11678832116788321 0.0345252774352651 0.08759124087591241