0 0.4599260172626387 0.28832116788321166 0.05425400739827373 0.09002433090024331
0 0.5758323057953144 0.3795620437956204 0.04438964241676942 0.0681265206812652
0 0.62577065351418 0.48175182481751827 0.0530209617755857 0.0827250608272506
0 0.4093711467324291 0.4562043795620438 0.051787916152897656 0.06569343065693431
0 0.37299630086313196 0.37834549878345497 0.04808877928483354 0.08029197080291971
0 0.26942046855733665 0.7481751824817519 0.05055487053020962 0.09002433090024331
0 0.18557336621454995 0.6934306569343066 0.040690505548705305 0.08759124087591241
0 0.3686806411837238 0.8309002433090025 0.05672009864364982 0.10948905109489052
0 0.4198520345252774 0.7493917274939172 0.055487053020961775 0.07785888077858881
0 0.5678175092478421 0.4257907542579075 0.04808877928483354 0.08759124087591241
1 0.29901356350184954 0.45255474452554745 0.06288532675709001 0.09732360097323602
1 0.3242909987669544 0.7019464720194647 0.04932182490752158 0.0705596107055961
1 0.32305795314426633 0.8260340632603407 0.05425400739827373 0.10948905109489052
1 0.5782983970406905 0.8077858880778589 0.05425400739827373 0.1070559610705596
1 0.5758323057953144 0.6630170316301703 0.06411837237977805 0.12895377128953772
1 0.46609124537607893 0.5705596107055961 0.059186189889025895 0.12895377128953772
1 0.37792848335388407 0.7262773722627737 0.04808877928483354 0.0948905109489051
1 0.29469790382244143 0.25669099756691 0.06411837237977805 0.10462287104622871
1 0.5480887792848336 0.14720194647201945 0.04562268803945746 0.08029197080291971
1 0.42355117139334153 0.36009732360097324 0.05055487053020962 0.1070559610705596