0 0.43341553637484587 0.5754257907542579 0.055487053020961775 0.08029197080291971
0 0.467940813810111 0.6776155717761557 0.06041923551171394 0.10462287104622871
0 0.4630086313193588 0.3686131386861314 0.05795314426633785 0.0851581508515815
0 0.15474722564734894 0.559610705596107 0.04808877928483354 0.09245742092457421
0 0.21454993834771888 0.6301703163017032 0.04932182490752158 0.09732360097323602
0 0.13563501849568435 0.6386861313868614 0.04192355117139334 0.07542579075425791
0 0.24290998766954378 0.8673965936739659 0.06411837237977805 0.0948905109489051
0 0.36683107274969173 0.9501216545012166 0.055487053020961775 0.0851581508515815
0 0.41430332922318125 0.9476885644768857 0.059186189889025895 0.09975669099756691
1 0.5369913686806412 0.21654501216545013 0.04562268803945746 0.072992700729927
1 0.6245376078914919 0.5498783454987834 0.04808877928483354 0.09732360097323602
1 0.27805178791615287 0.39902676399026765 0.05795314426633785 0.1070559610705596
1 0.35018495684340323 0.6277372262773723 0.04438964241676942 0.0827250608272506
1 0.27435265104808876 0.524330900243309 0.05055487053020962 0.0851581508515815
1 0.1374845869297164 0.7883211678832117 0.05795314426633785 0.0681265206812652
1 0.10480887792848335 0.916058394160584 0.051787916152897656 0.06569343065693431
1 0.2441430332922318 0.9379562043795621 0.051787916152897656 0.0948905109489051
1 0.5585696670776819 0.9172749391727494 0.04932182490752158 0.09245742092457421