0 0.15166461159062886 0.5060827250608273 0.04438964241676942 0.07785888077858881
0 0.3273736128236745 0.41605839416058393 0.04562268803945746 0.072992700729927
0 0.7527743526510481 0.6800486618004866 0.055487053020961775 0.08029197080291971
0 0.4408138101109741 0.8698296836982968 0.04808877928483354 0.09002433090024331
0 0.27805178791615287 0.9391727493917275 0.05795314426633785 0.08759124087591241
0 0.17879161528976573 0.7287104622871047 0.05672009864364982 0.0851581508515815
0 0.22564734895191121 0.6277372262773723 0.05425400739827373 0.0827250608272506
0 0.1344019728729963 0.9294403892944039 0.0468557336621455 0.08759124087591241
1 0.26140567200986436 0.45255474452554745 0.05425400739827373 0.0827250608272506
1 0.4475955610357583 0.40389294403892945 0.04932182490752158 0.09245742092457421
1 0.5388409371146733 0.2773722627737226 0.0468557336621455 0.0827250608272506
1 0.7392108508014796 0.43795620437956206 0.055487053020961775 0.08759124087591241
1 0.281134401972873 0.829683698296837 0.051787916152897656 0.07785888077858881
1 0.4358816276202219 0.9525547445255474 0.0530209617755857 0.07542579075425791
1 0.20776818742293465 0.948905109489051 0.05055487053020962 0.08759124087591241
1 0.18927250308261406 0.8990267639902676 0.06041923551171394 0.06569343065693431
1 0.14180024660912455 0.6897810218978102 0.051787916152897656 0.08029197080291971