0 0.20530209617755857 0.43309002433090027 0.05795314426633785 0.08759124087591241
0 0.19852034525277434 0.3746958637469586 0.04932182490752158 0.072992700729927
0 0.24290998766954378 0.402676399026764 0.04438964241676942 0.09002433090024331
0 0.3249075215782984 0.4793187347931874 0.040690505548705305 0.07785888077858881
0 0.3655980271270037 0.46228710462287104 0.055487053020961775 0.09732360097323602
0 0.3785450061652281 0.8394160583941606 0.06411837237977805 0.0827250608272506
0 0.4475955610357583 0.5997566909975669 0.0690505548705302 0.05596107055961071
0 0.7959309494451294 0.7968369829683698 0.06781750924784218 0.0948905109489051
1 0.34525277435265106 0.29075425790754256 0.0345252774352651 0.0705596107055961
1 0.41430332922318125 0.3710462287104623 0.04192355117139334 0.10948905109489052
1 0.5271270036991369 0.3126520681265207 0.04315659679408138 0.10948905109489052
1 0.6633785450061652 0.12165450121654502 0.0468557336621455 0.0827250608272506
1 0.8853267570900123 0.5559610705596107 0.07398273736128237 0.0705596107055961
1 0.2096177558569667 0.818734793187348 0.0468557336621455 0.09002433090024331
1 0.19112207151664612 0.6824817518248175 0.06165228113440197 0.06082725060827251
1 0.25770653514180025 0.7360097323600974 0.06165228113440197 0.06569343065693431
1 0.37731196054254007 0.7931873479318735 0.07398273736128237 0.07785888077858881