0 0.27311960542540076 0.3223844282238443 0.03822441430332922 0.10948905109489052
0 0.29531442663378543 0.3223844282238443 0.040690505548705305 0.13381995133819952
0 0.19297163995067818 0.5961070559610706 0.05795314426633785 0.08759124087591241
0 0.7342786683107275 0.8260340632603407 0.03822441430332922 0.10948905109489052
0 0.7922318125770653 0.8211678832116789 0.06781750924784218 0.10948905109489052
0 0.7244143033292232 0.27007299270072993 0.07028360049321825 0.10218978102189781
0 0.6196054254007398 0.32968369829683697 0.05795314426633785 0.0705596107055961
0 0.5819975339087546 0.39902676399026765 0.059186189889025895 0.10218978102189781
0 0.5887792848335388 0.10340632603406326 0.05055487053020962 0.08029197080291971
1 0.15104808877928483 0.4854014598540146 0.0752157829839704 0.08029197080291971
1 0.2916152897657213 0.8309002433090025 0.05795314426633785 0.0851581508515815
1 0.5530209617755857 0.8041362530413625 0.0530209617755857 0.12408759124087591
1 0.594944512946979 0.51338199513382 0.04808877928483354 0.1070559610705596
1 0.4562268803945746 0.3004866180048662 0.04192355117139334 0.12408759124087591
1 0.5659679408138101 0.12287104622871046 0.051787916152897656 0.0705596107055961
1 0.7348951911220715 0.12408759124087591 0.0345252774352651 0.11192214111922141
1 0.8526510480887793 0.49391727493917276 0.08261405672009864 0.09245742092457421
1 0.436498150431566 0.3004866180048662 0.036991368680641186 0.1192214111922141