0 0.6604026845637584 0.09905660377358491 0.04563758389261745 0.07547169811320754
0 0.6919463087248322 0.10731132075471699 0.049664429530201344 0.08254716981132075
0 0.6536912751677852 0.1733490566037736 0.05100671140939597 0.07311320754716981
0 0.5026845637583892 0.2511792452830189 0.05503355704697987 0.0589622641509434
0 0.4899328859060403 0.6497641509433962 0.053691275167785234 0.09669811320754718
0 0.47583892617449663 0.722877358490566 0.049664429530201344 0.07311320754716981
0 0.8543624161073825 0.6108490566037735 0.04429530201342282 0.08490566037735849
0 0.859731543624161 0.5011792452830188 0.04697986577181208 0.07311320754716981
1 0.38859060402684564 0.8066037735849056 0.03355704697986577 0.07075471698113207
1 0.5838926174496645 0.4268867924528302 0.056375838926174496 0.08018867924528301
1 0.640268456375839 0.6320754716981132 0.042953020134228186 0.07547169811320754
1 0.7093959731543624 0.6143867924528302 0.036241610738255034 0.08254716981132075
1 0.6791946308724832 0.25471698113207547 0.04832214765100671 0.10377358490566038
1 0.87248322147651 0.24528301886792453 0.06711409395973154 0.07075471698113207
1 0.8604026845637583 0.13797169811320756 0.05100671140939597 0.10613207547169812
1 0.812751677852349 0.23231132075471697 0.049664429530201344 0.10613207547169812
1 0.5073825503355704 0.16037735849056603 0.040268456375838924 0.08018867924528301