0 0.5013422818791946 0.25825471698113206 0.04697986577181208 0.07311320754716981
0 0.6550335570469799 0.09787735849056604 0.03758389261744966 0.06839622641509434
0 0.6919463087248322 0.10495283018867925 0.04429530201342282 0.07783018867924528
0 0.6583892617449665 0.1733490566037736 0.049664429530201344 0.06367924528301887
0 0.7302013422818792 0.29245283018867924 0.04832214765100671 0.0660377358490566
0 0.5979865771812081 0.48702830188679247 0.04697986577181208 0.07783018867924528
0 0.6154362416107383 0.5283018867924528 0.04697986577181208 0.07547169811320754
0 0.5026845637583892 0.6757075471698113 0.04697986577181208 0.054245283018867926
0 0.4818791946308725 0.8360849056603774 0.042953020134228186 0.06367924528301887
1 0.36308724832214767 0.8030660377358491 0.03355704697986577 0.06839622641509434
1 0.4436241610738255 0.6886792452830188 0.05771812080536913 0.0660377358490566
1 0.425503355704698 0.3643867924528302 0.06442953020134229 0.06839622641509434
1 0.6798657718120805 0.2535377358490566 0.04161073825503356 0.09669811320754718
1 0.5080536912751678 0.1650943396226415 0.03355704697986577 0.08018867924528301
1 0.8657718120805369 0.1320754716981132 0.040268456375838924 0.08018867924528301
1 0.8248322147651007 0.21226415094339623 0.036241610738255034 0.08490566037735849
1 0.876510067114094 0.2983490566037736 0.03758389261744966 0.08726415094339622