0 0.6221476510067114 0.1804245283018868 0.049664429530201344 0.08254716981132075
0 0.697986577181208 0.1179245283018868 0.03758389261744966 0.06132075471698113
0 0.6422818791946309 0.23938679245283018 0.04697986577181208 0.07311320754716981
0 0.6422818791946309 0.3856132075471698 0.049664429530201344 0.07783018867924528
0 0.5664429530201343 0.5235849056603774 0.05100671140939597 0.09905660377358491
0 0.5483221476510067 0.6391509433962265 0.04429530201342282 0.07547169811320754
1 0.36308724832214767 0.8643867924528302 0.025503355704697986 0.06839622641509434
1 0.40671140939597317 0.7889150943396226 0.032214765100671144 0.054245283018867926
1 0.6906040268456376 0.6273584905660378 0.038926174496644296 0.07547169811320754
1 0.7295302013422819 0.5412735849056604 0.03087248322147651 0.08726415094339622
1 0.7395973154362416 0.46226415094339623 0.040268456375838924 0.0660377358490566
1 0.8114093959731543 0.29127358490566035 0.036241610738255034 0.08726415094339622
1 0.8308724832214766 0.20047169811320756 0.032214765100671144 0.08490566037735849
1 0.8771812080536913 0.1391509433962264 0.036241610738255034 0.07075471698113207
1 0.45234899328859063 0.14504716981132076 0.0348993288590604 0.08726415094339622