0 0.29463087248322145 0.4209905660377358 0.07651006711409396 0.08726415094339622
0 0.6308724832214765 0.16981132075471697 0.04832214765100671 0.09905660377358491
0 0.7006711409395974 0.11674528301886793 0.040268456375838924 0.07783018867924528
0 0.6416107382550336 0.2346698113207547 0.040268456375838924 0.06839622641509434
0 0.6268456375838927 0.3290094339622642 0.05100671140939597 0.09669811320754718
0 0.8590604026845637 0.3125 0.04832214765100671 0.07311320754716981
0 0.5597315436241611 0.5412735849056604 0.05100671140939597 0.08254716981132075
0 0.5469798657718121 0.6426886792452831 0.04429530201342282 0.07783018867924528
1 0.448993288590604 0.2099056603773585 0.03355704697986577 0.08962264150943396
1 0.47248322147651006 0.15330188679245282 0.042953020134228186 0.10377358490566038
1 0.8838926174496644 0.13089622641509435 0.03087248322147651 0.08726415094339622
1 0.8275167785234899 0.20754716981132076 0.03355704697986577 0.08490566037735849
1 0.8093959731543624 0.29952830188679247 0.042953020134228186 0.08962264150943396
1 0.7449664429530202 0.4669811320754717 0.04832214765100671 0.06132075471698113
1 0.7167785234899329 0.5412735849056604 0.040268456375838924 0.07311320754716981
1 0.6932885906040268 0.6320754716981132 0.03355704697986577 0.06132075471698113