0 0.6448828606658447 0.19708029197080293 0.04192355117139334 0.0681265206812652
0 0.3242909987669544 0.38077858880778587 0.051787916152897656 0.0851581508515815
0 0.23551171393341552 0.3746958637469586 0.059186189889025895 0.07785888077858881
0 0.20468557336621454 0.3746958637469586 0.04438964241676942 0.09245742092457421
0 0.18618988902589395 0.4343065693430657 0.05672009864364982 0.0851581508515815
0 0.23921085080147966 0.49148418491484186 0.06658446362515413 0.0827250608272506
0 0.3563501849568434 0.5486618004866181 0.06411837237977805 0.1192214111922141
0 0.3520345252774353 0.7992700729927007 0.04562268803945746 0.11435523114355231
1 0.469173859432799 0.30656934306569344 0.0530209617755857 0.10218978102189781
1 0.717016029593095 0.13017031630170317 0.03329223181257707 0.09002433090024331
1 0.5530209617755857 0.41605839416058393 0.055487053020961775 0.0681265206812652
1 0.3557336621454994 0.28832116788321166 0.04315659679408138 0.06569343065693431
1 0.1436498150431566 0.7360097323600974 0.07768187422934648 0.046228710462287104
1 0.20900123304562268 0.8284671532846716 0.04562268803945746 0.0705596107055961
1 0.4247842170160296 0.8442822384428224 0.07274969173859433 0.04866180048661801
1 0.24229346485819975 0.745742092457421 0.08014796547472257 0.05596107055961071
1 0.3958076448828607 0.49635036496350365 0.04192355117139334 0.11192214111922141