0 0.14563758389261744 0.28891509433962265 0.07114093959731543 0.0589622641509434
0 0.2087248322147651 0.6462264150943396 0.049664429530201344 0.09905660377358491
0 0.425503355704698 0.8160377358490566 0.040268456375838924 0.07547169811320754
0 0.43087248322147653 0.7783018867924528 0.056375838926174496 0.08018867924528301
0 0.5677852348993289 0.39858490566037735 0.03758389261744966 0.10377358490566038
0 0.6093959731543624 0.45990566037735847 0.042953020134228186 0.09905660377358491
0 0.6201342281879194 0.5837264150943396 0.04563758389261745 0.09669811320754718
0 0.8771812080536913 0.3714622641509434 0.049664429530201344 0.07311320754716981
0 0.859731543624161 0.5601415094339622 0.052348993288590606 0.08254716981132075
1 0.21543624161073827 0.5058962264150944 0.038926174496644296 0.10613207547169812
1 0.11073825503355705 0.49174528301886794 0.04429530201342282 0.049528301886792456
1 0.5107382550335571 0.12617924528301888 0.05771812080536913 0.0589622641509434
1 0.5201342281879194 0.5766509433962265 0.05771812080536913 0.0589622641509434
1 0.28993288590604027 0.7665094339622641 0.03758389261744966 0.05660377358490566
1 0.7664429530201342 0.5966981132075472 0.04563758389261745 0.08018867924528301
1 0.776510067114094 0.4257075471698113 0.06577181208053691 0.07311320754716981
1 0.7610738255033557 0.2959905660377358 0.042953020134228186 0.08254716981132075
1 0.8577181208053691 0.11556603773584906 0.06174496644295302 0.05188679245283019