0 0.4531442663378545 0.3491484184914842 0.04808877928483354 0.10462287104622871
0 0.5456226880394575 0.1630170316301703 0.03329223181257707 0.10218978102189781
0 0.749691738594328 0.8406326034063261 0.05672009864364982 0.1192214111922141
0 0.7762022194821209 0.7639902676399026 0.04315659679408138 0.11192214111922141
0 0.5715166461159062 0.805352798053528 0.05055487053020962 0.08759124087591241
0 0.3637484586929716 0.7262773722627737 0.05425400739827373 0.0948905109489051
0 0.3033292231812577 0.6265206812652068 0.04192355117139334 0.1192214111922141
0 0.188039457459926 0.6532846715328468 0.0530209617755857 0.09002433090024331
0 0.29839704069050554 0.49878345498783455 0.051787916152897656 0.13138686131386862
1 0.6713933415536375 0.13017031630170317 0.03822441430332922 0.08029197080291971
1 0.6319358816276203 0.5218978102189781 0.07274969173859433 0.09975669099756691
1 0.8847102342786684 0.7177615571776156 0.035758323057953144 0.1070559610705596
1 0.3723797780517879 0.8309002433090025 0.0468557336621455 0.09975669099756691
1 0.528976572133169 0.6715328467153284 0.04932182490752158 0.11678832116788321
1 0.47657213316892727 0.6009732360097324 0.040690505548705305 0.0827250608272506
1 0.4654747225647349 0.49148418491484186 0.04562268803945746 0.11192214111922141
1 0.29469790382244143 0.32725060827250607 0.03945745992601726 0.10948905109489052
1 0.2842170160295931 0.816301703163017 0.0530209617755857 0.10462287104622871