0 0.19328859060402684 0.20754716981132076 0.07785234899328859 0.07075471698113207
0 0.48389261744966444 0.17570754716981132 0.049664429530201344 0.11084905660377359
0 0.13087248322147652 0.3561320754716981 0.04429530201342282 0.10377358490566038
0 0.6778523489932886 0.10613207547169812 0.05100671140939597 0.08018867924528301
0 0.6590604026845638 0.18396226415094338 0.05100671140939597 0.07075471698113207
0 0.5845637583892618 0.4044811320754717 0.05503355704697987 0.11084905660377359
0 0.4899328859060403 0.6450471698113207 0.053691275167785234 0.08726415094339622
0 0.8496644295302014 0.5955188679245284 0.04832214765100671 0.07783018867924528
0 0.8 0.3231132075471698 0.06442953020134229 0.10849056603773585
1 0.2557046979865772 0.4693396226415094 0.05503355704697987 0.08018867924528301
1 0.3080536912751678 0.4091981132075472 0.04161073825503356 0.10613207547169812
1 0.2973154362416107 0.18396226415094338 0.038926174496644296 0.09433962264150944
1 0.5234899328859061 0.1650943396226415 0.04563758389261745 0.12264150943396226
1 0.8208053691275168 0.1320754716981132 0.04429530201342282 0.11320754716981132
1 0.6718120805369128 0.2346698113207547 0.0738255033557047 0.08254716981132075
1 0.851006711409396 0.5176886792452831 0.0697986577181208 0.06839622641509434
1 0.7093959731543624 0.6025943396226415 0.036241610738255034 0.09669811320754718
1 0.6442953020134228 0.6285377358490566 0.040268456375838924 0.10613207547169812