0 0.21886559802712702 0.46228710462287104 0.05055487053020962 0.072992700729927
0 0.19728729963008632 0.5656934306569343 0.05672009864364982 0.07542579075425791
0 0.3471023427866831 0.4635036496350365 0.05055487053020962 0.0705596107055961
0 0.33353884093711467 0.36496350364963503 0.05795314426633785 0.08759124087591241
0 0.5955610357583231 0.42700729927007297 0.05672009864364982 0.09975669099756691
0 0.7755856966707768 0.7506082725060828 0.0690505548705302 0.1192214111922141
0 0.7836004932182491 0.19951338199513383 0.055487053020961775 0.07785888077858881
0 0.43341553637484587 0.7749391727493917 0.06041923551171394 0.0948905109489051
0 0.5727496917385944 0.35036496350364965 0.05795314426633785 0.0535279805352798
0 0.5474722564734895 0.072992700729927 0.032059186189889025 0.07785888077858881
1 0.29778051787916154 0.8272506082725061 0.05795314426633785 0.09245742092457421
1 0.3353884093711467 0.6435523114355232 0.06165228113440197 0.0851581508515815
1 0.39519112207151663 0.7311435523114356 0.07028360049321825 0.0705596107055961
1 0.5733662145499383 0.6155717761557178 0.0690505548705302 0.11192214111922141
1 0.5770653514180024 0.8090024330900243 0.051787916152897656 0.0948905109489051
1 0.8606658446362515 0.45255474452554745 0.07644882860665844 0.0681265206812652
1 0.4568434032059186 0.2773722627737226 0.06041923551171394 0.072992700729927
1 0.561652281134402 0.16058394160583941 0.06041923551171394 0.058394160583941604
1 0.659062885326757 0.07177615571776155 0.05055487053020962 0.10462287104622871
1 0.4759556103575832 0.5498783454987834 0.07398273736128237 0.0681265206812652