0 0.689261744966443 0.25943396226415094 0.04697986577181208 0.09905660377358491
0 0.7093959731543624 0.16981132075471697 0.04429530201342282 0.08018867924528301
0 0.8758389261744967 0.39976415094339623 0.052348993288590606 0.07783018867924528
0 0.8557046979865772 0.5023584905660378 0.04697986577181208 0.08018867924528301
0 0.825503355704698 0.5919811320754716 0.053691275167785234 0.10377358490566038
0 0.623489932885906 0.5660377358490566 0.052348993288590606 0.08962264150943396
0 0.4463087248322148 0.7040094339622641 0.05771812080536913 0.07783018867924528
0 0.4798657718120805 0.7900943396226415 0.04429530201342282 0.08962264150943396
0 0.2214765100671141 0.6816037735849056 0.05100671140939597 0.07547169811320754
1 0.540268456375839 0.12853773584905662 0.036241610738255034 0.07783018867924528
1 0.8134228187919463 0.36792452830188677 0.053691275167785234 0.06132075471698113
1 0.8436241610738255 0.1544811320754717 0.06308724832214765 0.0589622641509434
1 0.7456375838926175 0.41509433962264153 0.05503355704697987 0.0660377358490566
1 0.7006711409395974 0.5165094339622641 0.03758389261744966 0.08490566037735849
1 0.763758389261745 0.6191037735849056 0.040268456375838924 0.06839622641509434
1 0.5859060402684564 0.625 0.04429530201342282 0.08018867924528301
1 0.35838926174496644 0.7948113207547169 0.040268456375838924 0.0660377358490566
1 0.31543624161073824 0.8431603773584906 0.040268456375838924 0.06839622641509434