0 0.18456375838926176 0.45872641509433965 0.05771812080536913 0.06839622641509434
0 0.2791946308724832 0.47287735849056606 0.06442953020134229 0.04481132075471698
0 0.5281879194630873 0.46226415094339623 0.07114093959731543 0.0660377358490566
0 0.4449664429530201 0.18514150943396226 0.04161073825503356 0.07783018867924528
0 0.7704697986577181 0.5094339622641509 0.06711409395973154 0.07547169811320754
0 0.8516778523489933 0.5908018867924528 0.052348993288590606 0.06367924528301887
0 0.8469798657718121 0.6533018867924528 0.06711409395973154 0.09905660377358491
0 0.9020134228187919 0.392688679245283 0.053691275167785234 0.06367924528301887
1 0.12080536912751678 0.1957547169811321 0.0697986577181208 0.05188679245283019
1 0.20335570469798658 0.6827830188679245 0.05771812080536913 0.0589622641509434
1 0.31073825503355706 0.7464622641509434 0.05503355704697987 0.04481132075471698
1 0.5463087248322148 0.6768867924528302 0.05906040268456376 0.04245283018867924
1 0.636241610738255 0.14858490566037735 0.03758389261744966 0.09905660377358491
1 0.9154362416107382 0.1650943396226415 0.0697986577181208 0.05188679245283019
1 0.9107382550335571 0.4386792452830189 0.0738255033557047 0.06132075471698113
1 0.7657718120805369 0.3561320754716981 0.07651006711409396 0.07075471698113207