0 0.4174496644295302 0.8030660377358491 0.042953020134228186 0.06367924528301887
0 0.4268456375838926 0.7747641509433962 0.06174496644295302 0.09198113207547169
0 0.49798657718120803 0.49056603773584906 0.053691275167785234 0.11320754716981132
0 0.6174496644295302 0.5801886792452831 0.056375838926174496 0.07547169811320754
0 0.8677852348993289 0.4268867924528302 0.04697986577181208 0.06132075471698113
0 0.8583892617449664 0.3466981132075472 0.05771812080536913 0.07075471698113207
0 0.6422818791946309 0.33608490566037735 0.06040268456375839 0.07783018867924528
0 0.648993288590604 0.1721698113207547 0.049664429530201344 0.09433962264150944
1 0.30604026845637583 0.5530660377358491 0.0697986577181208 0.054245283018867926
1 0.287248322147651 0.7653301886792453 0.032214765100671144 0.0589622641509434
1 0.38993288590604025 0.7004716981132075 0.04697986577181208 0.04245283018867924
1 0.5295302013422819 0.6025943396226415 0.049664429530201344 0.08254716981132075
1 0.7651006711409396 0.6049528301886793 0.042953020134228186 0.08254716981132075
1 0.7342281879194631 0.44575471698113206 0.03758389261744966 0.08490566037735849
1 0.7838926174496644 0.25235849056603776 0.03758389261744966 0.07547169811320754
1 0.851006711409396 0.1214622641509434 0.07248322147651007 0.054245283018867926
1 0.4671140939597315 0.13679245283018868 0.0348993288590604 0.0660377358490566