0 0.4174496644295302 0.33608490566037735 0.053691275167785234 0.06839622641509434
0 0.5476510067114094 0.15330188679245282 0.04832214765100671 0.06132075471698113
0 0.6993288590604027 0.10849056603773585 0.04832214765100671 0.07547169811320754
0 0.6026845637583893 0.37264150943396224 0.05906040268456376 0.07547169811320754
0 0.8771812080536913 0.3007075471698113 0.04161073825503356 0.08254716981132075
0 0.8684563758389262 0.4811320754716981 0.040268456375838924 0.08962264150943396
0 0.6167785234899329 0.6155660377358491 0.049664429530201344 0.08018867924528301
0 0.4664429530201342 0.7688679245283019 0.05771812080536913 0.05188679245283019
0 0.425503355704698 0.7948113207547169 0.042953020134228186 0.06132075471698113
1 0.28523489932885904 0.7629716981132075 0.038926174496644296 0.06839622641509434
1 0.5093959731543625 0.5837264150943396 0.06577181208053691 0.06367924528301887
1 0.4899328859060403 0.1391509433962264 0.040268456375838924 0.10377358490566038
1 0.7241610738255033 0.20754716981132076 0.036241610738255034 0.08018867924528301
1 0.8731543624161073 0.1332547169811321 0.025503355704697986 0.08254716981132075
1 0.7503355704697987 0.45047169811320753 0.040268456375838924 0.07547169811320754
1 0.7832214765100671 0.3242924528301887 0.04429530201342282 0.08726415094339622
1 0.7140939597315437 0.5224056603773585 0.03758389261744966 0.09669811320754718
1 0.7751677852348994 0.6096698113207547 0.038926174496644296 0.06839622641509434