0 0.1261744966442953 0.23231132075471697 0.056375838926174496 0.04481132075471698
0 0.19328859060402684 0.4516509433962264 0.05100671140939597 0.11556603773584906
0 0.3436241610738255 0.15683962264150944 0.04563758389261745 0.06367924528301887
0 0.4389261744966443 0.13679245283018868 0.03758389261744966 0.07547169811320754
0 0.46174496644295304 0.7865566037735849 0.04563758389261745 0.08726415094339622
0 0.702013422818792 0.6804245283018868 0.04563758389261745 0.07311320754716981
0 0.7342281879194631 0.6308962264150944 0.07248322147651007 0.09198113207547169
0 0.863758389261745 0.3431603773584906 0.05771812080536913 0.06839622641509434
1 0.14496644295302014 0.5106132075471698 0.06442953020134229 0.054245283018867926
1 0.31073825503355706 0.22169811320754718 0.036241610738255034 0.09905660377358491
1 0.3718120805369127 0.330188679245283 0.042953020134228186 0.09905660377358491
1 0.5020134228187919 0.267688679245283 0.04832214765100671 0.11084905660377359
1 0.6281879194630873 0.15330188679245282 0.03758389261744966 0.10849056603773585
1 0.8583892617449664 0.12382075471698113 0.07114093959731543 0.07311320754716981
1 0.8751677852348994 0.6155660377358491 0.04563758389261745 0.08018867924528301
1 0.5429530201342282 0.6556603773584906 0.036241610738255034 0.07547169811320754
1 0.3187919463087248 0.8419811320754716 0.038926174496644296 0.0660377358490566