0 0.8501849568434032 0.8491484184914841 0.05055487053020962 0.09732360097323602
0 0.6331689272503083 0.8856447688564477 0.04808877928483354 0.09245742092457421
0 0.12885326757090013 0.9367396593673966 0.03822441430332922 0.072992700729927
0 0.12638717632552404 0.6094890510948905 0.03329223181257707 0.0851581508515815
0 0.16522811344019728 0.6970802919708029 0.05425400739827373 0.06082725060827251
0 0.16769420468557336 0.5985401459854015 0.04932182490752158 0.09732360097323602
0 0.20776818742293465 0.5437956204379562 0.03329223181257707 0.08029197080291971
0 0.1498150431565968 0.4927007299270073 0.040690505548705305 0.0705596107055961
0 0.3921085080147966 0.4124087591240876 0.0690505548705302 0.0948905109489051
1 0.24722564734895192 0.6934306569343066 0.05055487053020962 0.0827250608272506
1 0.3076448828606658 0.6386861313868614 0.055487053020961775 0.0851581508515815
1 0.28606658446362515 0.44525547445255476 0.04192355117139334 0.072992700729927
1 0.8144266337854501 0.5924574209245742 0.06535141800246609 0.12895377128953772
1 0.5018495684340321 0.9294403892944039 0.04932182490752158 0.08759124087591241
1 0.21023427866831074 0.9635036496350365 0.04562268803945746 0.06326034063260341
1 0.18495684340320592 0.8686131386861314 0.059186189889025895 0.0681265206812652
1 0.1220715166461159 0.7883211678832117 0.04438964241676942 0.0827250608272506
1 0.2435265104808878 0.45255474452554745 0.04315659679408138 0.08759124087591241