0 0.24899328859060402 0.6544811320754716 0.052348993288590606 0.06367924528301887
0 0.39798657718120806 0.8172169811320755 0.04697986577181208 0.06367924528301887
0 0.6073825503355704 0.6214622641509434 0.052348993288590606 0.08254716981132075
0 0.8604026845637583 0.5365566037735849 0.040268456375838924 0.07311320754716981
0 0.874496644295302 0.2205188679245283 0.049664429530201344 0.054245283018867926
0 0.7154362416107383 0.10849056603773585 0.04832214765100671 0.07547169811320754
0 0.7395973154362416 0.1875 0.06174496644295302 0.06839622641509434
0 0.6697986577181209 0.10613207547169812 0.042953020134228186 0.08018867924528301
1 0.15033557046979865 0.4410377358490566 0.06711409395973154 0.05188679245283019
1 0.17785234899328858 0.7158018867924528 0.05771812080536913 0.04009433962264151
1 0.27248322147651005 0.7417452830188679 0.040268456375838924 0.06367924528301887
1 0.7758389261744967 0.6155660377358491 0.0348993288590604 0.0660377358490566
1 0.7093959731543624 0.5200471698113207 0.028187919463087248 0.08726415094339622
1 0.7583892617449665 0.43278301886792453 0.056375838926174496 0.0589622641509434
1 0.8530201342281879 0.44575471698113206 0.06040268456375839 0.07075471698113207
1 0.49395973154362416 0.1509433962264151 0.03758389261744966 0.07075471698113207
1 0.8731543624161073 0.1544811320754717 0.04161073825503356 0.09198113207547169