0 0.45869297163995065 0.48418491484184917 0.06165228113440197 0.06326034063260341
0 0.44143033292231815 0.537712895377129 0.059186189889025895 0.0681265206812652
0 0.20838471023427868 0.43795620437956206 0.051787916152897656 0.07785888077858881
0 0.20098643649815043 0.5583941605839416 0.05672009864364982 0.06569343065693431
0 0.3791615289765721 0.30656934306569344 0.05795314426633785 0.0827250608272506
0 0.7583230579531443 0.41605839416058393 0.05672009864364982 0.07785888077858881
0 0.782367447595561 0.7591240875912408 0.04315659679408138 0.07785888077858881
0 0.532059186189889 0.8138686131386861 0.055487053020961775 0.12408759124087591
0 0.5474722564734895 0.12895377128953772 0.032059186189889025 0.0827250608272506
1 0.2157829839704069 0.829683698296837 0.05672009864364982 0.06326034063260341
1 0.42293464858199753 0.8223844282238443 0.07644882860665844 0.0681265206812652
1 0.7213316892725031 0.7773722627737226 0.05425400739827373 0.10948905109489052
1 0.8372379778051788 0.4854014598540146 0.06165228113440197 0.10948905109489052
1 0.6152897657213316 0.49148418491484186 0.051787916152897656 0.09245742092457421
1 0.5135635018495684 0.2712895377128954 0.05055487053020962 0.08029197080291971
1 0.23366214549938347 0.32968369829683697 0.04315659679408138 0.0948905109489051
1 0.3520345252774353 0.4172749391727494 0.05055487053020962 0.11435523114355231
1 0.6658446362515413 0.12287104622871046 0.036991368680641186 0.0851581508515815