0 0.23154362416107382 0.1792452830188679 0.06040268456375839 0.10849056603773585
0 0.6436241610738255 0.10966981132075472 0.06308724832214765 0.07311320754716981
0 0.6697986577181209 0.11202830188679246 0.056375838926174496 0.08254716981132075
0 0.8208053691275168 0.26297169811320753 0.06577181208053691 0.08726415094339622
0 0.5248322147651007 0.44575471698113206 0.06711409395973154 0.08018867924528301
0 0.574496644295302 0.5294811320754716 0.053691275167785234 0.10141509433962265
0 0.5208053691275167 0.6415094339622641 0.056375838926174496 0.06132075471698113
0 0.8395973154362416 0.29952830188679247 0.05771812080536913 0.08962264150943396
1 0.37583892617449666 0.42806603773584906 0.0697986577181208 0.0589622641509434
1 0.4040268456375839 0.8042452830188679 0.0348993288590604 0.07075471698113207
1 0.676510067114094 0.6356132075471698 0.04832214765100671 0.0589622641509434
1 0.6758389261744966 0.5648584905660378 0.04429530201342282 0.07311320754716981
1 0.5483221476510067 0.2016509433962264 0.05771812080536913 0.06839622641509434
1 0.4691275167785235 0.15212264150943397 0.038926174496644296 0.07311320754716981
1 0.8335570469798658 0.14858490566037735 0.04563758389261745 0.08490566037735849
1 0.6355704697986577 0.20400943396226415 0.038926174496644296 0.07311320754716981
1 0.7946308724832215 0.5341981132075472 0.056375838926174496 0.06367924528301887