0 0.18372379778051787 0.6508515815085159 0.04438964241676942 0.06569343065693431
0 0.3064118372379778 0.5231143552311436 0.04808877928483354 0.09732360097323602
0 0.32675709001233044 0.6861313868613139 0.05425400739827373 0.08759124087591241
0 0.5573366214549939 0.816301703163017 0.05672009864364982 0.10462287104622871
0 0.4932182490752158 0.3880778588807786 0.059186189889025895 0.10948905109489052
0 0.6103575832305795 0.05596107055961071 0.05425400739827373 0.0535279805352798
0 0.7934648581997534 0.7895377128953771 0.05795314426633785 0.12408759124087591
0 0.7922318125770653 0.6265206812652068 0.04808877928483354 0.0851581508515815
1 0.47410604192355116 0.5656934306569343 0.040690505548705305 0.12408759124087591
1 0.48581997533908755 0.6909975669099757 0.0468557336621455 0.11678832116788321
1 0.28298397040690504 0.8175182481751825 0.05055487053020962 0.09732360097323602
1 0.37053020961775585 0.8211678832116789 0.04808877928483354 0.0948905109489051
1 0.5474722564734895 0.23357664233576642 0.04192355117139334 0.0827250608272506
1 0.8249075215782984 0.3746958637469586 0.06658446362515413 0.07785888077858881
1 0.8754623921085081 0.7068126520681265 0.036991368680641186 0.1192214111922141
1 0.6720098643649816 0.12895377128953772 0.04438964241676942 0.09245742092457421