0 0.13741007194244603 0.12005277044854881 0.06762589928057554 0.0870712401055409
0 0.5280575539568345 0.079155672823219 0.05467625899280575 0.10554089709762533
0 0.6136690647482015 0.21108179419525067 0.06762589928057554 0.10026385224274406
0 0.89568345323741 0.24934036939313983 0.0618705035971223 0.09234828496042216
0 0.7942446043165468 0.662269129287599 0.060431654676258995 0.08443271767810026
0 0.6187050359712231 0.637203166226913 0.051798561151079135 0.10290237467018469
0 0.29784172661870506 0.7783641160949868 0.060431654676258995 0.10026385224274406
0 0.21151079136690648 0.8087071240105541 0.051798561151079135 0.0712401055408971
1 0.2014388489208633 0.6029023746701847 0.06618705035971223 0.07651715039577836
1 0.29640287769784174 0.391820580474934 0.07194244604316546 0.07651715039577836
1 0.7553956834532374 0.10817941952506596 0.0460431654676259 0.09498680738786279
1 0.823021582733813 0.2598944591029024 0.0460431654676259 0.0870712401055409
1 0.7755395683453238 0.46965699208443273 0.07194244604316546 0.10554089709762533
1 0.8719424460431655 0.4182058047493404 0.04316546762589928 0.08179419525065963
1 0.460431654676259 0.6662269129287599 0.06330935251798561 0.09234828496042216
1 0.4237410071942446 0.7071240105540897 0.058992805755395686 0.10026385224274406