0 0.238562091503268 0.3819444444444444 0.040522875816993466 0.06944444444444445
0 0.21045751633986928 0.48842592592592593 0.047058823529411764 0.06481481481481481
0 0.2372549019607843 0.6458333333333334 0.048366013071895426 0.0787037037037037
0 0.1843137254901961 0.8217592592592593 0.06013071895424837 0.08333333333333333
0 0.6882352941176471 0.8391203703703703 0.06666666666666667 0.09027777777777778
0 0.5542483660130719 0.6921296296296297 0.09411764705882353 0.0787037037037037
0 0.5601307189542484 0.33217592592592593 0.06143790849673202 0.0625
0 0.8673202614379085 0.42939814814814814 0.06666666666666667 0.09490740740740741
1 0.19869281045751633 0.7372685185185185 0.06013071895424837 0.05787037037037037
1 0.369281045751634 0.7604166666666666 0.040522875816993466 0.09027777777777778
1 0.369281045751634 0.4988425925925926 0.0457516339869281 0.08564814814814815
1 0.369281045751634 0.3576388888888889 0.03790849673202614 0.07175925925925926
1 0.4091503267973856 0.3587962962962963 0.0392156862745098 0.0787037037037037
1 0.5712418300653594 0.38425925925925924 0.05228758169934641 0.0787037037037037
1 0.4895424836601307 0.8194444444444444 0.0457516339869281 0.10648148148148148
1 0.9712418300653595 0.6956018518518519 0.05751633986928104 0.07175925925925926