0 0.38496732026143793 0.5636574074074074 0.058823529411764705 0.0625
0 0.3261437908496732 0.49421296296296297 0.06143790849673202 0.08101851851851852
0 0.21241830065359477 0.3402777777777778 0.048366013071895426 0.07407407407407407
0 0.8581699346405228 0.3402777777777778 0.05359477124183006 0.06481481481481481
0 0.9091503267973856 0.7986111111111112 0.06405228758169934 0.07407407407407407
0 0.8366013071895425 0.8206018518518519 0.07058823529411765 0.08564814814814815
1 0.18235294117647058 0.6053240740740741 0.06666666666666667 0.0625
1 0.4797385620915033 0.8240740740740741 0.047058823529411764 0.08333333333333333
1 0.3542483660130719 0.8402777777777778 0.036601307189542485 0.08796296296296297
1 0.5790849673202615 0.8865740740740741 0.047058823529411764 0.09259259259259259
1 0.8333333333333334 0.5069444444444444 0.06143790849673202 0.08796296296296297
1 0.9313725490196079 0.53125 0.06143790849673202 0.0763888888888889
1 0.8222222222222222 0.1574074074074074 0.05751633986928104 0.06944444444444445