0 0.40326797385620916 0.8692129629629629 0.043137254901960784 0.09953703703703703
0 0.31895424836601305 0.8576388888888888 0.047058823529411764 0.08564814814814815
0 0.6065359477124183 0.7881944444444444 0.04967320261437908 0.08564814814814815
0 0.7254901960784313 0.2800925925925926 0.05228758169934641 0.0787037037037037
0 0.3202614379084967 0.4305555555555556 0.054901960784313725 0.09259259259259259
0 0.25359477124183005 0.36689814814814814 0.06013071895424837 0.07175925925925926
0 0.234640522875817 0.38657407407407407 0.050980392156862744 0.06481481481481481
1 0.4830065359477124 0.3506944444444444 0.048366013071895426 0.10416666666666667
1 0.3803921568627451 0.3287037037037037 0.047058823529411764 0.05555555555555555
1 0.7790849673202614 0.1863425925925926 0.04183006535947712 0.05787037037037037
1 0.45751633986928103 0.5833333333333334 0.05228758169934641 0.09259259259259259
1 0.565359477124183 0.8483796296296297 0.0457516339869281 0.1087962962962963
1 0.10261437908496732 0.8113425925925926 0.05620915032679739 0.0763888888888889
1 0.20522875816993463 0.6307870370370371 0.06274509803921569 0.05787037037037037