0 0.18129496402877698 0.46174142480211083 0.06618705035971223 0.079155672823219
0 0.18633093525179856 0.6029023746701847 0.05611510791366906 0.07651715039577836
0 0.24100719424460432 0.5474934036939314 0.058992805755395686 0.09762532981530343
0 0.45179856115107914 0.6569920844327177 0.05755395683453238 0.10554089709762533
0 0.7697841726618705 0.10686015831134564 0.051798561151079135 0.08179419525065963
0 0.7280575539568346 0.5 0.05467625899280575 0.0712401055408971
0 0.7892086330935252 0.46965699208443273 0.07050359712230216 0.08970976253298153
0 0.8820143884892087 0.4366754617414248 0.05755395683453238 0.08179419525065963
1 0.06690647482014389 0.17282321899736147 0.05611510791366906 0.09234828496042216
1 0.3294964028776978 0.8100263852242744 0.051798561151079135 0.07387862796833773
1 0.21366906474820144 0.8139841688654353 0.05611510791366906 0.055408970976253295
1 0.6158273381294964 0.6543535620052771 0.05755395683453238 0.08443271767810026
1 0.7906474820143885 0.662269129287599 0.058992805755395686 0.07387862796833773
1 0.6172661870503597 0.2704485488126649 0.05467625899280575 0.0870712401055409
1 0.5525179856115108 0.17150395778364116 0.051798561151079135 0.10026385224274406
1 0.8920863309352518 0.2519788918205805 0.05755395683453238 0.09234828496042216