0 0.23594771241830065 0.3715277777777778 0.043137254901960784 0.07175925925925926
0 0.6013071895424836 0.33217592592592593 0.05751633986928104 0.08564814814814815
0 0.7843137254901961 0.2638888888888889 0.05751633986928104 0.08796296296296297
0 0.738562091503268 0.7743055555555556 0.054901960784313725 0.08564814814814815
0 0.5660130718954248 0.6574074074074074 0.06013071895424837 0.12962962962962962
0 0.1784313725490196 0.7939814814814815 0.0457516339869281 0.07407407407407407
1 0.29673202614379085 0.6724537037037037 0.054901960784313725 0.09953703703703703
1 0.22091503267973855 0.46296296296296297 0.054901960784313725 0.08796296296296297
1 0.365359477124183 0.37037037037037035 0.050980392156862744 0.09722222222222222
1 0.44509803921568625 0.3715277777777778 0.05359477124183006 0.09027777777777778
1 0.9581699346405229 0.7638888888888888 0.054901960784313725 0.10185185185185185
1 0.48366013071895425 0.8946759259259259 0.07058823529411765 0.07175925925925926