0 0.5595238095238095 0.8211267605633803 0.05873015873015873 0.10985915492957747
0 0.5857142857142857 0.1619718309859155 0.047619047619047616 0.09295774647887324
0 0.9396825396825397 0.28450704225352114 0.05714285714285714 0.09014084507042254
0 0.33650793650793653 0.2056338028169014 0.050793650793650794 0.08450704225352113
0 0.19365079365079366 0.30985915492957744 0.050793650793650794 0.09577464788732394
0 0.06587301587301587 0.6816901408450704 0.03968253968253968 0.07323943661971831
0 0.09761904761904762 0.752112676056338 0.049206349206349205 0.08450704225352113
1 0.1880952380952381 0.46619718309859154 0.05873015873015873 0.09295774647887324
1 0.0992063492063492 0.4788732394366197 0.049206349206349205 0.0676056338028169
1 0.2634920634920635 0.6140845070422535 0.05714285714285714 0.09577464788732394
1 0.35 0.7971830985915493 0.046031746031746035 0.10704225352112676
1 0.18015873015873016 0.21549295774647886 0.05238095238095238 0.08169014084507042
1 0.4095238095238095 0.20704225352112676 0.05396825396825397 0.07605633802816901
1 0.6936507936507936 0.05352112676056338 0.044444444444444446 0.09577464788732394
1 0.776984126984127 0.13802816901408452 0.05873015873015873 0.08450704225352113
1 0.734920634920635 0.3183098591549296 0.009523809523809525 0.011267605633802818