0 0.10744985673352435 0.418848167539267 0.054441260744985676 0.09947643979057591
0 0.09312320916905444 0.5130890052356021 0.0659025787965616 0.07853403141361257
0 0.3030085959885387 0.7081151832460733 0.06160458452722063 0.10209424083769633
0 0.4283667621776504 0.7722513089005235 0.05730659025787966 0.09424083769633508
0 0.7578796561604585 0.8481675392670157 0.05730659025787966 0.08376963350785341
0 0.7170487106017192 0.9162303664921466 0.050143266475644696 0.07853403141361257
0 0.41260744985673353 0.2787958115183246 0.04871060171919771 0.09162303664921466
0 0.44126074498567336 0.3416230366492147 0.05730659025787966 0.08638743455497382
0 0.5909742120343839 0.10471204188481675 0.050143266475644696 0.08376963350785341
1 0.5909742120343839 0.806282722513089 0.055873925501432664 0.08376963350785341
1 0.5322349570200573 0.9031413612565445 0.06446991404011461 0.08376963350785341
1 0.6755014326647565 0.3285340314136126 0.055873925501432664 0.08638743455497382
1 0.5723495702005731 0.28664921465968585 0.044412607449856735 0.08638743455497382
1 0.25573065902578795 0.28664921465968585 0.05300859598853868 0.09162303664921466
1 0.2170487106017192 0.2670157068062827 0.055873925501432664 0.08900523560209424
1 0.1489971346704871 0.7172774869109948 0.06017191977077364 0.08376963350785341
1 0.17765042979942694 0.8468586387434555 0.054441260744985676 0.08115183246073299
1 0.3173352435530086 0.8390052356020943 0.050143266475644696 0.08115183246073299