0 0.0680515759312321 0.774869109947644 0.044412607449856735 0.07853403141361257
0 0.38108882521489973 0.6636125654450262 0.04871060171919771 0.08115183246073299
0 0.41189111747851004 0.8717277486910995 0.04727793696275072 0.08900523560209424
0 0.5522922636103151 0.8730366492146597 0.050143266475644696 0.0968586387434555
0 0.47277936962750716 0.3756544502617801 0.04871060171919771 0.08115183246073299
0 0.42550143266475643 0.42277486910994766 0.05157593123209169 0.08638743455497382
0 0.3753581661891118 0.43717277486910994 0.045845272206303724 0.07853403141361257
0 0.3330945558739255 0.4738219895287958 0.050143266475644696 0.08900523560209424
0 0.22779369627507162 0.3743455497382199 0.05157593123209169 0.08376963350785341
0 0.10816618911174786 0.3769633507853403 0.04154727793696275 0.07853403141361257
1 0.24212034383954154 0.25654450261780104 0.05730659025787966 0.06806282722513089
1 0.2707736389684814 0.3075916230366492 0.06017191977077364 0.09162303664921466
1 0.3194842406876791 0.27356020942408377 0.04871060171919771 0.08115183246073299
1 0.6074498567335244 0.2356020942408377 0.04297994269340974 0.08376963350785341
1 0.16260744985673353 0.5667539267015707 0.04154727793696275 0.09162303664921466
1 0.09025787965616046 0.5235602094240838 0.045845272206303724 0.09424083769633508
1 0.2163323782234957 0.6583769633507853 0.0659025787965616 0.0968586387434555
1 0.22636103151862463 0.7827225130890052 0.05157593123209169 0.08376963350785341
1 0.24426934097421205 0.8730366492146597 0.044412607449856735 0.07068062827225131
1 0.7242120343839542 0.9018324607329843 0.055873925501432664 0.08638743455497382
1 0.20988538681948424 0.5405759162303665 0.04727793696275072 0.0968586387434555