0 0.11904761904761904 0.7380281690140845 0.06031746031746032 0.0676056338028169
0 0.3142857142857143 0.5859154929577465 0.06349206349206349 0.08450704225352113
0 0.2714285714285714 0.6661971830985915 0.050793650793650794 0.09295774647887324
0 0.7841269841269841 0.8704225352112676 0.06349206349206349 0.09577464788732394
0 0.676984126984127 0.4788732394366197 0.05238095238095238 0.10140845070422536
0 0.3611111111111111 0.22816901408450704 0.05555555555555555 0.09014084507042254
0 0.2777777777777778 0.30422535211267604 0.06031746031746032 0.10140845070422536
1 0.16825396825396827 0.21267605633802816 0.04126984126984127 0.0647887323943662
1 0.5087301587301587 0.24647887323943662 0.049206349206349205 0.09295774647887324
1 0.5222222222222223 0.6253521126760564 0.050793650793650794 0.09014084507042254
1 0.573015873015873 0.8535211267605634 0.05714285714285714 0.09577464788732394
1 0.46904761904761905 0.7887323943661971 0.06190476190476191 0.09014084507042254
1 0.15714285714285714 0.5211267605633803 0.05396825396825397 0.08450704225352113
1 0.12777777777777777 0.44929577464788734 0.05238095238095238 0.0647887323943662