0 0.3568627450980392 0.5567129629629629 0.04967320261437908 0.0625
0 0.30196078431372547 0.5266203703703703 0.054901960784313725 0.0763888888888889
0 0.26405228758169935 0.8495370370370371 0.05228758169934641 0.0787037037037037
0 0.515032679738562 0.8148148148148148 0.044444444444444446 0.10648148148148148
0 0.6026143790849673 0.33796296296296297 0.044444444444444446 0.10185185185185185
0 0.6189542483660131 0.42939814814814814 0.06405228758169934 0.08101851851851852
0 0.64640522875817 0.3125 0.05359477124183006 0.037037037037037035
0 0.6908496732026144 0.2974537037037037 0.048366013071895426 0.09490740740740741
0 0.711764705882353 0.23726851851851852 0.06666666666666667 0.07175925925925926
1 0.18562091503267975 0.6388888888888888 0.05751633986928104 0.06018518518518518
1 0.28169934640522876 0.7916666666666666 0.040522875816993466 0.06018518518518518
1 0.3065359477124183 0.8564814814814815 0.040522875816993466 0.08333333333333333
1 0.3941176470588235 0.3599537037037037 0.050980392156862744 0.0763888888888889
1 0.42549019607843136 0.41435185185185186 0.050980392156862744 0.09722222222222222
1 0.4934640522875817 0.6678240740740741 0.0457516339869281 0.08564814814814815
1 0.7673202614379085 0.53125 0.04967320261437908 0.0763888888888889
1 0.8568627450980392 0.53125 0.0457516339869281 0.09490740740740741
1 0.8712418300653595 0.2569444444444444 0.032679738562091505 0.06944444444444445