0 0.20915032679738563 0.8344907407407407 0.047058823529411764 0.06712962962962964
0 0.4568627450980392 0.8356481481481481 0.05620915032679739 0.09722222222222222
0 0.46405228758169936 0.7106481481481481 0.05751633986928104 0.09259259259259259
0 0.33790849673202616 0.5567129629629629 0.06143790849673202 0.09953703703703703
0 0.5078431372549019 0.3275462962962963 0.043137254901960784 0.0625
0 0.8333333333333334 0.4039351851851852 0.058823529411764705 0.08564814814814815
0 0.8339869281045752 0.6932870370370371 0.04967320261437908 0.0763888888888889
0 0.7529411764705882 0.6921296296296297 0.06274509803921569 0.08796296296296297
1 0.22679738562091503 0.4270833333333333 0.043137254901960784 0.07175925925925926
1 0.3993464052287582 0.39699074074074076 0.043137254901960784 0.08101851851851852
1 0.20130718954248367 0.5787037037037037 0.06274509803921569 0.06481481481481481
1 0.238562091503268 0.8530092592592593 0.050980392156862744 0.0763888888888889
1 0.6359477124183006 0.8368055555555556 0.0457516339869281 0.09953703703703703
1 0.7058823529411765 0.5601851851851852 0.044444444444444446 0.10648148148148148
1 0.7843137254901961 0.21412037037037038 0.04183006535947712 0.06712962962962964
1 0.9032679738562092 0.7164351851851852 0.0392156862745098 0.08101851851851852