0 0.10673352435530085 0.4083769633507853 0.050143266475644696 0.08900523560209424
0 0.3982808022922636 0.26570680628272253 0.04011461318051576 0.08638743455497382
0 0.4455587392550143 0.2931937172774869 0.045845272206303724 0.10471204188481675
0 0.1353868194842407 0.75 0.04727793696275072 0.07591623036649214
0 0.3638968481375358 0.8717277486910995 0.05730659025787966 0.08900523560209424
0 0.6590257879656161 0.612565445026178 0.054441260744985676 0.08376963350785341
0 0.6769340974212035 0.6832460732984293 0.050143266475644696 0.1099476439790576
0 0.7292263610315186 0.7107329842931938 0.05730659025787966 0.112565445026178
0 0.7643266475644699 0.943717277486911 0.05873925501432665 0.10732984293193717
1 0.20415472779369628 0.2643979057591623 0.050143266475644696 0.08376963350785341
1 0.24713467048710602 0.2879581151832461 0.050143266475644696 0.09947643979057591
1 0.5916905444126075 0.3010471204188482 0.05157593123209169 0.09424083769633508
1 0.9169054441260746 0.7094240837696335 0.05157593123209169 0.08900523560209424
1 0.5214899713467048 0.8036649214659686 0.06017191977077364 0.09424083769633508
1 0.5802292263610315 0.8350785340314136 0.05730659025787966 0.06806282722513089
1 0.585243553008596 0.9162303664921466 0.055873925501432664 0.08900523560209424
1 0.1683381088825215 0.8416230366492147 0.04727793696275072 0.07591623036649214
1 0.28724928366762176 0.7670157068062827 0.06160458452722063 0.09947643979057591