0 0.3216332378223496 0.31413612565445026 0.055873925501432664 0.08900523560209424
0 0.48567335243553006 0.2801047120418848 0.045845272206303724 0.08900523560209424
0 0.4799426934097421 0.4594240837696335 0.06017191977077364 0.09162303664921466
0 0.7714899713467048 0.18193717277486912 0.055873925501432664 0.08115183246073299
0 0.8560171919770774 0.5209424083769634 0.04727793696275072 0.08900523560209424
0 0.7184813753581661 0.918848167539267 0.0673352435530086 0.07329842931937172
0 0.5508595988538681 0.9083769633507853 0.05300859598853868 0.09424083769633508
0 0.07091690544412607 0.7447643979057592 0.055873925501432664 0.07591623036649214
0 0.04727793696275072 0.5929319371727748 0.034383954154727794 0.08115183246073299
1 0.2148997134670487 0.8023560209424084 0.045845272206303724 0.09162303664921466
1 0.17550143266475646 0.5497382198952879 0.03868194842406877 0.08900523560209424
1 0.17191977077363896 0.40445026178010474 0.045845272206303724 0.08638743455497382
1 0.3459885386819484 0.299738219895288 0.04727793696275072 0.08638743455497382
1 0.5952722063037249 0.2696335078534031 0.04154727793696275 0.10471204188481675
1 0.9197707736389685 0.2931937172774869 0.045845272206303724 0.08900523560209424
1 0.7385386819484241 0.6492146596858639 0.050143266475644696 0.06806282722513089
1 0.8359598853868195 0.7696335078534031 0.044412607449856735 0.08900523560209424
1 0.7077363896848138 0.8795811518324608 0.04297994269340974 0.08376963350785341