0 0.6477124183006536 0.4386574074074074 0.050980392156862744 0.06712962962962964
0 0.5281045751633987 0.42476851851851855 0.04967320261437908 0.0763888888888889
0 0.5228758169934641 0.5173611111111112 0.04967320261437908 0.0763888888888889
0 0.2725490196078431 0.36921296296296297 0.05620915032679739 0.07175925925925926
0 0.17320261437908496 0.6111111111111112 0.0457516339869281 0.05555555555555555
0 0.2065359477124183 0.6620370370370371 0.044444444444444446 0.09259259259259259
0 0.17254901960784313 0.7152777777777778 0.04183006535947712 0.08333333333333333
1 0.31241830065359477 0.84375 0.04183006535947712 0.09490740740740741
1 0.3718954248366013 0.7210648148148148 0.048366013071895426 0.1087962962962963
1 0.35947712418300654 0.6006944444444444 0.04183006535947712 0.08101851851851852
1 0.31895424836601305 0.5590277777777778 0.05751633986928104 0.05787037037037037
1 0.36209150326797385 0.46412037037037035 0.0392156862745098 0.08101851851851852
1 0.5084967320261438 0.29050925925925924 0.044444444444444446 0.08564814814814815
1 0.6411764705882353 0.19907407407407407 0.043137254901960784 0.06481481481481481
1 0.2477124183006536 0.4050925925925926 0.03790849673202614 0.0787037037037037