0 0.42302158273381296 0.6134564643799473 0.04316546762589928 0.09234828496042216
0 0.46402877697841727 0.6649076517150396 0.050359712230215826 0.08443271767810026
0 0.6359712230215827 0.22955145118733508 0.05755395683453238 0.09498680738786279
0 0.5805755395683453 0.158311345646438 0.053237410071942444 0.08970976253298153
0 0.3079136690647482 0.11345646437994723 0.051798561151079135 0.08443271767810026
0 0.8151079136690648 0.3311345646437995 0.058992805755395686 0.0870712401055409
0 0.8460431654676259 0.503957783641161 0.04892086330935252 0.08970976253298153
0 0.7064748201438849 0.2783641160949868 0.060431654676258995 0.0870712401055409
1 0.5525179856115108 0.07387862796833773 0.05467625899280575 0.12137203166226913
1 0.8007194244604317 0.11345646437994723 0.053237410071942444 0.10554089709762533
1 0.8971223021582734 0.15567282321899736 0.050359712230215826 0.09498680738786279
1 0.8870503597122302 0.2598944591029024 0.0618705035971223 0.08179419525065963
1 0.6237410071942446 0.4419525065963061 0.05611510791366906 0.09762532981530343
1 0.4244604316546763 0.28232189973614774 0.04892086330935252 0.09498680738786279
1 0.29136690647482016 0.4076517150395778 0.07050359712230216 0.10290237467018469
1 0.6258992805755396 0.662269129287599 0.05755395683453238 0.08970976253298153