0 0.29640287769784174 0.37730870712401055 0.08057553956834532 0.079155672823219
0 0.1971223021582734 0.6068601583113457 0.06330935251798561 0.07387862796833773
0 0.379136690647482 0.5725593667546174 0.0618705035971223 0.09498680738786279
0 0.4712230215827338 0.6503957783641161 0.05611510791366906 0.10817941952506596
0 0.7028776978417266 0.09366754617414248 0.06474820143884892 0.08179419525065963
0 0.7359712230215827 0.4261213720316623 0.058992805755395686 0.10290237467018469
0 0.7755395683453238 0.47229551451187335 0.06330935251798561 0.11609498680738786
0 0.8784172661870504 0.43007915567282323 0.050359712230215826 0.06860158311345646
1 0.20647482014388488 0.8073878627968337 0.05611510791366906 0.06860158311345646
1 0.30071942446043165 0.7757255936675461 0.05467625899280575 0.05804749340369393
1 0.13093525179856116 0.1424802110817942 0.08057553956834532 0.11081794195250659
1 0.47338129496402875 0.08970976253298153 0.06906474820143885 0.09498680738786279
1 0.6122302158273382 0.20184696569920843 0.058992805755395686 0.09234828496042216
1 0.9014388489208633 0.25725593667546176 0.053237410071942444 0.10290237467018469
1 0.7884892086330936 0.6596306068601583 0.04892086330935252 0.08443271767810026
1 0.6302158273381295 0.6306068601583114 0.05755395683453238 0.11081794195250659