0 0.5673202614379085 0.33796296296296297 0.044444444444444446 0.06481481481481481
0 0.18235294117647058 0.5555555555555556 0.0457516339869281 0.06481481481481481
0 0.1895424836601307 0.6053240740740741 0.047058823529411764 0.0625
0 0.2934640522875817 0.5833333333333334 0.043137254901960784 0.08796296296296297
0 0.8313725490196079 0.40046296296296297 0.06013071895424837 0.06944444444444445
0 0.6627450980392157 0.3611111111111111 0.04183006535947712 0.08796296296296297
0 0.7196078431372549 0.8032407407407407 0.05359477124183006 0.09722222222222222
0 0.6679738562091503 0.7858796296296297 0.04183006535947712 0.09027777777777778
1 0.2784313725490196 0.36689814814814814 0.0392156862745098 0.06712962962962964
1 0.4189542483660131 0.3726851851851852 0.03529411764705882 0.05555555555555555
1 0.30130718954248364 0.8310185185185185 0.0457516339869281 0.06481481481481481
1 0.17647058823529413 0.8229166666666666 0.047058823529411764 0.06712962962962964
1 0.6143790849673203 0.6157407407407407 0.044444444444444446 0.06481481481481481
1 0.47058823529411764 0.7800925925925926 0.036601307189542485 0.0787037037037037
1 0.8960784313725491 0.78125 0.03790849673202614 0.0625
1 0.7830065359477124 0.20717592592592593 0.036601307189542485 0.05787037037037037