0 0.21895424836601307 0.38310185185185186 0.058823529411764705 0.08564814814814815
0 0.38235294117647056 0.35532407407407407 0.05620915032679739 0.0763888888888889
0 0.2169934640522876 0.4664351851851852 0.054901960784313725 0.05787037037037037
0 0.19738562091503267 0.5023148148148148 0.06274509803921569 0.08333333333333333
0 0.19738562091503267 0.8287037037037037 0.054901960784313725 0.06944444444444445
0 0.6823529411764706 0.8414351851851852 0.06797385620915032 0.07175925925925926
0 0.738562091503268 0.6979166666666666 0.054901960784313725 0.07175925925925926
0 0.9150326797385621 0.7071759259259259 0.06274509803921569 0.09953703703703703
1 0.35490196078431374 0.3819444444444444 0.043137254901960784 0.08333333333333333
1 0.534640522875817 0.3229166666666667 0.0392156862745098 0.09953703703703703
1 0.36209150326797385 0.8414351851851852 0.047058823529411764 0.09490740740740741
1 0.33464052287581697 0.53125 0.044444444444444446 0.08101851851851852
1 0.18627450980392157 0.7361111111111112 0.06405228758169934 0.05092592592592592
1 0.4843137254901961 0.8078703703703703 0.058823529411764705 0.10648148148148148
1 0.5535947712418301 0.7037037037037037 0.05620915032679739 0.09722222222222222
1 0.74640522875817 0.8194444444444444 0.054901960784313725 0.08333333333333333