0 0.3341269841269841 0.2056338028169014 0.046031746031746035 0.07887323943661972
0 0.18253968253968253 0.2633802816901408 0.047619047619047616 0.0647887323943662
0 0.0761904761904762 0.6507042253521127 0.044444444444444446 0.061971830985915494
0 0.09444444444444444 0.7352112676056338 0.049206349206349205 0.07887323943661972
0 0.5611111111111111 0.8366197183098592 0.06190476190476191 0.10140845070422536
0 0.5571428571428572 0.2535211267605634 0.05396825396825397 0.07323943661971831
0 0.6753968253968254 0.24647887323943662 0.05238095238095238 0.07605633802816901
0 0.903968253968254 0.08873239436619719 0.06190476190476191 0.08732394366197183
1 0.08015873015873017 0.48732394366197185 0.05555555555555555 0.0676056338028169
1 0.1626984126984127 0.4225352112676056 0.05555555555555555 0.07323943661971831
1 0.25952380952380955 0.6070422535211267 0.06190476190476191 0.09859154929577464
1 0.35793650793650794 0.8014084507042254 0.05873015873015873 0.09295774647887324
1 0.19285714285714287 0.2211267605633803 0.05238095238095238 0.08169014084507042
1 0.4031746031746032 0.2084507042253521 0.05714285714285714 0.0676056338028169
1 0.6055555555555555 0.07183098591549296 0.05238095238095238 0.07605633802816901
1 0.9531746031746032 0.271830985915493 0.06507936507936508 0.07042253521126761