0 0.2492836676217765 0.2918848167539267 0.05730659025787966 0.09162303664921466
0 0.35888252148997135 0.30497382198952877 0.05300859598853868 0.07591623036649214
0 0.5479942693409742 0.5274869109947644 0.0673352435530086 0.07591623036649214
0 0.5623209169054442 0.14921465968586387 0.03581661891117478 0.05235602094240838
0 0.8882521489971347 0.2931937172774869 0.06876790830945559 0.07853403141361257
0 0.8767908309455588 0.39528795811518325 0.06303724928366762 0.07329842931937172
0 0.7872492836676218 0.41492146596858637 0.0673352435530086 0.08115183246073299
0 0.670487106017192 0.9044502617801047 0.04297994269340974 0.07591623036649214
0 0.7285100286532952 0.8429319371727748 0.04154727793696275 0.09947643979057591
1 0.9262177650429799 0.6348167539267016 0.055873925501432664 0.06544502617801047
1 0.8667621776504298 0.637434554973822 0.06303724928366762 0.0549738219895288
1 0.7915472779369628 0.07853403141361257 0.055873925501432664 0.06282722513089005
1 0.6289398280802292 0.2918848167539267 0.045845272206303724 0.0549738219895288
1 0.5150429799426934 0.31282722513089006 0.05300859598853868 0.09162303664921466
1 0.37034383954154726 0.4201570680628272 0.044412607449856735 0.07591623036649214
1 0.1511461318051576 0.27356020942408377 0.04154727793696275 0.07591623036649214
1 0.7220630372492837 0.5798429319371727 0.0659025787965616 0.09162303664921466
1 0.5494269340974212 0.9149214659685864 0.050143266475644696 0.08638743455497382