0 0.09455587392550144 0.4738219895287958 0.04297994269340974 0.06282722513089005
0 0.08739255014326648 0.5458115183246073 0.045845272206303724 0.04450261780104712
0 0.1518624641833811 0.6047120418848168 0.045845272206303724 0.07329842931937172
0 0.3108882521489971 0.8219895287958116 0.05730659025787966 0.06282722513089005
0 0.3194842406876791 0.8887434554973822 0.054441260744985676 0.07068062827225131
0 0.4333810888252149 0.29712041884816753 0.050143266475644696 0.06544502617801047
0 0.40830945558739257 0.2513089005235602 0.04297994269340974 0.06282722513089005
0 0.498567335243553 0.6256544502617801 0.05730659025787966 0.06282722513089005
1 0.15257879656160458 0.24476439790575916 0.04727793696275072 0.049738219895287955
1 0.24426934097421205 0.2905759162303665 0.03868194842406877 0.06806282722513089
1 0.5938395415472779 0.331151832460733 0.03868194842406877 0.07068062827225131
1 0.4505730659025788 0.3913612565445026 0.044412607449856735 0.04450261780104712
1 0.49570200573065903 0.7971204188481675 0.04011461318051576 0.08115183246073299
1 0.5315186246418339 0.9424083769633508 0.05157593123209169 0.07853403141361257
1 0.26432664756446994 0.7866492146596858 0.05300859598853868 0.0549738219895288
1 0.06088825214899714 0.7761780104712042 0.06160458452722063 0.08115183246073299