0 0.09025787965616046 0.468586387434555 0.03724928366762178 0.06806282722513089
0 0.08595988538681948 0.5497382198952879 0.04297994269340974 0.06806282722513089
0 0.18696275071633237 0.5719895287958116 0.05873925501432665 0.08638743455497382
0 0.2979942693409742 0.6400523560209425 0.04297994269340974 0.07068062827225131
0 0.43982808022922637 0.7840314136125655 0.045845272206303724 0.060209424083769635
0 0.3861031518624642 0.837696335078534 0.050143266475644696 0.07329842931937172
0 0.48495702005730656 0.9070680628272252 0.04727793696275072 0.07591623036649214
0 0.3345272206303725 0.44502617801047123 0.04727793696275072 0.08376963350785341
0 0.40974212034383956 0.28664921465968585 0.04011461318051576 0.07591623036649214
0 0.44126074498567336 0.2879581151832461 0.04297994269340974 0.08376963350785341
1 0.5909742120343839 0.32460732984293195 0.03581661891117478 0.09424083769633508
1 0.251432664756447 0.28403141361256545 0.044412607449856735 0.07591623036649214
1 0.4813753581661891 0.587696335078534 0.054441260744985676 0.07068062827225131
1 0.48495702005730656 0.6884816753926701 0.03868194842406877 0.08900523560209424
1 0.29297994269340977 0.893979057591623 0.03868194842406877 0.07068062827225131
1 0.17693409742120345 0.806282722513089 0.044412607449856735 0.07853403141361257
1 0.07951289398280802 0.7918848167539267 0.055873925501432664 0.060209424083769635
1 0.14469914040114612 0.24607329842931938 0.04297994269340974 0.041884816753926704
1 0.2800859598853868 0.7395287958115183 0.04154727793696275 0.06544502617801047