0 0.8248366013071895 0.3738425925925926 0.05751633986928104 0.07175925925925926
0 0.7705882352941177 0.47453703703703703 0.06405228758169934 0.08333333333333333
0 0.6915032679738562 0.4409722222222222 0.054901960784313725 0.07175925925925926
0 0.6620915032679738 0.8368055555555556 0.06405228758169934 0.08101851851851852
0 0.5516339869281046 0.8009259259259259 0.06013071895424837 0.08796296296296297
0 0.5222222222222223 0.3958333333333333 0.06143790849673202 0.09722222222222222
0 0.23137254901960785 0.37962962962962965 0.044444444444444446 0.06018518518518518
0 0.2084967320261438 0.4710648148148148 0.040522875816993466 0.04861111111111111
1 0.18758169934640523 0.7199074074074074 0.05620915032679739 0.06018518518518518
1 0.37516339869281046 0.8483796296296297 0.047058823529411764 0.09490740740740741
1 0.36405228758169933 0.3611111111111111 0.03790849673202614 0.06481481481481481
1 0.3993464052287582 0.35185185185185186 0.03790849673202614 0.06944444444444445
1 0.5993464052287582 0.7037037037037037 0.05359477124183006 0.08333333333333333
1 0.8516339869281045 0.7395833333333334 0.040522875816993466 0.08101851851851852
1 0.9581699346405229 0.6354166666666666 0.06797385620915032 0.11805555555555555
1 0.7810457516339869 0.1875 0.048366013071895426 0.05555555555555555