0 0.30238095238095236 0.39154929577464787 0.05555555555555555 0.08450704225352113
0 0.30714285714285716 0.2028169014084507 0.04285714285714286 0.0676056338028169
0 0.5007936507936508 0.18169014084507043 0.03968253968253968 0.059154929577464786
0 0.5333333333333333 0.4169014084507042 0.06031746031746032 0.11830985915492957
0 0.7896825396825397 0.8 0.06190476190476191 0.09577464788732394
0 0.4365079365079365 0.7154929577464789 0.050793650793650794 0.10704225352112676
0 0.08571428571428572 0.643661971830986 0.05714285714285714 0.0647887323943662
0 0.08492063492063492 0.7323943661971831 0.05238095238095238 0.08450704225352113
1 0.14444444444444443 0.3732394366197183 0.06349206349206349 0.09295774647887324
1 0.16587301587301587 0.21690140845070421 0.046031746031746035 0.07887323943661972
1 0.4301587301587302 0.14788732394366197 0.050793650793650794 0.08732394366197183
1 0.353968253968254 0.3591549295774648 0.047619047619047616 0.08732394366197183
1 0.5492063492063493 0.2267605633802817 0.06349206349206349 0.08732394366197183
1 0.5928571428571429 0.8436619718309859 0.06507936507936508 0.10422535211267606
1 0.26666666666666666 0.6563380281690141 0.05714285714285714 0.09014084507042254
1 0.26031746031746034 0.7816901408450704 0.06031746031746032 0.10985915492957747