0 0.10386819484240688 0.4803664921465969 0.05300859598853868 0.07591623036649214
0 0.13968481375358166 0.6793193717277487 0.05300859598853868 0.07591623036649214
0 0.13252148997134672 0.774869109947644 0.050143266475644696 0.08376963350785341
0 0.4706303724928367 0.900523560209424 0.055873925501432664 0.09947643979057591
0 0.6404011461318052 0.6557591623036649 0.06876790830945559 0.10209424083769633
0 0.4276504297994269 0.299738219895288 0.050143266475644696 0.08115183246073299
0 0.40186246418338106 0.26570680628272253 0.03868194842406877 0.08638743455497382
0 0.45415472779369626 0.2604712041884817 0.05157593123209169 0.09162303664921466
0 0.7012893982808023 0.07591623036649214 0.050143266475644696 0.07329842931937172
1 0.14183381088825214 0.25392670157068065 0.05157593123209169 0.06806282722513089
1 0.24426934097421205 0.2879581151832461 0.044412607449856735 0.07853403141361257
1 0.01504297994269341 0.7997382198952879 0.027220630372492838 0.0968586387434555
1 0.28653295128939826 0.7827225130890052 0.05157593123209169 0.06806282722513089
1 0.28939828080229224 0.8769633507853403 0.05730659025787966 0.10471204188481675
1 0.5945558739255015 0.8795811518324608 0.045845272206303724 0.08376963350785341
1 0.6482808022922636 0.2918848167539267 0.06446991404011461 0.07068062827225131
1 0.5873925501432665 0.31413612565445026 0.04297994269340974 0.08900523560209424
1 0.5515759312320917 0.43717277486910994 0.05730659025787966 0.11518324607329843