0 0.08810888252148998 0.4895287958115183 0.03868194842406877 0.07329842931937172
0 0.0680515759312321 0.5575916230366492 0.03581661891117478 0.06806282722513089
0 0.1332378223495702 0.7971204188481675 0.05730659025787966 0.0549738219895288
0 0.18051575931232092 0.574607329842932 0.054441260744985676 0.08638743455497382
0 0.497134670487106 0.5785340314136126 0.04871060171919771 0.08900523560209424
0 0.3037249283667622 0.6492146596858639 0.045845272206303724 0.08376963350785341
0 0.4670487106017192 0.7905759162303665 0.05730659025787966 0.08900523560209424
0 0.47564469914040114 0.9044502617801047 0.05157593123209169 0.09162303664921466
0 0.4348137535816619 0.2761780104712042 0.044412607449856735 0.07591623036649214
0 0.413323782234957 0.3023560209424084 0.04154727793696275 0.08115183246073299
1 0.14326647564469913 0.25654450261780104 0.05730659025787966 0.07329842931937172
1 0.251432664756447 0.2787958115183246 0.05300859598853868 0.07068062827225131
1 0.582378223495702 0.3416230366492147 0.04154727793696275 0.09162303664921466
1 0.3345272206303725 0.5431937172774869 0.04727793696275072 0.08115183246073299
1 0.4863896848137536 0.6884816753926701 0.050143266475644696 0.10471204188481675
1 0.2851002865329513 0.7552356020942408 0.04871060171919771 0.07591623036649214
1 0.29584527220630374 0.8599476439790575 0.04154727793696275 0.08638743455497382
1 0.2148997134670487 0.8232984293193717 0.0659025787965616 0.07068062827225131
1 0.07521489971346705 0.7879581151832461 0.05873925501432665 0.07329842931937172
1 0.12679083094555874 0.5418848167539267 0.050143266475644696 0.07853403141361257