0 0.4584527220630373 0.2905759162303665 0.05730659025787966 0.08376963350785341
0 0.1296561604584527 0.2369109947643979 0.055873925501432664 0.06544502617801047
0 0.05515759312320917 0.225130890052356 0.050143266475644696 0.09424083769633508
0 0.42335243553008595 0.8102094240837696 0.05873925501432665 0.07068062827225131
0 0.7679083094555874 0.9463350785340314 0.054441260744985676 0.08638743455497382
0 0.6840974212034384 0.5837696335078534 0.04154727793696275 0.09424083769633508
0 0.7535816618911175 0.5471204188481675 0.06017191977077364 0.08376963350785341
0 0.7958452722063037 0.8861256544502618 0.044412607449856735 0.07591623036649214
1 0.08094555873925502 0.5379581151832461 0.06160458452722063 0.06544502617801047
1 0.2686246418338109 0.2761780104712042 0.04154727793696275 0.0968586387434555
1 0.29584527220630374 0.2879581151832461 0.050143266475644696 0.1099476439790576
1 0.6475644699140402 0.3481675392670157 0.045845272206303724 0.09424083769633508
1 0.4863896848137536 0.5314136125654451 0.050143266475644696 0.09947643979057591
1 0.30945558739255014 0.7918848167539267 0.045845272206303724 0.0968586387434555
1 0.7671919770773639 0.6583769633507853 0.07306590257879657 0.07591623036649214
1 0.8997134670487106 0.6924083769633508 0.054441260744985676 0.07068062827225131
1 0.9412607449856734 0.5091623036649214 0.04871060171919771 0.08115183246073299