0 0.5542483660130719 0.33449074074074076 0.047058823529411764 0.09027777777777778
0 0.5895424836601307 0.20601851851851852 0.05751633986928104 0.06944444444444445
0 0.7098039215686275 0.8356481481481481 0.06535947712418301 0.09259259259259259
0 0.3568627450980392 0.8472222222222222 0.05751633986928104 0.07407407407407407
0 0.3045751633986928 0.8495370370370371 0.06274509803921569 0.10185185185185185
0 0.2019607843137255 0.7233796296296297 0.06928104575163399 0.0763888888888889
0 0.3437908496732026 0.3680555555555556 0.04967320261437908 0.06481481481481481
0 0.365359477124183 0.44907407407407407 0.048366013071895426 0.08796296296296297
1 0.2222222222222222 0.48148148148148145 0.054901960784313725 0.08333333333333333
1 0.22156862745098038 0.38425925925925924 0.0457516339869281 0.0787037037037037
1 0.7176470588235294 0.19675925925925927 0.04967320261437908 0.08796296296296297
1 0.9052287581699346 0.7766203703703703 0.058823529411764705 0.0763888888888889
1 0.5633986928104575 0.8425925925925926 0.06535947712418301 0.09722222222222222
1 0.17254901960784313 0.8009259259259259 0.05228758169934641 0.09259259259259259
1 0.39281045751633986 0.3645833333333333 0.048366013071895426 0.06712962962962964
1 0.49869281045751634 0.45949074074074076 0.06143790849673202 0.11342592592592593