0 0.3130718954248366 0.7094907407407407 0.0457516339869281 0.08564814814814815
0 0.4477124183006536 0.7997685185185185 0.05620915032679739 0.07175925925925926
0 0.6091503267973856 0.7488425925925926 0.044444444444444446 0.10416666666666667
0 0.7359477124183007 0.4513888888888889 0.054901960784313725 0.11574074074074074
0 0.8666666666666667 0.47685185185185186 0.047058823529411764 0.06018518518518518
0 0.7712418300653595 0.3715277777777778 0.044444444444444446 0.08101851851851852
0 0.6032679738562091 0.26967592592592593 0.050980392156862744 0.07175925925925926
0 0.37450980392156863 0.4618055555555556 0.050980392156862744 0.08564814814814815
0 0.33464052287581697 0.4074074074074074 0.06535947712418301 0.0787037037037037
1 0.17254901960784313 0.3993055555555556 0.047058823529411764 0.08101851851851852
1 0.12026143790849673 0.6585648148148148 0.036601307189542485 0.0763888888888889
1 0.29411764705882354 0.8043981481481481 0.0392156862745098 0.10416666666666667
1 0.4189542483660131 0.8958333333333334 0.05359477124183006 0.08796296296296297
1 0.6477124183006536 0.6793981481481481 0.06928104575163399 0.0625
1 0.8209150326797385 0.7025462962962963 0.06013071895424837 0.08564814814814815
1 0.5830065359477125 0.36689814814814814 0.0392156862745098 0.09953703703703703
1 0.5202614379084968 0.28125 0.036601307189542485 0.07175925925925926
1 0.7143790849673203 0.13773148148148148 0.03790849673202614 0.0625