0 0.23660130718954248 0.35532407407407407 0.03398692810457516 0.06712962962962964
0 0.22941176470588234 0.4375 0.043137254901960784 0.08333333333333333
0 0.38169934640522873 0.5625 0.05228758169934641 0.08796296296296297
0 0.492156862745098 0.5509259259259259 0.05359477124183006 0.08796296296296297
0 0.5816993464052288 0.3229166666666667 0.044444444444444446 0.07175925925925926
0 0.842483660130719 0.3159722222222222 0.048366013071895426 0.0763888888888889
0 0.9 0.7268518518518519 0.05620915032679739 0.10648148148148148
0 0.20326797385620915 0.8159722222222222 0.06143790849673202 0.08564814814814815
1 0.3738562091503268 0.36574074074074076 0.044444444444444446 0.0787037037037037
1 0.43071895424836604 0.38078703703703703 0.043137254901960784 0.0763888888888889
1 0.7437908496732026 0.12384259259259259 0.044444444444444446 0.08101851851851852
1 0.7359477124183007 0.7870370370370371 0.054901960784313725 0.08333333333333333
1 0.4150326797385621 0.8217592592592593 0.06666666666666667 0.08796296296296297
1 0.3516339869281046 0.6886574074074074 0.06274509803921569 0.09027777777777778
1 0.22287581699346407 0.5439814814814815 0.0457516339869281 0.09259259259259259
1 0.3764705882352941 0.46412037037037035 0.05751633986928104 0.08101851851851852