0 0.4885386819484241 0.4607329842931937 0.04871060171919771 0.09947643979057591
0 0.47636103151862463 0.6976439790575916 0.06160458452722063 0.07068062827225131
0 0.748567335243553 0.7984293193717278 0.050143266475644696 0.08900523560209424
0 0.4469914040114613 0.3180628272251309 0.04871060171919771 0.08115183246073299
0 0.42048710601719197 0.2709424083769634 0.050143266475644696 0.08638743455497382
0 0.4355300859598854 0.4005235602094241 0.05730659025787966 0.08376963350785341
0 0.14398280802292263 0.6714659685863874 0.05873925501432665 0.07068062827225131
0 0.3560171919770774 0.8678010471204188 0.0673352435530086 0.0968586387434555
0 0.17765042979942694 0.5471204188481675 0.06303724928366762 0.09424083769633508
0 0.10243553008595989 0.443717277486911 0.06160458452722063 0.09162303664921466
1 0.21131805157593123 0.25654450261780104 0.05300859598853868 0.07329842931937172
1 0.25501432664756446 0.29712041884816753 0.03724928366762178 0.0968586387434555
1 0.25859598853868193 0.44502617801047123 0.050143266475644696 0.1099476439790576
1 0.0651862464183381 0.7172774869109948 0.050143266475644696 0.06806282722513089
1 0.29441260744985676 0.7670157068062827 0.044412607449856735 0.09424083769633508
1 0.17621776504297995 0.8285340314136126 0.04871060171919771 0.08115183246073299
1 0.5093123209169055 0.9162303664921466 0.06160458452722063 0.05235602094240838
1 0.5938395415472779 0.8232984293193717 0.050143266475644696 0.08638743455497382
1 0.58810888252149 0.29842931937172773 0.05873925501432665 0.08376963350785341
1 0.3316618911174785 0.5850785340314136 0.055873925501432664 0.10209424083769633