0 0.07664756446991404 0.44502617801047123 0.06446991404011461 0.08376963350785341
0 0.1991404011461318 0.2617801047120419 0.04871060171919771 0.07853403141361257
0 0.414756446991404 0.46465968586387435 0.06160458452722063 0.112565445026178
0 0.46203438395415475 0.5575916230366492 0.07879656160458452 0.11518324607329843
0 0.07593123209169055 0.5955497382198953 0.0659025787965616 0.09162303664921466
0 0.034383954154727794 0.6164921465968587 0.05157593123209169 0.07068062827225131
0 0.4863896848137536 0.8913612565445026 0.055873925501432664 0.07591623036649214
0 0.7127507163323782 0.9280104712041884 0.050143266475644696 0.10209424083769633
0 0.7786532951289399 0.9227748691099477 0.0673352435530086 0.12303664921465969
1 0.839541547277937 0.743455497382199 0.0659025787965616 0.09424083769633508
1 0.5673352435530086 0.9031413612565445 0.04011461318051576 0.11518324607329843
1 0.3237822349570201 0.9018324607329843 0.06017191977077364 0.09162303664921466
1 0.5007163323782235 0.824607329842932 0.05873925501432665 0.06806282722513089
1 0.20415472779369628 0.5536649214659686 0.05873925501432665 0.08638743455497382
1 0.336676217765043 0.28664921465968585 0.04871060171919771 0.0968586387434555
1 0.14040114613180515 0.25523560209424084 0.06876790830945559 0.07068062827225131
1 0.17263610315186245 0.8586387434554974 0.05873925501432665 0.06806282722513089