0 0.5784313725490197 0.32407407407407407 0.050980392156862744 0.0787037037037037
0 0.8137254901960784 0.6956018518518519 0.06928104575163399 0.06712962962962964
0 0.7431372549019608 0.8287037037037037 0.043137254901960784 0.06481481481481481
0 0.707843137254902 0.8043981481481481 0.050980392156862744 0.06712962962962964
0 0.1830065359477124 0.8206018518518519 0.04967320261437908 0.0625
0 0.2065359477124183 0.7361111111111112 0.04967320261437908 0.08333333333333333
0 0.30196078431372547 0.4965277777777778 0.054901960784313725 0.07175925925925926
0 0.22287581699346407 0.45949074074074076 0.043137254901960784 0.05787037037037037
0 0.23398692810457516 0.37962962962962965 0.0392156862745098 0.07407407407407407
1 0.33725490196078434 0.5590277777777778 0.06535947712418301 0.0625
1 0.3686274509803922 0.4699074074074074 0.047058823529411764 0.10648148148148148
1 0.36797385620915035 0.36574074074074076 0.03529411764705882 0.08796296296296297
1 0.17973856209150327 0.6481481481481481 0.03529411764705882 0.06481481481481481
1 0.3483660130718954 0.8391203703703703 0.050980392156862744 0.10416666666666667
1 0.42483660130718953 0.36342592592592593 0.036601307189542485 0.08333333333333333
1 0.8568627450980392 0.47337962962962965 0.06405228758169934 0.06712962962962964
1 0.9117647058823529 0.7349537037037037 0.040522875816993466 0.10416666666666667
1 0.5045751633986928 0.8425925925925926 0.06013071895424837 0.08333333333333333