0 0.17124183006535948 0.7858796296296297 0.047058823529411764 0.07175925925925926
0 0.36405228758169933 0.8553240740740741 0.05359477124183006 0.0763888888888889
0 0.30915032679738563 0.8564814814814815 0.0718954248366013 0.08333333333333333
0 0.4 0.5115740740740741 0.04967320261437908 0.06944444444444445
0 0.5437908496732026 0.3275462962962963 0.044444444444444446 0.07175925925925926
0 0.726797385620915 0.4699074074074074 0.06274509803921569 0.08333333333333333
0 0.7333333333333333 0.8090277777777778 0.06535947712418301 0.09953703703703703
0 0.17647058823529413 0.7013888888888888 0.04967320261437908 0.05555555555555555
1 0.22091503267973855 0.49074074074074076 0.04967320261437908 0.06481481481481481
1 0.33202614379084966 0.6111111111111112 0.05751633986928104 0.09259259259259259
1 0.20065359477124184 0.8310185185185185 0.048366013071895426 0.07407407407407407
1 0.5542483660130719 0.8356481481481481 0.06274509803921569 0.10185185185185185
1 0.581045751633987 0.4699074074074074 0.05359477124183006 0.09722222222222222
1 0.3843137254901961 0.37037037037037035 0.047058823529411764 0.07407407407407407
1 0.8869281045751634 0.5543981481481481 0.048366013071895426 0.09490740740740741
1 0.9274509803921569 0.7523148148148148 0.0457516339869281 0.08333333333333333