0 0.5064469914040115 0.29581151832460734 0.06446991404011461 0.08900523560209424
0 0.12750716332378223 0.2761780104712042 0.05730659025787966 0.060209424083769635
0 0.1998567335243553 0.5353403141361257 0.0673352435530086 0.08638743455497382
0 0.1840974212034384 0.5916230366492147 0.05873925501432665 0.09947643979057591
0 0.07879656160458452 0.8206806282722513 0.06303724928366762 0.07591623036649214
0 0.4813753581661891 0.9044502617801047 0.054441260744985676 0.0968586387434555
0 0.7213467048710601 0.8992146596858639 0.06446991404011461 0.08638743455497382
0 0.8166189111747851 0.8612565445026178 0.06303724928366762 0.08900523560209424
0 0.8567335243553008 0.7382198952879581 0.054441260744985676 0.1099476439790576
1 0.25859598853868193 0.2879581151832461 0.044412607449856735 0.09947643979057591
1 0.3345272206303725 0.29450261780104714 0.05300859598853868 0.09162303664921466
1 0.05730659025787966 0.3481675392670157 0.04871060171919771 0.08376963350785341
1 0.0830945558739255 0.7172774869109948 0.054441260744985676 0.06806282722513089
1 0.23137535816618912 0.837696335078534 0.0673352435530086 0.08376963350785341
1 0.31876790830945556 0.8586387434554974 0.05873925501432665 0.08900523560209424
1 0.5408309455587392 0.8979057591623036 0.05873925501432665 0.08900523560209424
1 0.6926934097421203 0.6479057591623036 0.07306590257879657 0.09162303664921466
1 0.8689111747851003 0.693717277486911 0.06160458452722063 0.08900523560209424