0 0.34523809523809523 0.19718309859154928 0.05555555555555555 0.0676056338028169
0 0.5285714285714286 0.21830985915492956 0.047619047619047616 0.0647887323943662
0 0.6555555555555556 0.27887323943661974 0.050793650793650794 0.09014084507042254
0 0.5341269841269841 0.47746478873239434 0.06190476190476191 0.09295774647887324
0 0.09444444444444444 0.7267605633802817 0.06507936507936508 0.08450704225352113
0 0.07777777777777778 0.6563380281690141 0.06349206349206349 0.061971830985915494
0 0.1865079365079365 0.2704225352112676 0.05873015873015873 0.07323943661971831
0 0.5611111111111111 0.8267605633802817 0.06190476190476191 0.09859154929577464
1 0.17539682539682538 0.21549295774647886 0.049206349206349205 0.0647887323943662
1 0.1007936507936508 0.46901408450704224 0.049206349206349205 0.059154929577464786
1 0.19285714285714287 0.4619718309859155 0.06507936507936508 0.07887323943661972
1 0.2492063492063492 0.5704225352112676 0.06666666666666667 0.09295774647887324
1 0.35079365079365077 0.7971830985915493 0.05396825396825397 0.10704225352112676
1 0.6722222222222223 0.3788732394366197 0.05555555555555555 0.08169014084507042
1 0.6873015873015873 0.10422535211267606 0.050793650793650794 0.07887323943661972
1 0.5293650793650794 0.44647887323943664 0.05238095238095238 0.07042253521126761