0 0.3333333333333333 0.8425925925925926 0.06535947712418301 0.09259259259259259
0 0.2065359477124183 0.71875 0.05751633986928104 0.08101851851851852
0 0.23921568627450981 0.5671296296296297 0.06013071895424837 0.06481481481481481
0 0.5411764705882353 0.35532407407407407 0.054901960784313725 0.09490740740740741
0 0.48104575163398694 0.5717592592592593 0.04183006535947712 0.08796296296296297
0 0.5424836601307189 0.6296296296296297 0.07058823529411765 0.11574074074074074
0 0.6516339869281046 0.8495370370370371 0.06666666666666667 0.09722222222222222
1 0.2477124183006536 0.3854166666666667 0.058823529411764705 0.06712962962962964
1 0.38300653594771245 0.3715277777777778 0.044444444444444446 0.07175925925925926
1 0.6052287581699346 0.13657407407407407 0.0392156862745098 0.0787037037037037
1 0.673202614379085 0.5787037037037037 0.044444444444444446 0.09722222222222222
1 0.7333333333333333 0.7627314814814815 0.05228758169934641 0.1087962962962963
1 0.46143790849673205 0.8148148148148148 0.047058823529411764 0.08333333333333333
1 0.17777777777777778 0.8159722222222222 0.047058823529411764 0.08101851851851852
1 0.19411764705882353 0.5034722222222222 0.032679738562091505 0.0625