0 0.40784313725490196 0.32175925925925924 0.05228758169934641 0.06944444444444445
0 0.37450980392156863 0.3773148148148148 0.03790849673202614 0.06481481481481481
0 0.23333333333333334 0.6030092592592593 0.050980392156862744 0.08101851851851852
0 0.534640522875817 0.6319444444444444 0.07058823529411765 0.08796296296296297
0 0.6627450980392157 0.8333333333333334 0.06013071895424837 0.08333333333333333
0 0.6045751633986928 0.2349537037037037 0.03529411764705882 0.05787037037037037
0 0.6098039215686275 0.4270833333333333 0.048366013071895426 0.0763888888888889
0 0.6392156862745098 0.3587962962962963 0.054901960784313725 0.0787037037037037
1 0.25359477124183005 0.38078703703703703 0.04183006535947712 0.07175925925925926
1 0.2372549019607843 0.48842592592592593 0.048366013071895426 0.09259259259259259
1 0.3836601307189543 0.45717592592592593 0.058823529411764705 0.07175925925925926
1 0.4496732026143791 0.3993055555555556 0.0392156862745098 0.08564814814814815
1 0.4666666666666667 0.2835648148148148 0.04183006535947712 0.08101851851851852
1 0.6542483660130719 0.14467592592592593 0.050980392156862744 0.06712962962962964
1 0.3810457516339869 0.7662037037037037 0.048366013071895426 0.09722222222222222
1 0.4372549019607843 0.8483796296296297 0.043137254901960784 0.09490740740740741