0 0.07521489971346705 0.668848167539267 0.04727793696275072 0.07591623036649214
0 0.09598853868194843 0.6426701570680629 0.054441260744985676 0.07591623036649214
0 0.07808022922636103 0.21465968586387435 0.06160458452722063 0.07853403141361257
0 0.5157593123209169 0.3075916230366492 0.054441260744985676 0.08638743455497382
0 0.5737822349570201 0.5235602094240838 0.050143266475644696 0.10471204188481675
0 0.6224928366762178 0.8272251308900523 0.0673352435530086 0.08376963350785341
0 0.8287965616045845 0.9424083769633508 0.05873925501432665 0.08900523560209424
0 0.8646131805157593 0.6178010471204188 0.050143266475644696 0.07329842931937172
0 0.8101719197707736 0.12696335078534032 0.05300859598853868 0.07591623036649214
1 0.2027220630372493 0.39790575916230364 0.06160458452722063 0.07329842931937172
1 0.11891117478510028 0.39397905759162305 0.05157593123209169 0.07591623036649214
1 0.10744985673352435 0.8664921465968587 0.06017191977077364 0.06806282722513089
1 0.7679083094555874 0.9162303664921466 0.04871060171919771 0.06806282722513089
1 0.833810888252149 0.6518324607329843 0.0659025787965616 0.07329842931937172
1 0.9419770773638968 0.418848167539267 0.05300859598853868 0.08376963350785341
1 0.8918338108882522 0.281413612565445 0.055873925501432664 0.07591623036649214
1 0.3975644699140401 0.4986910994764398 0.050143266475644696 0.09162303664921466
1 0.3545845272206304 0.29712041884816753 0.05300859598853868 0.08115183246073299