0 0.08492063492063492 0.7070422535211267 0.049206349206349205 0.08450704225352113
0 0.20396825396825397 0.7549295774647887 0.05238095238095238 0.07887323943661972
0 0.2571428571428571 0.8 0.06031746031746032 0.11267605633802817
0 0.3349206349206349 0.3084507042253521 0.05714285714285714 0.10985915492957747
0 0.30634920634920637 0.19295774647887323 0.044444444444444446 0.07042253521126761
0 0.3603174603174603 0.21971830985915494 0.05714285714285714 0.11267605633802817
0 0.9285714285714286 0.20140845070422536 0.050793650793650794 0.10422535211267606
1 0.13968253968253969 0.43380281690140843 0.05714285714285714 0.061971830985915494
1 0.18571428571428572 0.4859154929577465 0.06666666666666667 0.09295774647887324
1 0.1595238095238095 0.3436619718309859 0.049206349206349205 0.07887323943661972
1 0.16428571428571428 0.21971830985915494 0.04285714285714286 0.08450704225352113
1 0.5111111111111111 0.23661971830985915 0.06031746031746032 0.09577464788732394
1 0.7547619047619047 0.1563380281690141 0.04285714285714286 0.09859154929577464
1 0.4650793650793651 0.823943661971831 0.06031746031746032 0.11549295774647887