0 0.24313725490196078 0.3645833333333333 0.04183006535947712 0.0763888888888889
0 0.2196078431372549 0.4479166666666667 0.036601307189542485 0.0763888888888889
0 0.37777777777777777 0.5787037037037037 0.05228758169934641 0.08333333333333333
0 0.17908496732026144 0.7407407407407407 0.047058823529411764 0.06018518518518518
0 0.6078431372549019 0.32060185185185186 0.047058823529411764 0.06712962962962964
0 0.6928104575163399 0.2361111111111111 0.04967320261437908 0.06481481481481481
1 0.6431372549019608 0.13541666666666666 0.04183006535947712 0.06712962962962964
1 0.8542483660130719 0.2511574074074074 0.0457516339869281 0.07175925925925926
1 0.4588235294117647 0.34953703703703703 0.044444444444444446 0.09259259259259259
1 0.369281045751634 0.35300925925925924 0.043137254901960784 0.0763888888888889
1 0.37254901960784315 0.4618055555555556 0.047058823529411764 0.08564814814814815
1 0.2196078431372549 0.5474537037037037 0.044444444444444446 0.07175925925925926
1 0.3431372549019608 0.6643518518518519 0.0457516339869281 0.08333333333333333
1 0.2823529411764706 0.8564814814814815 0.054901960784313725 0.09259259259259259