0 0.4871060171919771 0.38219895287958117 0.054441260744985676 0.09424083769633508
0 0.44197707736389685 0.3219895287958115 0.055873925501432664 0.10471204188481675
0 0.11318051575931232 0.32722513089005234 0.05157593123209169 0.09424083769633508
0 0.08954154727793696 0.5392670157068062 0.050143266475644696 0.07329842931937172
0 0.22277936962750716 0.4031413612565445 0.050143266475644696 0.09424083769633508
0 0.2593123209169054 0.36387434554973824 0.04871060171919771 0.07329842931937172
0 0.3560171919770774 0.7198952879581152 0.05300859598853868 0.09424083769633508
0 0.4169054441260745 0.8900523560209425 0.054441260744985676 0.09424083769633508
0 0.5487106017191977 0.8638743455497382 0.054441260744985676 0.09947643979057591
1 0.06303724928366762 0.7931937172774869 0.04871060171919771 0.06806282722513089
1 0.1991404011461318 0.7473821989528796 0.04871060171919771 0.08115183246073299
1 0.25573065902578795 0.8363874345549738 0.050143266475644696 0.08115183246073299
1 0.25716332378223494 0.26570680628272253 0.04727793696275072 0.07068062827225131
1 0.3044412607449857 0.281413612565445 0.044412607449856735 0.08638743455497382
1 0.4075931232091691 0.4908376963350785 0.050143266475644696 0.10209424083769633
1 0.5909742120343839 0.2342931937172775 0.04154727793696275 0.09162303664921466
1 0.7342406876790831 0.8952879581151832 0.05300859598853868 0.08900523560209424