0 0.2328080229226361 0.41492146596858637 0.055873925501432664 0.09162303664921466
0 0.31876790830945556 0.42277486910994766 0.050143266475644696 0.10732984293193717
0 0.13825214899713467 0.40445026178010474 0.050143266475644696 0.08115183246073299
0 0.10816618911174786 0.3730366492146597 0.050143266475644696 0.06544502617801047
0 0.4491404011461318 0.2905759162303665 0.044412607449856735 0.07853403141361257
0 0.4684813753581662 0.38219895287958117 0.05157593123209169 0.08900523560209424
0 0.4140401146131805 0.7958115183246073 0.05157593123209169 0.09947643979057591
0 0.40974212034383956 0.8913612565445026 0.04871060171919771 0.07591623036649214
0 0.4462750716332378 0.6701570680628273 0.06160458452722063 0.08900523560209424
0 0.5343839541547278 0.9175392670157068 0.05730659025787966 0.0968586387434555
1 0.24785100286532952 0.2486910994764398 0.05157593123209169 0.07329842931937172
1 0.28796561604584525 0.3481675392670157 0.04297994269340974 0.09424083769633508
1 0.09455587392550144 0.5471204188481675 0.045845272206303724 0.08900523560209424
1 0.19054441260744986 0.6321989528795812 0.054441260744985676 0.08115183246073299
1 0.2170487106017192 0.7670157068062827 0.050143266475644696 0.08900523560209424
1 0.24498567335243554 0.8651832460732984 0.045845272206303724 0.08115183246073299
1 0.6783667621776505 0.7146596858638743 0.050143266475644696 0.09947643979057591
1 0.7292263610315186 0.8979057591623036 0.05157593123209169 0.08376963350785341
1 0.6045845272206304 0.22774869109947643 0.04297994269340974 0.08376963350785341