0 0.8055555555555556 0.27887323943661974 0.06190476190476191 0.09577464788732394
0 0.3373015873015873 0.19436619718309858 0.04285714285714286 0.061971830985915494
0 0.20555555555555555 0.2647887323943662 0.049206349206349205 0.08450704225352113
0 0.18571428571428572 0.3056338028169014 0.05396825396825397 0.07605633802816901
0 0.0626984126984127 0.6774647887323944 0.03333333333333333 0.07042253521126761
0 0.09682539682539683 0.7408450704225352 0.06031746031746032 0.09014084507042254
0 0.5611111111111111 0.8267605633802817 0.06190476190476191 0.09859154929577464
1 0.2571428571428571 0.6070422535211267 0.05714285714285714 0.09859154929577464
1 0.346031746031746 0.7873239436619718 0.047619047619047616 0.08732394366197183
1 0.19126984126984126 0.4704225352112676 0.05555555555555555 0.09014084507042254
1 0.10158730158730159 0.476056338028169 0.05714285714285714 0.0676056338028169
1 0.34444444444444444 0.2633802816901408 0.047619047619047616 0.08732394366197183
1 0.17857142857142858 0.21971830985915494 0.03333333333333333 0.07323943661971831
1 0.6785714285714286 0.04507042253521127 0.049206349206349205 0.07887323943661972
1 0.926984126984127 0.1563380281690141 0.05396825396825397 0.09295774647887324