0 0.32936507936507936 0.20422535211267606 0.049206349206349205 0.07605633802816901
0 0.7055555555555556 0.20985915492957746 0.05555555555555555 0.07605633802816901
0 0.9476190476190476 0.7591549295774648 0.04126984126984127 0.0647887323943662
0 0.8071428571428572 0.8788732394366198 0.05555555555555555 0.10140845070422536
0 0.792063492063492 0.847887323943662 0.03492063492063492 0.09577464788732394
0 0.44206349206349205 0.7605633802816901 0.05238095238095238 0.10140845070422536
0 0.08492063492063492 0.7464788732394366 0.046031746031746035 0.08450704225352113
0 0.08492063492063492 0.6577464788732394 0.05238095238095238 0.07042253521126761
1 0.26587301587301587 0.7873239436619718 0.05555555555555555 0.09859154929577464
1 0.26031746031746034 0.6549295774647887 0.047619047619047616 0.08732394366197183
1 0.14126984126984127 0.36338028169014086 0.05714285714285714 0.07323943661971831
1 0.16428571428571428 0.223943661971831 0.03968253968253968 0.07605633802816901
1 0.7984126984126985 0.038028169014084505 0.044444444444444446 0.0647887323943662
1 0.9365079365079365 0.44366197183098594 0.06349206349206349 0.08732394366197183
1 0.9865079365079366 0.8690140845070422 0.026984126984126985 0.12112676056338029
1 0.5912698412698413 0.8507042253521127 0.05555555555555555 0.10140845070422536