0 0.5603174603174603 0.8323943661971831 0.06349206349206349 0.10422535211267606
0 0.5428571428571428 0.4788732394366197 0.06031746031746032 0.0676056338028169
0 0.5825396825396826 0.23661971830985915 0.050793650793650794 0.0676056338028169
0 0.6063492063492063 0.18873239436619718 0.050793650793650794 0.09577464788732394
0 0.34365079365079365 0.20140845070422536 0.05555555555555555 0.07042253521126761
0 0.19603174603174603 0.26901408450704223 0.06190476190476191 0.07042253521126761
0 0.06507936507936508 0.6732394366197183 0.047619047619047616 0.061971830985915494
0 0.09682539682539683 0.7366197183098592 0.06031746031746032 0.0647887323943662
1 0.10396825396825397 0.4704225352112676 0.046031746031746035 0.0676056338028169
1 0.18888888888888888 0.4619718309859155 0.06349206349206349 0.09014084507042254
1 0.25476190476190474 0.5704225352112676 0.06507936507936508 0.08169014084507042
1 0.18253968253968253 0.20985915492957746 0.050793650793650794 0.059154929577464786
1 0.6857142857142857 0.11126760563380282 0.044444444444444446 0.11549295774647887
1 0.5111111111111111 0.45774647887323944 0.044444444444444446 0.0647887323943662
1 0.669047619047619 0.3929577464788732 0.05873015873015873 0.09295774647887324
1 0.353968253968254 0.7971830985915493 0.06031746031746032 0.09014084507042254