0 0.40257879656160456 0.27225130890052357 0.045845272206303724 0.06806282722513089
0 0.4355300859598854 0.29712041884816753 0.04011461318051576 0.08115183246073299
0 0.7700573065902578 0.2683246073298429 0.06160458452722063 0.08115183246073299
0 0.2722063037249284 0.5052356020942408 0.054441260744985676 0.06806282722513089
0 0.1310888252148997 0.7526178010471204 0.050143266475644696 0.07591623036649214
0 0.3660458452722063 0.8952879581151832 0.05873925501432665 0.07329842931937172
0 0.6783667621776505 0.6295811518324608 0.05300859598853868 0.09162303664921466
1 0.44340974212034384 0.4986910994764398 0.044412607449856735 0.112565445026178
1 0.5873925501432665 0.29581151832460734 0.045845272206303724 0.09424083769633508
1 0.5752148997134671 0.12303664921465969 0.044412607449856735 0.09947643979057591
1 0.6568767908309455 0.060209424083769635 0.04727793696275072 0.08376963350785341
1 0.24426934097421205 0.28664921465968585 0.044412607449856735 0.07068062827225131
1 0.16475644699140402 0.3704188481675393 0.06303724928366762 0.06544502617801047
1 0.29011461318051573 0.7735602094240838 0.05300859598853868 0.08638743455497382
1 0.17263610315186245 0.8520942408376964 0.04727793696275072 0.07068062827225131
1 0.5959885386819485 0.8599476439790575 0.05730659025787966 0.08115183246073299