0 0.22941176470588234 0.3541666666666667 0.040522875816993466 0.05555555555555555
0 0.23333333333333334 0.43287037037037035 0.040522875816993466 0.06481481481481481
0 0.3836601307189543 0.5416666666666666 0.05359477124183006 0.06481481481481481
0 0.17450980392156862 0.6782407407407407 0.0457516339869281 0.0787037037037037
0 0.1803921568627451 0.7893518518518519 0.04183006535947712 0.07407407407407407
0 0.5137254901960784 0.6261574074074074 0.05228758169934641 0.09490740740740741
0 0.5849673202614379 0.33564814814814814 0.0457516339869281 0.08796296296296297
0 0.565359477124183 0.5497685185185185 0.058823529411764705 0.0763888888888889
1 0.36405228758169933 0.35648148148148145 0.0457516339869281 0.06944444444444445
1 0.36993464052287583 0.4479166666666667 0.054901960784313725 0.0763888888888889
1 0.21764705882352942 0.53125 0.03529411764705882 0.08564814814814815
1 0.3287581699346405 0.6203703703703703 0.043137254901960784 0.08333333333333333
1 0.3483660130718954 0.7233796296296297 0.048366013071895426 0.09953703703703703
1 0.41633986928104577 0.8599537037037037 0.06666666666666667 0.08101851851851852
1 0.7137254901960784 0.7210648148148148 0.05751633986928104 0.10416666666666667
1 0.4294117647058823 0.3738425925925926 0.050980392156862744 0.07175925925925926