0 0.9274509803921569 0.7094907407407407 0.040522875816993466 0.08564814814814815
0 0.826797385620915 0.3680555555555556 0.05620915032679739 0.0787037037037037
0 0.545751633986928 0.5335648148148148 0.05620915032679739 0.10416666666666667
0 0.5287581699346405 0.6018518518518519 0.05359477124183006 0.05555555555555555
0 0.5849673202614379 0.30787037037037035 0.040522875816993466 0.05555555555555555
0 0.23790849673202613 0.36574074074074076 0.044444444444444446 0.06018518518518518
0 0.1830065359477124 0.7118055555555556 0.047058823529411764 0.05787037037037037
1 0.2261437908496732 0.4537037037037037 0.044444444444444446 0.06944444444444445
1 0.3673202614379085 0.3680555555555556 0.04967320261437908 0.08333333333333333
1 0.44640522875816996 0.36574074074074076 0.043137254901960784 0.08333333333333333
1 0.6339869281045751 0.29050925925925924 0.036601307189542485 0.07175925925925926
1 0.7647058823529411 0.1909722222222222 0.04183006535947712 0.05324074074074074
1 0.7647058823529411 0.7094907407407407 0.05751633986928104 0.09490740740740741
1 0.6254901960784314 0.7025462962962963 0.05359477124183006 0.0763888888888889
1 0.5647058823529412 0.19328703703703703 0.026143790849673203 0.09027777777777778