0 0.515686274509804 0.625 0.058823529411764705 0.10648148148148148
0 0.3993464052287582 0.3275462962962963 0.0457516339869281 0.07175925925925926
0 0.2261437908496732 0.36574074074074076 0.05228758169934641 0.05555555555555555
0 0.1803921568627451 0.8252314814814815 0.036601307189542485 0.0625
0 0.6777777777777778 0.8645833333333334 0.05359477124183006 0.05324074074074074
1 0.14967320261437908 0.5416666666666666 0.06405228758169934 0.06018518518518518
1 0.3535947712418301 0.8518518518518519 0.040522875816993466 0.09259259259259259
1 0.28823529411764703 0.7395833333333334 0.05359477124183006 0.09027777777777778
1 0.5522875816993464 0.38773148148148145 0.043137254901960784 0.09027777777777778
1 0.4647058823529412 0.7789351851851852 0.043137254901960784 0.09953703703703703
1 0.6 0.5914351851851852 0.06274509803921569 0.0763888888888889
1 0.6934640522875817 0.6747685185185185 0.040522875816993466 0.09490740740740741
1 0.8313725490196079 0.6388888888888888 0.06013071895424837 0.0787037037037037