0 0.08333333333333333 0.7112676056338029 0.049206349206349205 0.09295774647887324
0 0.08412698412698413 0.6366197183098592 0.05714285714285714 0.08450704225352113
0 0.31666666666666665 0.20140845070422536 0.046031746031746035 0.07605633802816901
0 0.5476190476190477 0.21267605633802816 0.04126984126984127 0.0647887323943662
0 0.6134920634920635 0.26901408450704223 0.05555555555555555 0.07042253521126761
0 0.5619047619047619 0.39436619718309857 0.05714285714285714 0.10704225352112676
0 0.44047619047619047 0.4859154929577465 0.06825396825396825 0.10985915492957747
0 0.5222222222222223 0.7971830985915493 0.05714285714285714 0.09577464788732394
1 0.13968253968253969 0.376056338028169 0.06666666666666667 0.08169014084507042
1 0.16904761904761906 0.21971830985915494 0.046031746031746035 0.07887323943661972
1 0.40476190476190477 0.2295774647887324 0.05714285714285714 0.08732394366197183
1 0.5936507936507937 0.0676056338028169 0.05714285714285714 0.08450704225352113
1 0.7103174603174603 0.5887323943661972 0.06825396825396825 0.08450704225352113
1 0.29444444444444445 0.819718309859155 0.05555555555555555 0.09014084507042254
1 0.2523809523809524 0.7605633802816901 0.05714285714285714 0.08450704225352113
1 0.3134920634920635 0.6225352112676056 0.049206349206349205 0.10704225352112676