0 0.5594771241830065 0.2835648148148148 0.05228758169934641 0.07175925925925926
0 0.5366013071895425 0.30671296296296297 0.050980392156862744 0.09953703703703703
0 0.6627450980392157 0.21875 0.044444444444444446 0.07175925925925926
0 0.8111111111111111 0.16666666666666666 0.0457516339869281 0.07407407407407407
0 0.5215686274509804 0.6331018518518519 0.06535947712418301 0.09490740740740741
0 0.6594771241830065 0.8379629629629629 0.05359477124183006 0.0787037037037037
0 0.24705882352941178 0.3680555555555556 0.044444444444444446 0.06481481481481481
0 0.23921568627450981 0.5798611111111112 0.047058823529411764 0.08564814814814815
1 0.35751633986928105 0.37962962962962965 0.03790849673202614 0.08796296296296297
1 0.42745098039215684 0.40625 0.04967320261437908 0.09027777777777778
1 0.38562091503267976 0.46296296296296297 0.05751633986928104 0.07407407407407407
1 0.38235294117647056 0.7638888888888888 0.050980392156862744 0.0787037037037037
1 0.4418300653594771 0.8472222222222222 0.04967320261437908 0.09259259259259259
1 0.8281045751633986 0.2523148148148148 0.058823529411764705 0.10185185185185185
1 0.6483660130718955 0.12962962962962962 0.047058823529411764 0.06944444444444445
1 0.6882352941176471 0.1388888888888889 0.03790849673202614 0.07407407407407407