0 0.5699346405228758 0.3368055555555556 0.047058823529411764 0.08101851851851852
0 0.2411764705882353 0.37037037037037035 0.03790849673202614 0.0787037037037037
0 0.2222222222222222 0.46875 0.05228758169934641 0.07175925925925926
0 0.20718954248366014 0.7476851851851852 0.040522875816993466 0.0787037037037037
0 0.18169934640522875 0.8287037037037037 0.047058823529411764 0.08796296296296297
0 0.7124183006535948 0.7997685185185185 0.047058823529411764 0.07175925925925926
0 0.7470588235294118 0.8321759259259259 0.05359477124183006 0.0763888888888889
0 0.8248366013071895 0.6909722222222222 0.08888888888888889 0.06712962962962964
1 0.42483660130718953 0.3761574074074074 0.04183006535947712 0.08101851851851852
1 0.3633986928104575 0.36342592592592593 0.036601307189542485 0.08796296296296297
1 0.3738562091503268 0.47685185185185186 0.05228758169934641 0.1111111111111111
1 0.2830065359477124 0.5277777777777778 0.06666666666666667 0.09259259259259259
1 0.34901960784313724 0.8321759259259259 0.06013071895424837 0.10416666666666667
1 0.5084967320261438 0.8460648148148148 0.06013071895424837 0.09027777777777778
1 0.9091503267973856 0.7418981481481481 0.05359477124183006 0.09953703703703703
1 0.8581699346405228 0.4699074074074074 0.06405228758169934 0.09259259259259259