0 0.252865329512894 0.2356020942408377 0.06160458452722063 0.06806282722513089
0 0.08022922636103152 0.6047120418848168 0.054441260744985676 0.07853403141361257
0 0.1332378223495702 0.7617801047120419 0.04297994269340974 0.07329842931937172
0 0.3624641833810888 0.8730366492146597 0.05730659025787966 0.08638743455497382
0 0.3839541547277937 0.6544502617801047 0.05730659025787966 0.09424083769633508
0 0.5687679083094556 0.387434554973822 0.04297994269340974 0.08376963350785341
0 0.3954154727793696 0.2604712041884817 0.054441260744985676 0.06544502617801047
0 0.7177650429799427 0.7840314136125655 0.03724928366762178 0.09162303664921466
0 0.7406876790830945 0.8429319371727748 0.03724928366762178 0.08376963350785341
1 0.23209169054441262 0.5235602094240838 0.0659025787965616 0.06282722513089005
1 0.1683381088825215 0.45157068062827227 0.04154727793696275 0.09162303664921466
1 0.2915472779369627 0.7604712041884817 0.05300859598853868 0.09162303664921466
1 0.16905444126074498 0.8534031413612565 0.045845272206303724 0.09424083769633508
1 0.5286532951289399 0.8442408376963351 0.054441260744985676 0.08638743455497382
1 0.5673352435530086 0.8298429319371727 0.03724928366762178 0.11518324607329843
1 0.5931232091690545 0.9568062827225131 0.04871060171919771 0.08638743455497382
1 0.5931232091690545 0.3036649214659686 0.04011461318051576 0.09424083769633508
1 0.3946991404011461 0.3481675392670157 0.06446991404011461 0.08900523560209424
1 0.3681948424068768 0.28403141361256545 0.045845272206303724 0.09162303664921466