0 0.07951289398280802 0.5549738219895288 0.04154727793696275 0.07329842931937172
0 0.11461318051575932 0.5013089005235603 0.045845272206303724 0.07068062827225131
0 0.15616045845272206 0.5929319371727748 0.045845272206303724 0.07068062827225131
0 0.2994269340974212 0.6426701570680629 0.04011461318051576 0.06544502617801047
0 0.45916905444126077 0.7945026178010471 0.044412607449856735 0.07068062827225131
0 0.4828080229226361 0.9149214659685864 0.05157593123209169 0.09162303664921466
0 0.504297994269341 0.5863874345549738 0.04297994269340974 0.08376963350785341
0 0.44197707736389685 0.281413612565445 0.04727793696275072 0.08115183246073299
0 0.413323782234957 0.3023560209424084 0.03868194842406877 0.07068062827225131
0 0.3116045845272206 0.4175392670157068 0.044412607449856735 0.07591623036649214
1 0.28653295128939826 0.8678010471204188 0.04011461318051576 0.060209424083769635
1 0.2822349570200573 0.7408376963350786 0.03724928366762178 0.08900523560209424
1 0.49140401146131807 0.6819371727748691 0.045845272206303724 0.07591623036649214
1 0.333810888252149 0.5575916230366492 0.05730659025787966 0.08900523560209424
1 0.4785100286532951 0.4895287958115183 0.05157593123209169 0.06806282722513089
1 0.5931232091690545 0.3324607329842932 0.034383954154727794 0.07329842931937172
1 0.24641833810888253 0.28403141361256545 0.03724928366762178 0.07591623036649214
1 0.13896848137535817 0.25392670157068065 0.04297994269340974 0.06282722513089005
1 0.20057306590257878 0.8259162303664922 0.04297994269340974 0.060209424083769635
1 0.08237822349570201 0.8023560209424084 0.050143266475644696 0.0549738219895288