0 0.6235294117647059 0.33101851851851855 0.0392156862745098 0.06481481481481481
0 0.5738562091503268 0.31712962962962965 0.044444444444444446 0.06944444444444445
0 0.5176470588235295 0.49421296296296297 0.04183006535947712 0.07175925925925926
0 0.23529411764705882 0.47685185185185186 0.05228758169934641 0.0787037037037037
0 0.16993464052287582 0.7326388888888888 0.04967320261437908 0.0763888888888889
0 0.3209150326797386 0.5150462962962963 0.05359477124183006 0.08101851851851852
0 0.45816993464052286 0.8043981481481481 0.058823529411764705 0.07175925925925926
0 0.7281045751633987 0.7962962962962963 0.044444444444444446 0.0787037037037037
1 0.32679738562091504 0.8483796296296297 0.044444444444444446 0.09490740740740741
1 0.3437908496732026 0.78125 0.07058823529411765 0.05324074074074074
1 0.40522875816993464 0.5497685185185185 0.05751633986928104 0.05787037037037037
1 0.35555555555555557 0.46296296296296297 0.0392156862745098 0.08333333333333333
1 0.3562091503267974 0.3680555555555556 0.03529411764705882 0.07407407407407407
1 0.5379084967320261 0.5509259259259259 0.05620915032679739 0.07407407407407407
1 0.6215686274509804 0.13078703703703703 0.0457516339869281 0.0625
1 0.9183006535947712 0.7569444444444444 0.03529411764705882 0.0787037037037037