0 0.1758169934640523 0.7870370370370371 0.05359477124183006 0.0787037037037037
0 0.3509803921568627 0.6759259259259259 0.058823529411764705 0.0787037037037037
0 0.19477124183006536 0.6145833333333334 0.047058823529411764 0.08564814814814815
0 0.373202614379085 0.5717592592592593 0.05620915032679739 0.0787037037037037
0 0.8444444444444444 0.8159722222222222 0.05751633986928104 0.07175925925925926
0 0.6078431372549019 0.3333333333333333 0.04967320261437908 0.09722222222222222
0 0.24183006535947713 0.3541666666666667 0.047058823529411764 0.07407407407407407
0 0.23202614379084968 0.4386574074074074 0.050980392156862744 0.09027777777777778
1 0.7490196078431373 0.5949074074074074 0.06274509803921569 0.08796296296296297
1 0.4594771241830065 0.36689814814814814 0.0457516339869281 0.08101851851851852
1 0.36993464052287583 0.35648148148148145 0.044444444444444446 0.08333333333333333
1 0.37058823529411766 0.4652777777777778 0.050980392156862744 0.08796296296296297
1 0.21895424836601307 0.5254629629629629 0.043137254901960784 0.07407407407407407
1 0.34248366013071896 0.6712962962962963 0.05228758169934641 0.1111111111111111
1 0.5202614379084968 0.8518518518518519 0.047058823529411764 0.09722222222222222
1 0.3326797385620915 0.8402777777777778 0.05620915032679739 0.10185185185185185