0 0.24901960784313726 0.36342592592592593 0.040522875816993466 0.06944444444444445
0 0.6163398692810458 0.3333333333333333 0.05359477124183006 0.10185185185185185
0 0.7875816993464052 0.4039351851851852 0.050980392156862744 0.06712962962962964
0 0.8366013071895425 0.5011574074074074 0.07320261437908497 0.05787037037037037
0 0.6601307189542484 0.8356481481481481 0.06013071895424837 0.08333333333333333
0 0.5137254901960784 0.4363425925925926 0.05228758169934641 0.07175925925925926
0 0.23790849673202613 0.5 0.04967320261437908 0.06481481481481481
0 0.22679738562091503 0.38310185185185186 0.03790849673202614 0.05787037037037037
1 0.3686274509803922 0.38078703703703703 0.03398692810457516 0.07175925925925926
1 0.39673202614379083 0.4791666666666667 0.03790849673202614 0.08333333333333333
1 0.2235294117647059 0.6111111111111112 0.04967320261437908 0.06018518518518518
1 0.4392156862745098 0.8425925925925926 0.054901960784313725 0.09722222222222222
1 0.4045751633986928 0.6666666666666666 0.05620915032679739 0.0787037037037037
1 0.4594771241830065 0.3576388888888889 0.048366013071895426 0.08101851851851852
1 0.807843137254902 0.1724537037037037 0.06013071895424837 0.06712962962962964
1 0.9111111111111111 0.7592592592592593 0.05751633986928104 0.06944444444444445