0 0.13252148997134672 0.25785340314136124 0.050143266475644696 0.07591623036649214
0 0.505730659025788 0.31282722513089006 0.05730659025787966 0.07591623036649214
0 0.7815186246418339 0.2787958115183246 0.04727793696275072 0.07591623036649214
0 0.7836676217765043 0.40575916230366493 0.04871060171919771 0.08376963350785341
0 0.829512893982808 0.43455497382198954 0.05730659025787966 0.07329842931937172
0 0.5630372492836676 0.8887434554973822 0.05730659025787966 0.09162303664921466
0 0.3624641833810888 0.6243455497382199 0.0659025787965616 0.08115183246073299
0 0.3001432664756447 0.6191099476439791 0.05300859598853868 0.09162303664921466
0 0.05730659025787966 0.6767015706806283 0.05730659025787966 0.060209424083769635
1 0.1010028653295129 0.8821989528795812 0.06160458452722063 0.07853403141361257
1 0.08739255014326648 0.6295811518324608 0.054441260744985676 0.08638743455497382
1 0.5128939828080229 0.8167539267015707 0.06876790830945559 0.08376963350785341
1 0.7299426934097422 0.8992146596858639 0.05873925501432665 0.08115183246073299
1 0.8116045845272206 0.6793193717277487 0.05873925501432665 0.09162303664921466
1 0.9004297994269341 0.20157068062827224 0.050143266475644696 0.07853403141361257
1 0.8416905444126075 0.08769633507853403 0.03581661891117478 0.07591623036649214
1 0.335243553008596 0.2918848167539267 0.045845272206303724 0.07068062827225131
1 0.27435530085959886 0.28403141361256545 0.055873925501432664 0.09162303664921466