0 0.4539568345323741 0.41424802110817943 0.06762589928057554 0.10026385224274406
0 0.30071942446043165 0.12269129287598944 0.05755395683453238 0.08179419525065963
0 0.6014388489208633 0.21240105540897097 0.05467625899280575 0.10290237467018469
0 0.597841726618705 0.07387862796833773 0.04748201438848921 0.09498680738786279
0 0.6971223021582734 0.2757255936675462 0.053237410071942444 0.07651715039577836
0 0.8136690647482014 0.33641160949868076 0.053237410071942444 0.09762532981530343
0 0.8431654676258993 0.49076517150395776 0.04892086330935252 0.10026385224274406
0 0.441726618705036 0.6160949868073878 0.05467625899280575 0.08179419525065963
1 0.8820143884892087 0.2598944591029024 0.06618705035971223 0.08179419525065963
1 0.8877697841726618 0.1503957783641161 0.06618705035971223 0.10554089709762533
1 0.8035971223021583 0.11609498680738786 0.053237410071942444 0.10026385224274406
1 0.6273381294964029 0.43007915567282323 0.05467625899280575 0.09498680738786279
1 0.4014388489208633 0.32058047493403696 0.05467625899280575 0.10817941952506596
1 0.541726618705036 0.10158311345646438 0.053237410071942444 0.12401055408970976
1 0.2949640287769784 0.4973614775725594 0.05755395683453238 0.08179419525065963
1 0.6223021582733813 0.6662269129287599 0.053237410071942444 0.08179419525065963