0 0.10873015873015873 0.6619718309859155 0.05873015873015873 0.07887323943661972
0 0.09126984126984126 0.7366197183098592 0.06507936507936508 0.09859154929577464
0 0.6563492063492063 0.8394366197183099 0.06507936507936508 0.10140845070422536
0 0.3746031746031746 0.6183098591549295 0.06349206349206349 0.09859154929577464
0 0.3261904761904762 0.2028169014084507 0.05555555555555555 0.0676056338028169
0 0.326984126984127 0.31408450704225355 0.06349206349206349 0.07605633802816901
0 0.4103174603174603 0.223943661971831 0.05238095238095238 0.09859154929577464
0 0.7682539682539683 0.07323943661971831 0.050793650793650794 0.07887323943661972
1 0.13412698412698412 0.38309859154929576 0.06825396825396825 0.09014084507042254
1 0.16507936507936508 0.21830985915492956 0.044444444444444446 0.08169014084507042
1 0.4753968253968254 0.3436619718309859 0.046031746031746035 0.10140845070422536
1 0.5785714285714286 0.2380281690140845 0.049206349206349205 0.11549295774647887
1 0.6706349206349206 0.13943661971830987 0.03968253968253968 0.09295774647887324
1 0.44841269841269843 0.8169014084507042 0.05238095238095238 0.10140845070422536
1 0.2492063492063492 0.4126760563380282 0.06031746031746032 0.08169014084507042
1 0.25952380952380955 0.7830985915492957 0.06507936507936508 0.09577464788732394