0 0.2169934640522876 0.44212962962962965 0.054901960784313725 0.06018518518518518
0 0.26601307189542484 0.3993055555555556 0.043137254901960784 0.0625
0 0.24052287581699347 0.5509259259259259 0.06274509803921569 0.05092592592592592
0 0.20980392156862746 0.7361111111111112 0.058823529411764705 0.06481481481481481
0 0.673202614379085 0.8182870370370371 0.05751633986928104 0.06712962962962964
0 0.8901960784313725 0.6296296296296297 0.07581699346405228 0.09259259259259259
0 0.7934640522875817 0.33796296296296297 0.05751633986928104 0.08333333333333333
0 0.6091503267973856 0.1724537037037037 0.047058823529411764 0.08101851851851852
1 0.39869281045751637 0.39699074074074076 0.05228758169934641 0.09027777777777778
1 0.36797385620915035 0.7048611111111112 0.06405228758169934 0.11342592592592593
1 0.35228758169934643 0.8425925925925926 0.050980392156862744 0.08333333333333333
1 0.465359477124183 0.8541666666666666 0.054901960784313725 0.08796296296296297
1 0.7581699346405228 0.8055555555555556 0.04967320261437908 0.07407407407407407
1 0.8241830065359477 0.14699074074074073 0.05620915032679739 0.07175925925925926
1 0.7405228758169935 0.14699074074074073 0.048366013071895426 0.05787037037037037