0 0.6848137535816619 0.506544502617801 0.054441260744985676 0.06544502617801047
0 0.751432664756447 0.7918848167539267 0.04727793696275072 0.09162303664921466
0 0.7227793696275072 0.9044502617801047 0.04727793696275072 0.08115183246073299
0 0.417621776504298 0.3494764397905759 0.055873925501432664 0.08115183246073299
0 0.4169054441260745 0.27486910994764396 0.04297994269340974 0.07329842931937172
0 0.4491404011461318 0.331151832460733 0.050143266475644696 0.0968586387434555
0 0.11103151862464183 0.4280104712041885 0.055873925501432664 0.08638743455497382
0 0.15759312320916904 0.5026178010471204 0.06017191977077364 0.10471204188481675
0 0.1318051575931232 0.6780104712041884 0.04297994269340974 0.07853403141361257
0 0.35816618911174786 0.8638743455497382 0.05730659025787966 0.09424083769633508
1 0.21275071633237821 0.2670157068062827 0.05873925501432665 0.07853403141361257
1 0.252865329512894 0.29450261780104714 0.03868194842406877 0.0968586387434555
1 0.2593123209169054 0.43848167539267013 0.05157593123209169 0.10732984293193717
1 0.07593123209169055 0.6832460732984293 0.054441260744985676 0.07329842931937172
1 0.29083094555873923 0.7552356020942408 0.045845272206303724 0.0968586387434555
1 0.17406876790830947 0.837696335078534 0.050143266475644696 0.07853403141361257
1 0.5358166189111748 0.8887434554973822 0.045845272206303724 0.10732984293193717
1 0.5909742120343839 0.806282722513089 0.050143266475644696 0.09947643979057591
1 0.7048710601719198 0.225130890052356 0.054441260744985676 0.08376963350785341
1 0.585243553008596 0.29450261780104714 0.04727793696275072 0.08115183246073299