0 0.2992805755395683 0.11873350923482849 0.051798561151079135 0.08443271767810026
0 0.40863309352517985 0.604221635883905 0.04892086330935252 0.079155672823219
0 0.47697841726618706 0.6464379947229552 0.04748201438848921 0.079155672823219
0 0.4712230215827338 0.5817941952506597 0.058992805755395686 0.08179419525065963
0 0.581294964028777 0.20448548812664907 0.05467625899280575 0.0870712401055409
0 0.818705035971223 0.341688654353562 0.04892086330935252 0.08179419525065963
0 0.839568345323741 0.4947229551451187 0.05611510791366906 0.08179419525065963
0 0.7115107913669064 0.28100263852242746 0.06474820143884892 0.09234828496042216
1 0.2841726618705036 0.39577836411609496 0.053237410071942444 0.08443271767810026
1 0.5467625899280576 0.0633245382585752 0.06330935251798561 0.08970976253298153
1 0.7971223021582734 0.12269129287598944 0.05467625899280575 0.09762532981530343
1 0.4827338129496403 0.28891820580474936 0.06762589928057554 0.09234828496042216
1 0.6316546762589929 0.4419525065963061 0.06330935251798561 0.09762532981530343
1 0.6359712230215827 0.6530343007915568 0.06330935251798561 0.10290237467018469
1 0.8892086330935252 0.2638522427440633 0.05755395683453238 0.10026385224274406
1 0.8906474820143885 0.1517150395778364 0.05467625899280575 0.10290237467018469