0 0.30730659025787965 0.5314136125654451 0.07020057306590258 0.06282722513089005
0 0.25 0.5431937172774869 0.055873925501432664 0.08115183246073299
0 0.06948424068767908 0.7696335078534031 0.04154727793696275 0.07853403141361257
0 0.32593123209169056 0.8350785340314136 0.055873925501432664 0.08376963350785341
0 0.5171919770773639 0.856020942408377 0.04871060171919771 0.07329842931937172
0 0.5415472779369628 0.8350785340314136 0.045845272206303724 0.07329842931937172
0 0.5651862464183381 0.918848167539267 0.06160458452722063 0.10471204188481675
0 0.8051575931232091 0.2212041884816754 0.045845272206303724 0.07591623036649214
1 0.2786532951289398 0.2905759162303665 0.055873925501432664 0.07329842931937172
1 0.23137535816618912 0.7382198952879581 0.04154727793696275 0.08376963350785341
1 0.16117478510028654 0.8455497382198953 0.05300859598853868 0.07329842931937172
1 0.3302292263610315 0.774869109947644 0.06446991404011461 0.05235602094240838
1 0.36031518624641834 0.8821989528795812 0.04727793696275072 0.10471204188481675
1 0.6769340974212035 0.6230366492146597 0.050143266475644696 0.07853403141361257
1 0.6475644699140402 0.08507853403141362 0.045845272206303724 0.08115183246073299
1 0.9297994269340975 0.42670157068062825 0.05730659025787966 0.07329842931937172
1 0.7449856733524355 0.8965968586387435 0.05157593123209169 0.08638743455497382