0 0.7339869281045751 0.8125 0.06666666666666667 0.08796296296296297
0 0.5843137254901961 0.4085648148148148 0.044444444444444446 0.07175925925925926
0 0.5470588235294118 0.3229166666666667 0.048366013071895426 0.0763888888888889
0 0.22287581699346407 0.38425925925925924 0.048366013071895426 0.09259259259259259
0 0.2601307189542484 0.4398148148148148 0.04967320261437908 0.06944444444444445
0 0.3509803921568627 0.5185185185185185 0.058823529411764705 0.08796296296296297
0 0.20261437908496732 0.7349537037037037 0.054901960784313725 0.0763888888888889
0 0.6 0.7800925925925926 0.06535947712418301 0.0787037037037037
1 0.3562091503267974 0.3541666666666667 0.048366013071895426 0.06481481481481481
1 0.39869281045751637 0.35185185185185186 0.047058823529411764 0.06481481481481481
1 0.1980392156862745 0.6539351851851852 0.05359477124183006 0.05787037037037037
1 0.3633986928104575 0.8506944444444444 0.04183006535947712 0.08101851851851852
1 0.2830065359477124 0.7824074074074074 0.07712418300653595 0.05092592592592592
1 0.5516339869281046 0.4363425925925926 0.054901960784313725 0.08564814814814815
1 0.7745098039215687 0.4976851851851852 0.043137254901960784 0.08796296296296297
1 0.9235294117647059 0.7569444444444444 0.032679738562091505 0.08333333333333333