0 0.24313725490196078 0.37037037037037035 0.036601307189542485 0.08333333333333333
0 0.403921568627451 0.35648148148148145 0.047058823529411764 0.08333333333333333
0 0.7803921568627451 0.2569444444444444 0.06797385620915032 0.0787037037037037
0 0.18496732026143792 0.7083333333333334 0.06143790849673202 0.06944444444444445
0 0.7215686274509804 0.7291666666666666 0.06274509803921569 0.0787037037037037
0 0.7470588235294118 0.8333333333333334 0.05620915032679739 0.08796296296296297
0 0.13398692810457516 0.8043981481481481 0.03529411764705882 0.09027777777777778
1 0.34901960784313724 0.3726851851851852 0.047058823529411764 0.09259259259259259
1 0.5483660130718955 0.4085648148148148 0.043137254901960784 0.10416666666666667
1 0.5947712418300654 0.3101851851851852 0.06274509803921569 0.07407407407407407
1 0.9222222222222223 0.7557870370370371 0.05359477124183006 0.09490740740740741
1 0.5581699346405229 0.8402777777777778 0.047058823529411764 0.1111111111111111
1 0.2581699346405229 0.8599537037037037 0.050980392156862744 0.10416666666666667
1 0.2169934640522876 0.45949074074074076 0.06535947712418301 0.08564814814814815