0 0.06876790830945559 0.5680628272251309 0.05730659025787966 0.07853403141361257
0 0.04154727793696275 0.6570680628272252 0.04297994269340974 0.07329842931937172
0 0.3359598853868195 0.21465968586387435 0.06160458452722063 0.09424083769633508
0 0.40974212034383956 0.5523560209424084 0.06876790830945559 0.08900523560209424
0 0.4777936962750716 0.6819371727748691 0.04154727793696275 0.08115183246073299
0 0.4871060171919771 0.774869109947644 0.0659025787965616 0.1099476439790576
0 0.660458452722063 0.8821989528795812 0.05730659025787966 0.10471204188481675
0 0.7191977077363897 0.7382198952879581 0.05730659025787966 0.09424083769633508
0 0.8166189111747851 0.5458115183246073 0.04871060171919771 0.0968586387434555
1 0.12607449856733524 0.3010471204188482 0.06303724928366762 0.09947643979057591
1 0.12607449856733524 0.7879581151832461 0.05730659025787966 0.08376963350785341
1 0.2034383954154728 0.4738219895287958 0.0659025787965616 0.08900523560209424
1 0.3825214899713467 0.23167539267015708 0.05157593123209169 0.10209424083769633
1 0.6454154727793696 0.5287958115183246 0.055873925501432664 0.09947643979057591
1 0.7492836676217765 0.32329842931937175 0.05730659025787966 0.10732984293193717
1 0.8438395415472779 0.7015706806282722 0.045845272206303724 0.1099476439790576
1 0.4871060171919771 0.8952879581151832 0.054441260744985676 0.09947643979057591
1 0.6181948424068768 0.8350785340314136 0.06446991404011461 0.10471204188481675