0 0.09527220630372493 0.49345549738219896 0.06446991404011461 0.08638743455497382
0 0.027220630372492838 0.7984293193717278 0.05157593123209169 0.07853403141361257
0 0.40974212034383956 0.9384816753926701 0.0659025787965616 0.10209424083769633
0 0.24068767908309455 0.2591623036649215 0.045845272206303724 0.07329842931937172
0 0.6561604584527221 0.1518324607329843 0.045845272206303724 0.06806282722513089
0 0.6876790830945558 0.225130890052356 0.04871060171919771 0.09424083769633508
0 0.6640401146131805 0.856020942408377 0.06160458452722063 0.08376963350785341
0 0.6934097421203438 0.887434554973822 0.054441260744985676 0.09424083769633508
0 0.6418338108882522 0.8795811518324608 0.06017191977077364 0.09947643979057591
1 0.8724928366762178 0.8154450261780105 0.05730659025787966 0.112565445026178
1 0.7084527220630372 0.56282722513089 0.055873925501432664 0.07329842931937172
1 0.83810888252149 0.2395287958115183 0.06017191977077364 0.0968586387434555
1 0.5293696275071633 0.31151832460732987 0.04727793696275072 0.09947643979057591
1 0.3517191977077364 0.2696335078534031 0.04727793696275072 0.09947643979057591
1 0.12535816618911175 0.2356020942408377 0.06160458452722063 0.07853403141361257
1 0.1819484240687679 0.8900523560209425 0.054441260744985676 0.07329842931937172
1 0.2349570200573066 0.8102094240837696 0.05730659025787966 0.0968586387434555
1 0.4892550143266476 0.9136125654450262 0.05300859598853868 0.09947643979057591