0 0.45971223021582736 0.3469656992084433 0.05611510791366906 0.07651715039577836
0 0.7050359712230215 0.32849604221635886 0.05467625899280575 0.08179419525065963
0 0.6179856115107913 0.6411609498680739 0.050359712230215826 0.11081794195250659
0 0.8251798561151079 0.6530343007915568 0.0618705035971223 0.06596306068601583
0 0.841726618705036 0.5052770448548812 0.04892086330935252 0.06068601583113457
0 0.5640287769784172 0.07783641160949868 0.05755395683453238 0.08179419525065963
0 0.7503597122302158 0.33641160949868076 0.050359712230215826 0.0870712401055409
0 0.7280575539568346 0.4050131926121372 0.05755395683453238 0.0712401055408971
1 0.2733812949640288 0.4261213720316623 0.04316546762589928 0.08179419525065963
1 0.4985611510791367 0.15303430079155672 0.04748201438848921 0.09498680738786279
1 0.7971223021582734 0.12005277044854881 0.05467625899280575 0.08179419525065963
1 0.8935251798561151 0.15567282321899736 0.0460431654676259 0.09498680738786279
1 0.8812949640287769 0.25857519788918204 0.07338129496402877 0.07387862796833773
1 0.7143884892086331 0.6635883905013192 0.05611510791366906 0.0712401055408971
1 0.7827338129496403 0.43271767810026385 0.05467625899280575 0.06860158311345646
1 0.4589928057553957 0.5804749340369393 0.0460431654676259 0.08970976253298153