0 0.6023809523809524 0.2676056338028169 0.05873015873015873 0.09014084507042254
0 0.5484126984126985 0.2549295774647887 0.05555555555555555 0.08732394366197183
0 0.5341269841269841 0.5521126760563381 0.05238095238095238 0.09014084507042254
0 0.43412698412698414 0.8492957746478873 0.06825396825396825 0.10422535211267606
0 0.09126984126984126 0.7323943661971831 0.05873015873015873 0.07323943661971831
0 0.08888888888888889 0.6591549295774648 0.06349206349206349 0.10140845070422536
0 0.31825396825396823 0.21267605633802816 0.05555555555555555 0.08169014084507042
0 0.1380952380952381 0.5126760563380282 0.050793650793650794 0.09577464788732394
1 0.13968253968253969 0.36619718309859156 0.06349206349206349 0.07887323943661972
1 0.16587301587301587 0.2295774647887324 0.05238095238095238 0.07605633802816901
1 0.39206349206349206 0.2140845070422535 0.05396825396825397 0.07887323943661972
1 0.5873015873015873 0.07042253521126761 0.04126984126984127 0.0676056338028169
1 0.7174603174603175 0.5309859154929577 0.06349206349206349 0.09859154929577464
1 0.26904761904761904 0.6661971830985915 0.05873015873015873 0.08169014084507042
1 0.25555555555555554 0.7943661971830986 0.06349206349206349 0.09577464788732394
1 0.2761904761904762 0.532394366197183 0.05396825396825397 0.10140845070422536