0 0.33650793650793653 0.18732394366197183 0.050793650793650794 0.09859154929577464
0 0.5285714285714286 0.21549295774647886 0.05396825396825397 0.08169014084507042
0 0.4246031746031746 0.3436619718309859 0.05873015873015873 0.09014084507042254
0 0.0992063492063492 0.7281690140845071 0.05873015873015873 0.07042253521126761
0 0.15873015873015872 0.4309859154929577 0.050793650793650794 0.07887323943661972
0 0.2984126984126984 0.2830985915492958 0.05714285714285714 0.07042253521126761
0 0.42142857142857143 0.6225352112676056 0.06507936507936508 0.10704225352112676
0 0.36507936507936506 0.7014084507042253 0.050793650793650794 0.07887323943661972
0 0.40634920634920635 0.8338028169014085 0.06984126984126984 0.10140845070422536
1 0.19444444444444445 0.20985915492957746 0.046031746031746035 0.0647887323943662
1 0.1595238095238095 0.26901408450704223 0.049206349206349205 0.059154929577464786
1 0.16746031746031745 0.47183098591549294 0.05555555555555555 0.059154929577464786
1 0.19444444444444445 0.5605633802816902 0.04285714285714286 0.08450704225352113
1 0.1873015873015873 0.7535211267605634 0.0380952380952381 0.09295774647887324
1 0.2492063492063492 0.4788732394366197 0.0380952380952381 0.09577464788732394
1 0.4111111111111111 0.447887323943662 0.06031746031746032 0.09577464788732394
1 0.276984126984127 0.2887323943661972 0.03650793650793651 0.07605633802816901
1 0.3738095238095238 0.223943661971831 0.03968253968253968 0.07042253521126761