0 0.08954154727793696 0.5 0.055873925501432664 0.09424083769633508
0 0.04011461318051576 0.6282722513089005 0.0659025787965616 0.08900523560209424
0 0.3216332378223496 0.56282722513089 0.05300859598853868 0.09424083769633508
0 0.34742120343839544 0.6557591623036649 0.06446991404011461 0.0968586387434555
0 0.1991404011461318 0.2617801047120419 0.05157593123209169 0.08376963350785341
0 0.9054441260744985 0.2604712041884817 0.05730659025787966 0.0968586387434555
0 0.8202005730659025 0.9332460732984293 0.06160458452722063 0.07591623036649214
0 0.7177650429799427 0.893979057591623 0.05730659025787966 0.09162303664921466
0 0.4863896848137536 0.9136125654450262 0.05873925501432665 0.1099476439790576
1 0.1504297994269341 0.43717277486910994 0.054441260744985676 0.10471204188481675
1 0.1361031518624642 0.2513089005235602 0.05730659025787966 0.08376963350785341
1 0.07020057306590258 0.7892670157068062 0.07163323782234957 0.07068062827225131
1 0.33882521489971346 0.28403141361256545 0.044412607449856735 0.10732984293193717
1 0.40902578796561606 0.35340314136125656 0.055873925501432664 0.09947643979057591
1 0.32449856733524357 0.8821989528795812 0.06446991404011461 0.07853403141361257
1 0.5436962750716332 0.9031413612565445 0.06160458452722063 0.09947643979057591
1 0.8438395415472779 0.7342931937172775 0.06303724928366762 0.08115183246073299
1 0.7729226361031518 0.08638743455497382 0.055873925501432664 0.08900523560209424