0 0.5875816993464053 0.3414351851851852 0.050980392156862744 0.0763888888888889
0 0.8803921568627451 0.6319444444444444 0.040522875816993466 0.07407407407407407
0 0.8163398692810457 0.7997685185185185 0.048366013071895426 0.0763888888888889
0 0.1803921568627451 0.8032407407407407 0.0392156862745098 0.06944444444444445
0 0.1869281045751634 0.7141203703703703 0.044444444444444446 0.08564814814814815
0 0.1954248366013072 0.5879629629629629 0.040522875816993466 0.07407407407407407
0 0.3810457516339869 0.5358796296296297 0.05359477124183006 0.0763888888888889
0 0.23006535947712417 0.44212962962962965 0.044444444444444446 0.06944444444444445
0 0.2196078431372549 0.3761574074074074 0.04183006535947712 0.06712962962962964
1 0.36993464052287583 0.35532407407407407 0.036601307189542485 0.06712962962962964
1 0.42287581699346405 0.37037037037037035 0.03529411764705882 0.06944444444444445
1 0.3790849673202614 0.44560185185185186 0.0392156862745098 0.07175925925925926
1 0.2169934640522876 0.5185185185185185 0.04183006535947712 0.06481481481481481
1 0.34509803921568627 0.6203703703703703 0.044444444444444446 0.07407407407407407
1 0.36405228758169933 0.7291666666666666 0.050980392156862744 0.0787037037037037
1 0.3457516339869281 0.8506944444444444 0.0457516339869281 0.08101851851851852
1 0.6013071895424836 0.8310185185185185 0.054901960784313725 0.08796296296296297
1 0.6934640522875817 0.6666666666666666 0.040522875816993466 0.0787037037037037