0 0.5732026143790849 0.3275462962962963 0.048366013071895426 0.07175925925925926
0 0.807843137254902 0.6921296296296297 0.05228758169934641 0.07407407407407407
0 0.75359477124183 0.8217592592592593 0.05359477124183006 0.08796296296296297
0 0.707843137254902 0.8090277777777778 0.05620915032679739 0.08564814814814815
0 0.1784313725490196 0.8217592592592593 0.03790849673202614 0.06481481481481481
0 0.2045751633986928 0.7546296296296297 0.050980392156862744 0.07407407407407407
0 0.30392156862745096 0.5069444444444444 0.050980392156862744 0.07407407407407407
0 0.22549019607843138 0.4583333333333333 0.050980392156862744 0.06944444444444445
0 0.234640522875817 0.37962962962962965 0.043137254901960784 0.08333333333333333
1 0.4222222222222222 0.36921296296296297 0.04183006535947712 0.08101851851851852
1 0.3660130718954248 0.3576388888888889 0.0392156862745098 0.07175925925925926
1 0.37516339869281046 0.4652777777777778 0.05228758169934641 0.07407407407407407
1 0.18104575163398692 0.6435185185185185 0.043137254901960784 0.06944444444444445
1 0.3300653594771242 0.5659722222222222 0.0457516339869281 0.08564814814814815
1 0.33986928104575165 0.8402777777777778 0.06013071895424837 0.08796296296296297
1 0.5045751633986928 0.8472222222222222 0.06274509803921569 0.09259259259259259
1 0.9091503267973856 0.75 0.048366013071895426 0.09259259259259259
1 0.8627450980392157 0.4652777777777778 0.054901960784313725 0.0787037037037037