0 0.08492063492063492 0.7028169014084507 0.05873015873015873 0.0647887323943662
0 0.1976190476190476 0.7464788732394366 0.07142857142857142 0.0676056338028169
0 0.2619047619047619 0.7901408450704225 0.06984126984126984 0.10422535211267606
0 0.4785714285714286 0.3845070422535211 0.06507936507936508 0.09859154929577464
0 0.3611111111111111 0.20422535211267606 0.046031746031746035 0.08169014084507042
0 0.31507936507936507 0.24507042253521127 0.05238095238095238 0.09577464788732394
0 0.2642857142857143 0.4887323943661972 0.06190476190476191 0.10985915492957747
1 0.13015873015873017 0.4422535211267606 0.06031746031746032 0.061971830985915494
1 0.17777777777777778 0.5154929577464789 0.06349206349206349 0.09014084507042254
1 0.46111111111111114 0.8140845070422535 0.06825396825396825 0.11267605633802817
1 0.32063492063492066 0.4295774647887324 0.06666666666666667 0.09295774647887324
1 0.16746031746031745 0.3112676056338028 0.06825396825396825 0.07605633802816901
1 0.17142857142857143 0.2140845070422535 0.05714285714285714 0.07887323943661972
1 0.5158730158730159 0.23661971830985915 0.050793650793650794 0.11267605633802817