0 0.08095238095238096 0.6295774647887324 0.05714285714285714 0.10422535211267606
0 0.09365079365079365 0.7084507042253522 0.07301587301587302 0.09295774647887324
0 0.31666666666666665 0.20422535211267606 0.05238095238095238 0.09295774647887324
0 0.55 0.24788732394366197 0.049206349206349205 0.09014084507042254
0 0.6158730158730159 0.2633802816901408 0.05396825396825397 0.08732394366197183
0 0.6349206349206349 0.3647887323943662 0.06349206349206349 0.08169014084507042
0 0.5563492063492064 0.8352112676056338 0.06507936507936508 0.10422535211267606
0 0.8380952380952381 0.895774647887324 0.07301587301587302 0.11830985915492957
1 0.25952380952380955 0.7901408450704225 0.06507936507936508 0.08732394366197183
1 0.1357142857142857 0.39154929577464787 0.05238095238095238 0.09014084507042254
1 0.1761904761904762 0.2211267605633803 0.05714285714285714 0.07605633802816901
1 0.40634920634920635 0.2295774647887324 0.06031746031746032 0.09295774647887324
1 0.5865079365079365 0.0647887323943662 0.046031746031746035 0.07323943661971831
1 0.723015873015873 0.5957746478873239 0.05555555555555555 0.08169014084507042
1 0.8412698412698413 0.5690140845070423 0.07301587301587302 0.10140845070422536
1 0.3515873015873016 0.7943661971830986 0.05873015873015873 0.10140845070422536