0 0.10816618911174786 0.412303664921466 0.04154727793696275 0.07591623036649214
0 0.22994269340974213 0.3795811518324607 0.05873925501432665 0.08376963350785341
0 0.36174785100286533 0.587696335078534 0.050143266475644696 0.08638743455497382
0 0.39255014326647564 0.6780104712041884 0.054441260744985676 0.08376963350785341
0 0.41189111747851004 0.8691099476439791 0.050143266475644696 0.08376963350785341
0 0.43982808022922637 0.9227748691099477 0.05157593123209169 0.09162303664921466
0 0.2808022922636103 0.2617801047120419 0.05157593123209169 0.08900523560209424
0 0.6196275071633238 0.43848167539267013 0.05873925501432665 0.08638743455497382
1 0.2349570200573066 0.2591623036649215 0.045845272206303724 0.08900523560209424
1 0.4326647564469914 0.29712041884816753 0.04297994269340974 0.09162303664921466
1 0.576647564469914 0.19895287958115182 0.044412607449856735 0.06806282722513089
1 0.18839541547277938 0.5589005235602095 0.04727793696275072 0.08115183246073299
1 0.10386819484240688 0.5641361256544503 0.050143266475644696 0.06544502617801047
1 0.23065902578796563 0.7892670157068062 0.054441260744985676 0.060209424083769635
1 0.24785100286532952 0.8717277486910995 0.05157593123209169 0.07329842931937172
1 0.5981375358166189 0.7774869109947644 0.05873925501432665 0.09424083769633508