0 0.23137254901960785 0.3472222222222222 0.044444444444444446 0.07407407407407407
0 0.5666666666666667 0.31828703703703703 0.048366013071895426 0.08564814814814815
0 0.6673202614379085 0.1736111111111111 0.043137254901960784 0.06481481481481481
0 0.822875816993464 0.7881944444444444 0.05620915032679739 0.11342592592592593
0 0.17320261437908496 0.8287037037037037 0.03790849673202614 0.06944444444444445
1 0.24901960784313726 0.6168981481481481 0.048366013071895426 0.09027777777777778
1 0.35228758169934643 0.8425925925925926 0.050980392156862744 0.09259259259259259
1 0.5869281045751634 0.8148148148148148 0.054901960784313725 0.10648148148148148
1 0.4215686274509804 0.35185185185185186 0.043137254901960784 0.09259259259259259
1 0.3633986928104575 0.35648148148148145 0.04183006535947712 0.06944444444444445
1 0.8300653594771242 0.1736111111111111 0.04183006535947712 0.08333333333333333
1 0.5830065359477125 0.19212962962962962 0.036601307189542485 0.0787037037037037
1 0.9222222222222223 0.7488425925925926 0.040522875816993466 0.08101851851851852