0 0.18496732026143792 0.8263888888888888 0.05620915032679739 0.07407407407407407
0 0.5699346405228758 0.3402777777777778 0.04967320261437908 0.06944444444444445
0 0.8045751633986928 0.8530092592592593 0.0457516339869281 0.09490740740740741
0 0.8562091503267973 0.7766203703703703 0.06274509803921569 0.09490740740740741
0 0.9261437908496732 0.7997685185185185 0.06928104575163399 0.07175925925925926
0 0.8751633986928105 0.6875 0.05359477124183006 0.08796296296296297
1 0.3535947712418301 0.8530092592592593 0.048366013071895426 0.07175925925925926
1 0.2522875816993464 0.6388888888888888 0.047058823529411764 0.07407407407407407
1 0.42483660130718953 0.3576388888888889 0.036601307189542485 0.06712962962962964
1 0.5712418300653594 0.19675925925925927 0.03137254901960784 0.0787037037037037
1 0.8281045751633986 0.3958333333333333 0.06405228758169934 0.09259259259259259
1 0.9013071895424837 0.5138888888888888 0.05359477124183006 0.07407407407407407
1 0.5607843137254902 0.8310185185185185 0.047058823529411764 0.10648148148148148