0 0.11604584527220631 0.32329842931937175 0.05730659025787966 0.08638743455497382
0 0.07879656160458452 0.8390052356020943 0.05157593123209169 0.08115183246073299
0 0.36103151862464183 0.7159685863874345 0.05730659025787966 0.08115183246073299
0 0.4154727793696275 0.8861256544502618 0.05730659025787966 0.08115183246073299
0 0.46060171919770776 0.29842931937172773 0.044412607449856735 0.08900523560209424
0 0.4792263610315186 0.3782722513089005 0.06446991404011461 0.09162303664921466
0 0.23710601719197708 0.3612565445026178 0.05873925501432665 0.08900523560209424
0 0.5393982808022922 0.900523560209424 0.05873925501432665 0.10471204188481675
1 0.7285100286532952 0.8992146596858639 0.050143266475644696 0.10209424083769633
1 0.6067335243553008 0.23167539267015708 0.050143266475644696 0.08115183246073299
1 0.2979942693409742 0.28664921465968585 0.04297994269340974 0.07591623036649214
1 0.25644699140401145 0.2696335078534031 0.05157593123209169 0.07853403141361257
1 0.16189111747851004 0.599476439790576 0.06017191977077364 0.07853403141361257
1 0.07163323782234957 0.6086387434554974 0.06303724928366762 0.08638743455497382
1 0.1998567335243553 0.75 0.050143266475644696 0.07591623036649214
1 0.25787965616045844 0.8363874345549738 0.04871060171919771 0.07591623036649214