0 0.20793650793650795 0.7338028169014085 0.05396825396825397 0.0647887323943662
0 0.25793650793650796 0.7746478873239436 0.05555555555555555 0.09014084507042254
0 0.1523809523809524 0.7591549295774648 0.05714285714285714 0.08732394366197183
0 0.08095238095238096 0.7140845070422536 0.05714285714285714 0.09295774647887324
0 0.31587301587301586 0.21971830985915494 0.050793650793650794 0.09014084507042254
0 0.5611111111111111 0.223943661971831 0.05238095238095238 0.08169014084507042
0 0.6492063492063492 0.11408450704225352 0.06031746031746032 0.07605633802816901
1 0.6968253968253968 0.035211267605633804 0.050793650793650794 0.0647887323943662
1 0.6706349206349206 0.31690140845070425 0.06190476190476191 0.10422535211267606
1 0.41825396825396827 0.23380281690140844 0.06190476190476191 0.10140845070422536
1 0.16587301587301587 0.2295774647887324 0.049206349206349205 0.08169014084507042
1 0.1253968253968254 0.4169014084507042 0.050793650793650794 0.07323943661971831
1 0.16984126984126985 0.46619718309859154 0.05396825396825397 0.08732394366197183
1 0.25317460317460316 0.4253521126760563 0.07142857142857142 0.08450704225352113
1 0.4634920634920635 0.8366197183098592 0.06349206349206349 0.08450704225352113