0 0.2830065359477124 0.3726851851851852 0.05359477124183006 0.06944444444444445
0 0.1895424836601307 0.5347222222222222 0.054901960784313725 0.06481481481481481
0 0.40261437908496733 0.8819444444444444 0.06797385620915032 0.05092592592592592
0 0.18169934640522875 0.7326388888888888 0.04967320261437908 0.04861111111111111
0 0.7359477124183007 0.8298611111111112 0.036601307189542485 0.06712962962962964
0 0.665359477124183 0.6979166666666666 0.054901960784313725 0.07175925925925926
0 0.8699346405228758 0.7974537037037037 0.043137254901960784 0.08101851851851852
0 0.9339869281045752 0.6990740740740741 0.03790849673202614 0.0787037037037037
1 0.4418300653594771 0.3576388888888889 0.0392156862745098 0.08101851851851852
1 0.18562091503267975 0.32060185185185186 0.054901960784313725 0.05324074074074074
1 0.28627450980392155 0.6365740740740741 0.06013071895424837 0.06944444444444445
1 0.5294117647058824 0.8541666666666666 0.044444444444444446 0.10648148148148148
1 0.8032679738562092 0.4722222222222222 0.050980392156862744 0.0787037037037037
1 0.7941176470588235 0.6307870370370371 0.043137254901960784 0.08564814814814815
1 0.7169934640522876 0.7280092592592593 0.03790849673202614 0.09027777777777778