0 0.12861271676300579 0.3704188481675393 0.046242774566473986 0.060209424083769635
0 0.12789017341040462 0.4489528795811518 0.0476878612716763 0.0549738219895288
0 0.1546242774566474 0.6151832460732984 0.049132947976878616 0.06282722513089005
0 0.12427745664739884 0.731675392670157 0.057803468208092484 0.0549738219895288
0 0.1315028901734104 0.5301047120418848 0.05202312138728324 0.07068062827225131
0 0.4270231213872832 0.5549738219895288 0.06791907514450866 0.07853403141361257
0 0.48916184971098264 0.6151832460732984 0.059248554913294796 0.08376963350785341
0 0.5426300578034682 0.6714659685863874 0.059248554913294796 0.09162303664921466
0 0.32875722543352603 0.8167539267015707 0.0476878612716763 0.07853403141361257
1 0.27890173410404623 0.35471204188481675 0.04335260115606936 0.09162303664921466
1 0.24783236994219654 0.4005235602094241 0.044797687861271675 0.08376963350785341
1 0.29624277456647397 0.506544502617801 0.049132947976878616 0.09162303664921466
1 0.2897398843930636 0.6178010471204188 0.05057803468208093 0.07329842931937172
1 0.3836705202312139 0.8141361256544503 0.05635838150289017 0.05759162303664921
1 0.44653179190751446 0.8769633507853403 0.05491329479768786 0.06806282722513089
1 0.46604046242774566 0.9515706806282722 0.059248554913294796 0.08115183246073299
1 0.583092485549133 0.9201570680628273 0.06213872832369942 0.07068062827225131
1 0.10260115606936417 0.5484293193717278 0.049132947976878616 0.07068062827225131