0 0.13222543352601157 0.731675392670157 0.05635838150289017 0.07591623036649214
0 0.1495664739884393 0.5392670157068062 0.0476878612716763 0.07853403141361257
0 0.13005780346820808 0.443717277486911 0.049132947976878616 0.06544502617801047
0 0.12644508670520233 0.38089005235602097 0.03901734104046243 0.06544502617801047
0 0.40895953757225434 0.5143979057591623 0.057803468208092484 0.0968586387434555
0 0.47109826589595377 0.5392670157068062 0.06069364161849711 0.09424083769633508
0 0.6286127167630058 0.6518324607329843 0.046242774566473986 0.1099476439790576
0 0.5404624277456648 0.9345549738219895 0.057803468208092484 0.07329842931937172
0 0.34971098265895956 0.9162303664921466 0.057803468208092484 0.07329842931937172
0 0.33309248554913296 0.8167539267015707 0.059248554913294796 0.08900523560209424
1 0.625 0.9162303664921466 0.06502890173410404 0.08376963350785341
1 0.5679190751445087 0.6845549738219895 0.06647398843930635 0.08115183246073299
1 0.5036127167630058 0.8180628272251309 0.06213872832369942 0.06544502617801047
1 0.39234104046242774 0.7931937172774869 0.06502890173410404 0.05759162303664921
1 0.48627167630057805 0.8756544502617801 0.05346820809248555 0.09162303664921466
1 0.49277456647398843 0.9620418848167539 0.046242774566473986 0.06544502617801047
1 0.11560693641618497 0.49214659685863876 0.04046242774566474 0.05759162303664921
1 0.2781791907514451 0.3586387434554974 0.04190751445086705 0.09424083769633508
1 0.2666184971098266 0.450261780104712 0.05057803468208093 0.07853403141361257
1 0.3041907514450867 0.5549738219895288 0.0476878612716763 0.08376963350785341