0 0.1315028901734104 0.38481675392670156 0.05202312138728324 0.07329842931937172
0 0.1365606936416185 0.4463350785340314 0.0476878612716763 0.07068062827225131
0 0.16184971098265896 0.5327225130890052 0.046242774566473986 0.08638743455497382
0 0.11777456647398844 0.7159685863874345 0.05346820809248555 0.08115183246073299
0 0.42052023121387283 0.5366492146596858 0.049132947976878616 0.08900523560209424
0 0.45664739884393063 0.4895287958115183 0.06358381502890173 0.09424083769633508
0 0.46459537572254334 0.5759162303664922 0.06213872832369942 0.08376963350785341
0 0.5729768786127167 0.6858638743455497 0.059248554913294796 0.11518324607329843
0 0.3258670520231214 0.8285340314136126 0.05635838150289017 0.08638743455497382
0 0.3475433526011561 0.9175392670157068 0.06213872832369942 0.08115183246073299
1 0.28034682080924855 0.362565445026178 0.049132947976878616 0.0968586387434555
1 0.2651734104046243 0.45549738219895286 0.0476878612716763 0.07853403141361257
1 0.3041907514450867 0.5589005235602095 0.059248554913294796 0.112565445026178
1 0.11488439306358382 0.5157068062827225 0.04190751445086705 0.06282722513089005
1 0.3945086705202312 0.7879581151832461 0.06358381502890173 0.06282722513089005
1 0.5924855491329479 0.2617801047120419 0.04335260115606936 0.09947643979057591
1 0.5072254335260116 0.8324607329842932 0.057803468208092484 0.06806282722513089
1 0.5794797687861272 0.93717277486911 0.06647398843930635 0.08900523560209424
1 0.5108381502890174 0.9568062827225131 0.03901734104046243 0.08638743455497382
1 0.4920520231213873 0.8795811518324608 0.059248554913294796 0.07329842931937172