0 0.13583815028901733 0.3769633507853403 0.05202312138728324 0.07329842931937172
0 0.2695086705202312 0.49214659685863876 0.06213872832369942 0.07853403141361257
0 0.20303468208092484 0.606020942408377 0.05635838150289017 0.0968586387434555
0 0.4082369942196532 0.6780104712041884 0.05635838150289017 0.09424083769633508
0 0.5332369942196532 0.35732984293193715 0.05491329479768786 0.0968586387434555
0 0.7630057803468208 0.9515706806282722 0.06936416184971098 0.08638743455497382
0 0.5267341040462428 0.17146596858638743 0.033236994219653176 0.07068062827225131
0 0.2333815028901734 0.42539267015706805 0.0476878612716763 0.08638743455497382
1 0.6589595375722543 0.14528795811518325 0.05202312138728324 0.09162303664921466
1 0.5780346820809249 0.9502617801047121 0.05202312138728324 0.08900523560209424
1 0.44653179190751446 0.862565445026178 0.002890173410404624 0.002617801047120419
1 0.37210982658959535 0.3403141361256545 0.044797687861271675 0.06806282722513089
1 0.27601156069364163 0.3494764397905759 0.05491329479768786 0.060209424083769635
1 0.40173410404624277 0.4397905759162304 0.05491329479768786 0.09947643979057591
1 0.12861271676300579 0.4856020942408377 0.049132947976878616 0.08638743455497382
1 0.10621387283236994 0.6243455497382199 0.05346820809248555 0.07591623036649214
1 0.2550578034682081 0.5955497382198953 0.0476878612716763 0.09162303664921466