0 0.1150506512301013 0.3379396984924623 0.05065123010130246 0.08793969849246232
0 0.07452966714905933 0.37814070351758794 0.053545586107091175 0.0678391959798995
0 0.46888567293777134 0.6658291457286433 0.0723589001447178 0.08542713567839195
0 0.8342981186685963 0.2613065326633166 0.059334298118668596 0.11055276381909548
0 0.8154848046309696 0.8316582914572864 0.056439942112879886 0.06532663316582915
0 0.7409551374819102 0.871859296482412 0.049204052098408106 0.09045226130653267
0 0.276410998552822 0.8994974874371859 0.0694645441389291 0.09547738693467336
0 0.08176555716353111 0.8530150753768844 0.04775687409551375 0.0728643216080402
1 0.10926193921852388 0.628140703517588 0.07959479015918958 0.07537688442211055
1 0.29739507959479017 0.3178391959798995 0.056439942112879886 0.12311557788944724
1 0.361794500723589 0.3103015075376884 0.0694645441389291 0.09798994974874371
1 0.6468885672937771 0.30402010050251255 0.06657018813314038 0.08040201005025126
1 0.6722141823444283 0.4434673366834171 0.053545586107091175 0.09296482412060302
1 0.7771345875542692 0.614321608040201 0.07525325615050651 0.0728643216080402
1 0.5412445730824892 0.8178391959798995 0.05788712011577424 0.10804020100502512
1 0.5036179450072359 0.8907035175879398 0.060781476121562955 0.10301507537688442
1 0.20694645441389292 0.8793969849246231 0.05499276410998553 0.10552763819095477