0 0.09696092619392185 0.7399497487437185 0.04341534008683068 0.0728643216080402
0 0.3053545586107091 0.5804020100502513 0.0723589001447178 0.08040201005025126
0 0.15050651230101303 0.6055276381909548 0.060781476121562955 0.08542713567839195
0 0.30463096960926195 0.34045226130653267 0.04775687409551375 0.09296482412060302
0 0.4732272069464544 0.757537688442211 0.0723589001447178 0.11809045226130653
0 0.5412445730824892 0.7374371859296482 0.0694645441389291 0.0829145728643216
0 0.7749638205499276 0.8304020100502513 0.059334298118668596 0.0829145728643216
0 0.11360347322720694 0.8517587939698492 0.04775687409551375 0.08040201005025126
1 0.6816208393632417 0.7562814070351759 0.05499276410998553 0.10050251256281408
1 0.5434153400868307 0.8869346733668342 0.05065123010130246 0.09045226130653267
1 0.3140376266280753 0.7135678391959799 0.04630969609261939 0.12060301507537688
1 0.5094066570188133 0.30904522613065327 0.06657018813314038 0.09045226130653267
1 0.2337192474674385 0.2864321608040201 0.06512301013024602 0.07537688442211055
1 0.0955137481910275 0.40703517587939697 0.05788712011577424 0.05527638190954774
1 0.13965267727930536 0.5226130653266332 0.02170767004341534 0.05527638190954774
1 0.14399421128798842 0.7298994974874372 0.04486251808972504 0.09296482412060302
1 0.31765557163531116 0.878140703517588 0.059334298118668596 0.08793969849246232