0 0.3154848046309696 0.33291457286432163 0.0694645441389291 0.07788944723618091
0 0.1548480463096961 0.6206030150753769 0.05499276410998553 0.10552763819095477
0 0.0918958031837916 0.7286432160804021 0.03907380607814761 0.06030150753768844
0 0.3125904486251809 0.5829145728643216 0.0723589001447178 0.08542713567839195
0 0.48118668596237335 0.6922110552763819 0.056439942112879886 0.09296482412060302
0 0.11577424023154848 0.8454773869346733 0.049204052098408106 0.07788944723618091
0 0.7742402315484804 0.8366834170854272 0.05788712011577424 0.08542713567839195
0 0.5354558610709117 0.7298994974874372 0.05788712011577424 0.11306532663316583
0 0.22575976845151954 0.30778894472361806 0.03473227206946455 0.052763819095477386
1 0.5144717800289436 0.3103015075376884 0.05065123010130246 0.08793969849246232
1 0.3068017366136035 0.7198492462311558 0.04630969609261939 0.11306532663316583
1 0.6816208393632417 0.7613065326633166 0.04630969609261939 0.11557788944723618
1 0.5383502170767004 0.8881909547738693 0.04630969609261939 0.07788944723618091
1 0.3125904486251809 0.8793969849246231 0.05209840810419682 0.09547738693467336
1 0.14399421128798842 0.7273869346733668 0.053545586107091175 0.10301507537688442
1 0.1150506512301013 0.42085427135678394 0.06222865412445731 0.0678391959798995
1 0.2633863965267728 0.3542713567839196 0.0723589001447178 0.10050251256281408
1 0.14905933429811866 0.5339195979899497 0.02894356005788712 0.05778894472361809