0 0.07018813314037627 0.6859296482412061 0.03328509406657019 0.07537688442211055
0 0.3256150506512301 0.7324120603015075 0.05499276410998553 0.08793969849246232
0 0.1150506512301013 0.8467336683417085 0.06512301013024602 0.10552763819095477
0 0.18017366136034732 0.32537688442211055 0.053545586107091175 0.0829145728643216
0 0.19609261939218525 0.49246231155778897 0.041968162083936326 0.09547738693467336
0 0.7221418234442837 0.06407035175879397 0.05788712011577424 0.09296482412060302
0 0.6562952243125905 0.5175879396984925 0.06801736613603473 0.1306532663316583
0 0.8053545586107091 0.7801507537688442 0.07091172214182344 0.10301507537688442
0 0.76410998552822 0.8592964824120602 0.05209840810419682 0.10552763819095477
1 0.39652677279305354 0.41457286432160806 0.049204052098408106 0.12060301507537688
1 0.6063675832127352 0.23241206030150754 0.06657018813314038 0.07788944723618091
1 0.8610709117221418 0.5590452261306532 0.049204052098408106 0.10804020100502512
1 0.8986975397973951 0.6231155778894473 0.08393632416787265 0.10552763819095477
1 0.5340086830680174 0.8655778894472361 0.05209840810419682 0.11809045226130653
1 0.31765557163531116 0.8819095477386935 0.06222865412445731 0.09547738693467336
1 0.12156295224312591 0.6846733668341709 0.060781476121562955 0.0728643216080402
1 0.11360347322720694 0.38190954773869346 0.06222865412445731 0.07035175879396985
1 0.17945007235890015 0.6092964824120602 0.049204052098408106 0.0678391959798995