0 0.5 0.46742209631728043 0.05089820359281437 0.08498583569405099
0 0.49326347305389223 0.546742209631728 0.05239520958083832 0.07932011331444759
0 0.4723053892215569 0.3526912181303116 0.040419161676646706 0.08781869688385269
0 0.218562874251497 0.358356940509915 0.05688622754491018 0.11048158640226628
0 0.17140718562874252 0.34985835694050993 0.04640718562874251 0.06515580736543909
0 0.08308383233532934 0.8654390934844193 0.04940119760479042 0.0708215297450425
0 0.280688622754491 0.8286118980169972 0.04640718562874251 0.0764872521246459
0 0.25898203592814373 0.9107648725212465 0.04790419161676647 0.08781869688385269
0 0.5217065868263473 0.953257790368272 0.04341317365269461 0.0821529745042493
1 0.27320359281437123 0.4447592067988669 0.04341317365269461 0.10198300283286119
1 0.3345808383233533 0.3385269121813031 0.05239520958083832 0.06515580736543909
1 0.3158682634730539 0.4206798866855524 0.041916167664670656 0.0764872521246459
1 0.3046407185628742 0.5056657223796034 0.04640718562874251 0.0821529745042493
1 0.5778443113772455 0.2521246458923513 0.04790419161676647 0.07932011331444759
1 0.7230538922155688 0.9135977337110481 0.05089820359281437 0.11048158640226628
1 0.4842814371257485 0.8314447592067988 0.05239520958083832 0.1048158640226629
1 0.4595808383233533 0.943342776203966 0.04491017964071856 0.10198300283286119
1 0.2282934131736527 0.9008498583569405 0.040419161676646706 0.10198300283286119