0 0.7626628075253257 0.842964824120603 0.0694645441389291 0.09798994974874371
0 0.5455861070911722 0.7902010050251256 0.06367583212735166 0.11809045226130653
0 0.25108538350217074 0.4120603015075377 0.06222865412445731 0.09547738693467336
0 0.3958031837916064 0.7386934673366834 0.0824891461649783 0.09045226130653267
0 0.4507959479015919 0.8203517587939698 0.085383502170767 0.13316582914572864
0 0.10636758321273516 0.835427135678392 0.05065123010130246 0.08793969849246232
0 0.30463096960926195 0.7562814070351759 0.06512301013024602 0.08542713567839195
0 0.18596237337192476 0.3479899497487437 0.056439942112879886 0.07788944723618091
0 0.0824891461649783 0.664572864321608 0.05209840810419682 0.0678391959798995
1 0.1049204052098408 0.35804020100502515 0.056439942112879886 0.0728643216080402
1 0.18162083936324167 0.6419597989949749 0.06512301013024602 0.0728643216080402
1 0.4319826338639653 0.31532663316582915 0.059334298118668596 0.12311557788944724
1 0.36903039073806077 0.39824120603015073 0.0694645441389291 0.09296482412060302
1 0.10998552821997105 0.7236180904522613 0.04630969609261939 0.10552763819095477
1 0.30824891461649784 0.8844221105527639 0.049204052098408106 0.08542713567839195
1 0.36107091172214184 0.9007537688442211 0.053545586107091175 0.0829145728643216
1 0.5926193921852387 0.8957286432160804 0.06801736613603473 0.0678391959798995
1 0.8798842257597684 0.6444723618090452 0.060781476121562955 0.11306532663316583