0 0.20260492040520983 0.7814070351758794 0.06657018813314038 0.07537688442211055
0 0.11215629522431259 0.7613065326633166 0.06512301013024602 0.08542713567839195
0 0.2735166425470333 0.9045226130653267 0.060781476121562955 0.09547738693467336
0 0.3031837916063676 0.8743718592964824 0.059334298118668596 0.09547738693467336
0 0.2995658465991317 0.2989949748743719 0.05499276410998553 0.09547738693467336
0 0.565123010130246 0.30025125628140703 0.056439942112879886 0.07788944723618091
0 0.5564399421128798 0.6859296482412061 0.053545586107091175 0.09045226130653267
0 0.5332850940665702 0.7801507537688442 0.06222865412445731 0.0829145728643216
0 0.7416787264833574 0.8567839195979899 0.03907380607814761 0.08542713567839195
1 0.10926193921852388 0.3391959798994975 0.05065123010130246 0.10050251256281408
1 0.35672937771345875 0.314070351758794 0.053545586107091175 0.10050251256281408
1 0.19681620839363242 0.46984924623115576 0.06657018813314038 0.08542713567839195
1 0.11287988422575977 0.4371859296482412 0.0694645441389291 0.06532663316582915
1 0.07742402315484805 0.8341708542713567 0.053545586107091175 0.07537688442211055
1 0.49421128798842257 0.8555276381909548 0.056439942112879886 0.09798994974874371
1 0.548480463096961 0.8793969849246231 0.04630969609261939 0.11557788944723618
1 0.6924746743849494 0.7814070351758794 0.04775687409551375 0.10552763819095477
1 0.6367583212735166 0.45226130653266333 0.06657018813314038 0.11557788944723618