0 0.11577424023154848 0.30904522613065327 0.049204052098408106 0.08040201005025126
0 0.5209840810419681 0.32663316582914576 0.06367583212735166 0.10050251256281408
0 0.861794500723589 0.3278894472361809 0.07670043415340087 0.09798994974874371
0 0.7604920405209841 0.8467336683417085 0.059334298118668596 0.06030150753768844
0 0.743849493487699 0.878140703517588 0.06367583212735166 0.09296482412060302
0 0.3053545586107091 0.9020100502512562 0.05499276410998553 0.09547738693467336
0 0.4081041968162084 0.7123115577889447 0.002894356005788712 0.002512562814070352
0 0.2930535455861071 0.8517587939698492 0.06512301013024602 0.10050251256281408
0 0.06657018813314038 0.7902010050251256 0.05499276410998553 0.09296482412060302
0 0.09623733719247468 0.3969849246231156 0.06801736613603473 0.07537688442211055
1 0.08683068017366136 0.6633165829145728 0.06657018813314038 0.06532663316582915
1 0.23227206946454415 0.6394472361809045 0.07959479015918958 0.10804020100502512
1 0.10781476121562952 0.8341708542713567 0.06512301013024602 0.09045226130653267
1 0.4913169319826339 0.8919597989949749 0.06801736613603473 0.09045226130653267
1 0.5506512301013025 0.864321608040201 0.06801736613603473 0.09547738693467336
1 0.9587554269175108 0.7185929648241206 0.059334298118668596 0.11557788944723618
1 0.8972503617945007 0.5917085427135679 0.06657018813314038 0.08793969849246232
1 0.3379160636758321 0.29396984924623115 0.07091172214182344 0.09547738693467336
1 0.2785817655571635 0.3341708542713568 0.05065123010130246 0.12562814070351758