0 0.2735166425470333 0.8190954773869347 0.060781476121562955 0.10050251256281408
0 0.0955137481910275 0.46733668341708545 0.05499276410998553 0.09045226130653267
0 0.10781476121562952 0.30904522613065327 0.053545586107091175 0.09045226130653267
0 0.5535455861070911 0.32160804020100503 0.059334298118668596 0.09547738693467336
0 0.5434153400868307 0.5804020100502513 0.04775687409551375 0.11557788944723618
0 0.6649782923299565 0.5037688442211056 0.06801736613603473 0.09798994974874371
0 0.3017366136034732 0.8819095477386935 0.06512301013024602 0.11557788944723618
0 0.7539797395079595 0.8693467336683417 0.05499276410998553 0.08542713567839195
0 0.7532561505065123 0.8228643216080402 0.06512301013024602 0.09296482412060302
1 0.8567293777134588 0.550251256281407 0.05209840810419682 0.10552763819095477
1 0.9109985528219972 0.6256281407035176 0.059334298118668596 0.09547738693467336
1 0.6780028943560058 0.0942211055276382 0.04486251808972504 0.08793969849246232
1 0.30463096960926195 0.621859296482412 0.06512301013024602 0.12311557788944724
1 0.3060781476121563 0.3165829145728643 0.056439942112879886 0.11557788944723618
1 0.09768451519536903 0.7374371859296482 0.06801736613603473 0.07788944723618091
1 0.10130246020260492 0.8190954773869347 0.05209840810419682 0.09045226130653267
1 0.5057887120115774 0.8793969849246231 0.053545586107091175 0.10050251256281408
1 0.5578871201157742 0.9258793969849246 0.059334298118668596 0.12814070351758794