0 0.3203592814371258 0.3611898016997167 0.05089820359281437 0.0821529745042493
0 0.36826347305389223 0.3356940509915014 0.04790419161676647 0.08781869688385269
0 0.10179640718562874 0.6359773371104815 0.05089820359281437 0.08781869688385269
0 0.38023952095808383 0.7776203966005666 0.0658682634730539 0.09348441926345609
0 0.3338323353293413 0.8526912181303116 0.0658682634730539 0.08498583569405099
0 0.2410179640718563 0.9405099150141643 0.05089820359281437 0.0906515580736544
0 0.4595808383233533 0.8895184135977338 0.059880239520958084 0.09631728045325778
0 0.5269461077844312 0.6713881019830028 0.059880239520958084 0.10198300283286119
0 0.531437125748503 0.5934844192634561 0.0748502994011976 0.1048158640226629
1 0.18937125748502995 0.3597733711048159 0.040419161676646706 0.08498583569405099
1 0.156437125748503 0.42776203966005666 0.04341317365269461 0.0679886685552408
1 0.48727544910179643 0.3328611898016997 0.04940119760479042 0.1048158640226629
1 0.6998502994011976 0.5963172804532578 0.04940119760479042 0.09915014164305949
1 0.6549401197604791 0.8810198300283286 0.05538922155688623 0.07932011331444759
1 0.21107784431137724 0.7195467422096318 0.05389221556886228 0.0906515580736544
1 0.1594311377245509 0.8002832861189801 0.05239520958083832 0.0821529745042493
1 0.11826347305389222 0.876770538243626 0.04790419161676647 0.0764872521246459
1 0.3001497005988024 0.9447592067988668 0.05538922155688623 0.0821529745042493