0 0.2995658465991317 0.3015075376884422 0.05499276410998553 0.08542713567839195
0 0.5680173661360347 0.2914572864321608 0.05065123010130246 0.10552763819095477
0 0.8581765557163531 0.7286432160804021 0.060781476121562955 0.07537688442211055
0 0.7503617945007236 0.8592964824120602 0.056439942112879886 0.10050251256281408
0 0.58972503617945 0.7223618090452262 0.059334298118668596 0.09798994974874371
0 0.28437047756874095 0.835427135678392 0.05065123010130246 0.0829145728643216
0 0.2894356005788712 0.9057788944723618 0.06367583212735166 0.08793969849246232
0 0.18451519536903038 0.7939698492462312 0.06512301013024602 0.08542713567839195
0 0.10564399421128799 0.7600502512562815 0.060781476121562955 0.0678391959798995
1 0.8704775687409552 0.4334170854271357 0.07091172214182344 0.10301507537688442
1 0.361794500723589 0.3128140703517588 0.05788712011577424 0.11809045226130653
1 0.1085383502170767 0.3278894472361809 0.049204052098408106 0.09798994974874371
1 0.10781476121562952 0.43844221105527637 0.07670043415340087 0.10301507537688442
1 0.18885672937771347 0.4635678391959799 0.07670043415340087 0.09296482412060302
1 0.085383502170767 0.8228643216080402 0.04341534008683068 0.10301507537688442
1 0.4934876989869754 0.7613065326633166 0.06657018813314038 0.12562814070351758
1 0.4305354558610709 0.9057788944723618 0.059334298118668596 0.08793969849246232
1 0.5593342981186686 0.8881909547738693 0.05065123010130246 0.10804020100502512