0 0.10709117221418235 0.2989949748743719 0.06657018813314038 0.07537688442211055
0 0.085383502170767 0.4648241206030151 0.05499276410998553 0.08542713567839195
0 0.09768451519536903 0.8128140703517588 0.053545586107091175 0.0678391959798995
0 0.41389290882778584 0.8316582914572864 0.060781476121562955 0.09547738693467336
0 0.723589001447178 0.6972361809045227 0.05499276410998553 0.09296482412060302
0 0.788712011577424 0.7889447236180904 0.060781476121562955 0.10050251256281408
0 0.7742402315484804 0.6381909547738693 0.06367583212735166 0.09045226130653267
0 0.47901591895803186 0.5238693467336684 0.06657018813314038 0.13819095477386933
0 0.44934876989869754 0.2613065326633166 0.05065123010130246 0.10552763819095477
1 0.5643994211287988 0.2952261306532663 0.060781476121562955 0.07788944723618091
1 0.7178002894356006 0.3555276381909548 0.06657018813314038 0.08793969849246232
1 0.8972503617945007 0.6206030150753769 0.049204052098408106 0.11557788944723618
1 0.532561505065123 0.8806532663316583 0.04630969609261939 0.10804020100502512
1 0.19536903039073805 0.8793969849246231 0.04052098408104197 0.08040201005025126
1 0.27206946454413894 0.7487437185929648 0.05209840810419682 0.10050251256281408
1 0.09406657018813314 0.7361809045226131 0.06367583212735166 0.05527638190954774
1 0.2402315484804631 0.4057788944723618 0.05499276410998553 0.10301507537688442
1 0.2793053545586107 0.2914572864321608 0.060781476121562955 0.07035175879396985