0 0.2058383233532934 0.4093484419263456 0.061377245508982034 0.1048158640226629
0 0.7462574850299402 0.8385269121813032 0.07335329341317365 0.11331444759206799
0 0.4940119760479042 0.4475920679886686 0.04790419161676647 0.08498583569405099
0 0.45583832335329344 0.3838526912181303 0.05538922155688623 0.1048158640226629
0 0.18787425149700598 0.556657223796034 0.05538922155688623 0.09915014164305949
0 0.24925149700598803 0.7521246458923513 0.05239520958083832 0.0764872521246459
0 0.2874251497005988 0.8456090651558074 0.05688622754491018 0.1048158640226629
0 0.2994011976047904 0.9419263456090652 0.04790419161676647 0.1048158640226629
0 0.08982035928143713 0.8427762039660056 0.04790419161676647 0.08781869688385269
1 0.3398203592814371 0.3314447592067989 0.04491017964071856 0.0679886685552408
1 0.3083832335329341 0.4348441926345609 0.041916167664670656 0.0764872521246459
1 0.594311377245509 0.2776203966005666 0.04790419161676647 0.09631728045325778
1 0.6145209580838323 0.5651558073654391 0.058383233532934134 0.09348441926345609
1 0.4745508982035928 0.8201133144475921 0.0688622754491018 0.1048158640226629
1 0.49850299401197606 0.9376770538243626 0.059880239520958084 0.10764872521246459
1 0.24176646706586827 0.8980169971671388 0.05538922155688623 0.10764872521246459
1 0.11002994011976049 0.7577903682719547 0.04940119760479042 0.0764872521246459
1 0.08907185628742514 0.6770538243626062 0.04940119760479042 0.07932011331444759