0 0.0824891461649783 0.29020100502512564 0.06657018813314038 0.08793969849246232
0 0.0824891461649783 0.46984924623115576 0.05788712011577424 0.1306532663316583
0 0.2778581765557164 0.8819095477386935 0.049204052098408106 0.10050251256281408
0 0.3118668596237337 0.8819095477386935 0.06512301013024602 0.10552763819095477
0 0.5412445730824892 0.44974874371859297 0.05499276410998553 0.10552763819095477
0 0.5340086830680174 0.3203517587939699 0.05499276410998553 0.11809045226130653
0 0.17004341534008682 0.5741206030150754 0.07380607814761216 0.11306532663316583
0 0.7301013024602026 0.8417085427135679 0.06512301013024602 0.09547738693467336
0 0.8661360347322721 0.835427135678392 0.085383502170767 0.10804020100502512
1 0.03328509406657019 0.7462311557788944 0.06367583212735166 0.09547738693467336
1 0.12011577424023155 0.5125628140703518 0.07814761215629522 0.08040201005025126
1 0.2981186685962373 0.39949748743718594 0.05209840810419682 0.135678391959799
1 0.32344428364688854 0.3128140703517588 0.05065123010130246 0.10804020100502512
1 0.341534008683068 0.4610552763819096 0.05209840810419682 0.13819095477386933
1 0.09623733719247468 0.8178391959798995 0.04775687409551375 0.10804020100502512
1 0.5238784370477568 0.8706030150753769 0.05788712011577424 0.11306532663316583
1 0.829232995658466 0.6055276381909548 0.06367583212735166 0.09547738693467336
1 0.8972503617945007 0.5992462311557789 0.08104196816208394 0.09798994974874371