0 0.5448625180897251 0.5728643216080402 0.06801736613603473 0.10050251256281408
0 0.6852387843704776 0.30904522613065327 0.07380607814761216 0.08040201005025126
0 0.7590448625180898 0.8015075376884422 0.07091172214182344 0.09547738693467336
0 0.7083936324167872 0.6959798994974874 0.06512301013024602 0.09045226130653267
0 0.35238784370477566 0.7286432160804021 0.0824891461649783 0.09547738693467336
0 0.09913169319826338 0.8278894472361809 0.06801736613603473 0.0728643216080402
0 0.02170767004341534 0.5477386934673367 0.04052098408104197 0.10552763819095477
0 0.05065123010130246 0.44221105527638194 0.04630969609261939 0.10050251256281408
0 0.10781476121562952 0.33040201005025127 0.05065123010130246 0.09296482412060302
1 0.3031837916063676 0.3228643216080402 0.053545586107091175 0.13819095477386933
1 0.622286541244573 0.28266331658291455 0.07525325615050651 0.08793969849246232
1 0.6331403762662807 0.5766331658291457 0.07091172214182344 0.0829145728643216
1 0.5238784370477568 0.8831658291457286 0.05788712011577424 0.10804020100502512
1 0.8907380607814761 0.6180904522613065 0.059334298118668596 0.10552763819095477
1 0.20043415340086831 0.8831658291457286 0.06222865412445731 0.0829145728643216
1 0.2597684515195369 0.7386934673366834 0.07091172214182344 0.11055276381909548
1 0.10274963820549927 0.7462311557788944 0.0723589001447178 0.06532663316582915
1 0.20260492040520983 0.4949748743718593 0.05788712011577424 0.11557788944723618