0 0.32335329341317365 0.37252124645892354 0.04491017964071856 0.09348441926345609
0 0.35179640718562877 0.33994334277620397 0.04491017964071856 0.0906515580736544
0 0.5149700598802395 0.6161473087818697 0.0688622754491018 0.08781869688385269
0 0.4723053892215569 0.7790368271954674 0.05538922155688623 0.09631728045325778
0 0.45583832335329344 0.8937677053824362 0.05538922155688623 0.09348441926345609
0 0.37649700598802394 0.7478753541076487 0.06736526946107785 0.10198300283286119
0 0.32709580838323354 0.8541076487252125 0.06736526946107785 0.0821529745042493
0 0.2522455089820359 0.9376770538243626 0.05538922155688623 0.0906515580736544
0 0.10778443113772455 0.6345609065155807 0.059880239520958084 0.0906515580736544
1 0.18862275449101795 0.3611898016997167 0.041916167664670656 0.059490084985835696
1 0.15868263473053892 0.43201133144475923 0.041916167664670656 0.0708215297450425
1 0.48727544910179643 0.3286118980169972 0.04640718562874251 0.08498583569405099
1 0.7035928143712575 0.5977337110481586 0.04790419161676647 0.10764872521246459
1 0.6287425149700598 0.9291784702549575 0.06287425149700598 0.07932011331444759
1 0.20733532934131738 0.7025495750708215 0.040419161676646706 0.07932011331444759
1 0.1601796407185629 0.7946175637393768 0.04790419161676647 0.0764872521246459
1 0.12050898203592815 0.8810198300283286 0.05538922155688623 0.07932011331444759
1 0.3046407185628742 0.9504249291784702 0.04940119760479042 0.06515580736543909