0 0.08321273516642547 0.742462311557789 0.056439942112879886 0.07788944723618091
0 0.2670043415340087 0.8969849246231156 0.06512301013024602 0.10050251256281408
0 0.2988422575976845 0.8768844221105527 0.053545586107091175 0.09045226130653267
0 0.223589001447178 0.7776381909547738 0.07670043415340087 0.09296482412060302
0 0.3017366136034732 0.314070351758794 0.056439942112879886 0.09547738693467336
0 0.5680173661360347 0.3027638190954774 0.053545586107091175 0.08793969849246232
0 0.5282199710564399 0.6105527638190955 0.0723589001447178 0.08542713567839195
0 0.6693198263386396 0.5841708542713567 0.06222865412445731 0.10804020100502512
0 0.7416787264833574 0.8618090452261307 0.05065123010130246 0.09547738693467336
1 0.1049204052098408 0.32537688442211055 0.04775687409551375 0.07788944723618091
1 0.3581765557163531 0.3178391959798995 0.053545586107091175 0.09296482412060302
1 0.6541244573082489 0.4623115577889447 0.05788712011577424 0.11557788944723618
1 0.6888567293777135 0.8203517587939698 0.05788712011577424 0.06281407035175879
1 0.548480463096961 0.8932160804020101 0.04630969609261939 0.08793969849246232
1 0.5 0.8517587939698492 0.06512301013024602 0.09547738693467336
1 0.07670043415340087 0.8228643216080402 0.04630969609261939 0.07788944723618091
1 0.1309696092619392 0.42839195979899497 0.06222865412445731 0.07788944723618091
1 0.19681620839363242 0.4685929648241206 0.07525325615050651 0.10301507537688442