0 0.18668596237337193 0.7751256281407035 0.06657018813314038 0.08793969849246232
0 0.09623733719247468 0.757537688442211 0.06512301013024602 0.0728643216080402
0 0.2691751085383502 0.8919597989949749 0.05499276410998553 0.09045226130653267
0 0.30752532561505064 0.8655778894472361 0.059334298118668596 0.10804020100502512
0 0.2945007235890014 0.29773869346733667 0.059334298118668596 0.08793969849246232
0 0.5622286541244573 0.32160804020100503 0.06222865412445731 0.09547738693467336
0 0.7431259044862518 0.864321608040201 0.053545586107091175 0.08040201005025126
0 0.7243125904486252 0.7889447236180904 0.04775687409551375 0.09045226130653267
0 0.8596237337192475 0.6670854271356784 0.05209840810419682 0.0728643216080402
1 0.10636758321273516 0.33040201005025127 0.04486251808972504 0.0829145728643216
1 0.1150506512301013 0.44221105527638194 0.07380607814761216 0.07537688442211055
1 0.1939218523878437 0.4547738693467337 0.06657018813314038 0.06532663316582915
1 0.36034732272069464 0.3228643216080402 0.049204052098408106 0.09296482412060302
1 0.5036179450072359 0.8454773869346733 0.049204052098408106 0.11809045226130653
1 0.5499276410998553 0.8693467336683417 0.04630969609261939 0.135678391959799
1 0.0788712011577424 0.8291457286432161 0.04775687409551375 0.08040201005025126
1 0.8719247467438495 0.44597989949748745 0.06801736613603473 0.0829145728643216
1 0.9283646888567294 0.6884422110552764 0.03907380607814761 0.11055276381909548