0 0.10404191616766467 0.6416430594900849 0.05239520958083832 0.08781869688385269
0 0.3241017964071856 0.3640226628895184 0.040419161676646706 0.09348441926345609
0 0.344311377245509 0.3385269121813031 0.04491017964071856 0.09348441926345609
0 0.3847305389221557 0.7960339943342776 0.0688622754491018 0.10198300283286119
0 0.5014970059880239 0.7365439093484419 0.05389221556886228 0.07365439093484419
0 0.4880239520958084 0.6628895184135978 0.04790419161676647 0.07932011331444759
0 0.32709580838323354 0.8583569405099151 0.05239520958083832 0.07932011331444759
0 0.4573353293413174 0.9008498583569405 0.061377245508982034 0.11898016997167139
0 0.25523952095808383 0.943342776203966 0.04640718562874251 0.08498583569405099
1 0.18862275449101795 0.3611898016997167 0.05089820359281437 0.0764872521246459
1 0.48353293413173654 0.3271954674220963 0.05389221556886228 0.09915014164305949
1 0.6504491017964071 0.876770538243626 0.058383233532934134 0.09915014164305949
1 0.2125748502994012 0.7152974504249292 0.041916167664670656 0.0821529745042493
1 0.1631736526946108 0.7889518413597734 0.04491017964071856 0.08781869688385269
1 0.1220059880239521 0.8923512747875354 0.04341317365269461 0.07365439093484419
1 0.15793413173652696 0.4263456090651558 0.04640718562874251 0.0821529745042493
1 0.6923652694610778 0.6671388101983002 0.05239520958083832 0.08781869688385269
1 0.29790419161676646 0.9348441926345609 0.041916167664670656 0.07932011331444759