0 0.15991316931982633 0.5766331658291457 0.059334298118668596 0.0829145728643216
0 0.09261939218523878 0.6042713567839196 0.0723589001447178 0.09798994974874371
0 0.40665701881331406 0.2914572864321608 0.05788712011577424 0.09547738693467336
0 0.14616497829232997 0.271356783919598 0.05499276410998553 0.11055276381909548
0 0.10709117221418235 0.8379396984924623 0.05499276410998553 0.08793969849246232
0 0.5043415340086831 0.9208542713567839 0.06801736613603473 0.11306532663316583
0 0.6316931982633864 0.8957286432160804 0.056439942112879886 0.09296482412060302
0 0.5115774240231549 0.5804020100502513 0.07091172214182344 0.12060301507537688
0 0.7575976845151954 0.8605527638190955 0.06801736613603473 0.0728643216080402
1 0.11649782923299566 0.2851758793969849 0.04775687409551375 0.0829145728643216
1 0.170767004341534 0.34673366834170855 0.06367583212735166 0.08040201005025126
1 0.32850940665701883 0.3844221105527638 0.06657018813314038 0.11055276381909548
1 0.22575976845151954 0.4849246231155779 0.05788712011577424 0.07035175879396985
1 0.2771345875542692 0.8819095477386935 0.059334298118668596 0.08542713567839195
1 0.30752532561505064 0.8391959798994975 0.056439942112879886 0.10050251256281408
1 0.4638205499276411 0.7550251256281407 0.05065123010130246 0.10301507537688442
1 0.658465991316932 0.8090452261306532 0.060781476121562955 0.08542713567839195
1 0.658465991316932 0.628140703517588 0.060781476121562955 0.09547738693467336