0 0.3053545586107091 0.32537688442211055 0.04341534008683068 0.08793969849246232
0 0.25253256150506515 0.33542713567839194 0.056439942112879886 0.09798994974874371
0 0.09985528219971057 0.7474874371859297 0.05499276410998553 0.0678391959798995
0 0.09840810419681621 0.8580402010050251 0.04630969609261939 0.0678391959798995
0 0.2655571635311143 0.5201005025125628 0.059334298118668596 0.08040201005025126
0 0.3219971056439942 0.5238693467336684 0.056439942112879886 0.07788944723618091
0 0.5441389290882779 0.7613065326633166 0.0694645441389291 0.09045226130653267
0 0.7474674384949349 0.864321608040201 0.04486251808972504 0.10552763819095477
0 0.9117221418234442 0.39321608040201006 0.060781476121562955 0.07788944723618091
1 0.5130246020260492 0.30527638190954776 0.056439942112879886 0.08793969849246232
1 0.861794500723589 0.0992462311557789 0.06512301013024602 0.0728643216080402
1 0.5578871201157742 0.885678391959799 0.06222865412445731 0.09296482412060302
1 0.6989869753979739 0.7525125628140703 0.04341534008683068 0.12814070351758794
1 0.31693198263386396 0.8680904522613065 0.0723589001447178 0.0678391959798995
1 0.2901591895803184 0.8831658291457286 0.05065123010130246 0.09296482412060302
1 0.15340086830680175 0.7386934673366834 0.04630969609261939 0.11055276381909548
1 0.0955137481910275 0.4183417085427136 0.05788712011577424 0.0678391959798995
1 0.15340086830680175 0.5942211055276382 0.04341534008683068 0.08793969849246232