0 0.08755426917510854 0.5942211055276382 0.04775687409551375 0.0829145728643216
0 0.15267727930535455 0.5804020100502513 0.053545586107091175 0.08542713567839195
0 0.4073806078147612 0.2751256281407035 0.059334298118668596 0.07788944723618091
0 0.6657018813314037 0.48115577889447236 0.04630969609261939 0.09296482412060302
0 0.7981186685962374 0.8793969849246231 0.085383502170767 0.11557788944723618
0 0.5709117221418234 0.5339195979899497 0.07670043415340087 0.09798994974874371
0 0.44500723589001445 0.6821608040201005 0.06222865412445731 0.09296482412060302
0 0.21201157742402316 0.864321608040201 0.056439942112879886 0.09045226130653267
0 0.0918958031837916 0.8128140703517588 0.056439942112879886 0.08793969849246232
1 0.13314037626628075 0.28391959798994976 0.05788712011577424 0.06030150753768844
1 0.21924746743849494 0.29773869346733667 0.07380607814761216 0.09798994974874371
1 0.22648335745296672 0.4886934673366834 0.053545586107091175 0.09798994974874371
1 0.23733719247467439 0.6884422110552764 0.06657018813314038 0.07537688442211055
1 0.35238784370477566 0.678391959798995 0.06222865412445731 0.10050251256281408
1 0.28798842257597684 0.885678391959799 0.049204052098408106 0.09798994974874371
1 0.6172214182344429 0.8530150753768844 0.085383502170767 0.0829145728643216
1 0.6678726483357453 0.6319095477386935 0.06801736613603473 0.07788944723618091
1 0.47901591895803186 0.38567839195979897 0.05788712011577424 0.12814070351758794