0 0.09406657018813314 0.3655778894472362 0.06367583212735166 0.09296482412060302
0 0.08465991316931983 0.4849246231155779 0.07670043415340087 0.10050251256281408
0 0.455137481910275 0.2650753768844221 0.053545586107091175 0.11306532663316583
0 0.6099855282199711 0.5866834170854272 0.06222865412445731 0.10301507537688442
0 0.7366136034732272 0.7788944723618091 0.060781476121562955 0.10050251256281408
0 0.6816208393632417 0.6482412060301508 0.06367583212735166 0.05527638190954774
0 0.8270622286541245 0.5904522613065326 0.0361794500723589 0.10552763819095477
0 0.4081041968162084 0.8228643216080402 0.05788712011577424 0.10804020100502512
0 0.09768451519536903 0.8140703517587939 0.04775687409551375 0.09547738693467336
1 0.25470332850940663 0.37814070351758794 0.06657018813314038 0.10301507537688442
1 0.2727930535455861 0.2864321608040201 0.053545586107091175 0.06532663316582915
1 0.5824891461649783 0.26884422110552764 0.06801736613603473 0.08542713567839195
1 0.6649782923299565 0.5703517587939698 0.04486251808972504 0.11055276381909548
1 0.8972503617945007 0.6256281407035176 0.05209840810419682 0.11055276381909548
1 0.548480463096961 0.8756281407035176 0.05499276410998553 0.10301507537688442
1 0.19898697539797394 0.8819095477386935 0.059334298118668596 0.08040201005025126
1 0.276410998552822 0.7474874371859297 0.049204052098408106 0.12311557788944724
1 0.09840810419681621 0.7374371859296482 0.07814761215629522 0.06281407035175879