0 0.2105643994211288 0.2952261306532663 0.059334298118668596 0.0728643216080402
0 0.3031837916063676 0.2876884422110553 0.06512301013024602 0.10301507537688442
0 0.8227206946454414 0.09673366834170855 0.06222865412445731 0.07788944723618091
0 0.5419681620839363 0.7788944723618091 0.07670043415340087 0.09547738693467336
0 0.7539797395079595 0.8417085427135679 0.05788712011577424 0.10552763819095477
0 0.11287988422575977 0.8417085427135679 0.04630969609261939 0.09045226130653267
0 0.30824891461649784 0.6306532663316583 0.060781476121562955 0.11055276381909548
0 0.0824891461649783 0.7060301507537688 0.049204052098408106 0.07537688442211055
0 0.4768451519536903 0.41708542713567837 0.06512301013024602 0.10050251256281408
1 0.11143270622286541 0.38190954773869346 0.05209840810419682 0.07537688442211055
1 0.17655571635311143 0.5879396984924623 0.05788712011577424 0.07537688442211055
1 0.5043415340086831 0.30402010050251255 0.059334298118668596 0.11055276381909548
1 0.9276410998552822 0.3027638190954774 0.0694645441389291 0.07788944723618091
1 0.6874095513748191 0.7638190954773869 0.04341534008683068 0.12060301507537688
1 0.5390738060781476 0.8768844221105527 0.06512301013024602 0.11055276381909548
1 0.3125904486251809 0.8731155778894473 0.06367583212735166 0.09798994974874371
1 0.1309696092619392 0.7123115577889447 0.06222865412445731 0.09296482412060302
1 0.36903039073806077 0.714824120603015 0.06367583212735166 0.11809045226130653