0 0.2727930535455861 0.9007537688442211 0.059334298118668596 0.08793969849246232
0 0.3024602026049204 0.8819095477386935 0.06367583212735166 0.10050251256281408
0 0.20260492040520983 0.7776381909547738 0.0694645441389291 0.08793969849246232
0 0.10274963820549927 0.7613065326633166 0.06657018813314038 0.07537688442211055
0 0.2988422575976845 0.30025125628140703 0.05065123010130246 0.0829145728643216
0 0.5622286541244573 0.2814070351758794 0.053545586107091175 0.09045226130653267
0 0.869753979739508 0.35804020100502515 0.05209840810419682 0.09296482412060302
0 0.8972503617945007 0.6733668341708543 0.060781476121562955 0.09547738693467336
0 0.7460202604920405 0.8693467336683417 0.05065123010130246 0.10050251256281408
1 0.10709117221418235 0.3341708542713568 0.05209840810419682 0.09045226130653267
1 0.11360347322720694 0.4434673366834171 0.07670043415340087 0.07788944723618091
1 0.18162083936324167 0.46733668341708545 0.06222865412445731 0.08542713567839195
1 0.0788712011577424 0.8442211055276382 0.05065123010130246 0.07537688442211055
1 0.49782923299565845 0.8530150753768844 0.06367583212735166 0.10301507537688442
1 0.557163531114327 0.8756281407035176 0.04630969609261939 0.11809045226130653
1 0.36107091172214184 0.3178391959798995 0.06222865412445731 0.09296482412060302
1 0.6338639652677279 0.46984924623115576 0.060781476121562955 0.09547738693467336
1 0.9066570188133141 0.4271356783919598 0.0824891461649783 0.08542713567839195