0 0.055716353111432707 0.33040201005025127 0.07091172214182344 0.09296482412060302
0 0.10709117221418235 0.3768844221105528 0.060781476121562955 0.07035175879396985
0 0.2727930535455861 0.8680904522613065 0.059334298118668596 0.09296482412060302
0 0.3183791606367583 0.9007537688442211 0.0694645441389291 0.09296482412060302
0 0.516642547033285 0.3454773869346734 0.060781476121562955 0.10301507537688442
0 0.581041968162084 0.1721105527638191 0.06512301013024602 0.0829145728643216
0 0.6599131693198264 0.6369346733668342 0.0723589001447178 0.12311557788944724
0 0.8892908827785818 0.3065326633165829 0.07959479015918958 0.10050251256281408
1 0.2633863965267728 0.2550251256281407 0.06657018813314038 0.10804020100502512
1 0.3256150506512301 0.32537688442211055 0.0723589001447178 0.09798994974874371
1 0.08104196816208394 0.6293969849246231 0.06367583212735166 0.08793969849246232
1 0.10419681620839363 0.8291457286432161 0.05788712011577424 0.09045226130653267
1 0.5021707670043415 0.8932160804020101 0.060781476121562955 0.10804020100502512
1 0.5687409551374819 0.8743718592964824 0.0694645441389291 0.09547738693467336
1 0.6157742402315485 0.478643216080402 0.07380607814761216 0.0829145728643216
1 0.6555716353111433 0.0728643216080402 0.05788712011577424 0.10050251256281408
1 0.8827785817655571 0.5891959798994975 0.060781476121562955 0.09296482412060302